endBus,lowPlate,plateNo,plateType,remainSeatCnt,routeId,stationId,stationSeq,querytime
0,0,경기76아4649,3,45,233000125,233000191,10,20221023-051548
0,0,경기76아4649,3,45,233000125,233000191,10,20221023-051603
0,0,경기76아4649,3,45,233000125,233000190,11,20221023-051618
0,0,경기76아4649,3,45,233000125,233000190,11,20221023-051633
0,0,경기76아4649,3,45,233000125,233000189,12,20221023-051648
0,0,경기76아4649,3,45,233000125,233000189,12,20221023-051703
0,0,경기76아4649,3,45,233000125,233001943,13,20221023-051718
0,0,경기76아4649,3,45,233000125,233001943,13,20221023-051733
0,0,경기76아4649,3,44,233000125,233001943,13,20221023-051748
0,0,경기76아4649,3,44,233000125,233001943,13,20221023-051807
0,0,경기76아4649,3,44,233000125,233001943,13,20221023-051819
0,0,경기76아4649,3,44,233000125,233001943,13,20221023-051834
0,0,경기76아4649,3,44,233000125,233001943,13,20221023-051849
0,0,경기76아4649,3,44,233000125,233001943,13,20221023-051904
0,0,경기76아4649,3,44,233000125,233001943,13,20221023-051919
0,0,경기76아4649,3,44,233000125,233001943,13,20221023-051934
0,0,경기76아4649,3,44,233000125,233000188,14,20221023-051952
0,0,경기76아4649,3,44,233000125,233000188,14,20221023-052004
0,0,경기76아4649,3,44,233000125,233001318,15,20221023-052018
0,0,경기76아1132,3,49,233000125,233000712,40,20221023-052018
0,0,경기76아4649,3,44,233000125,233001318,15,20221023-052033
0,0,경기76아1132,3,49,233000125,233000712,40,20221023-052033
0,0,경기76아4649,3,44,233000125,233001318,15,20221023-052048
0,0,경기76아1132,3,49,233000125,233000712,40,20221023-052048
0,0,경기76아4649,3,44,233000125,233001318,15,20221023-052103
0,0,경기76아1132,3,49,233000125,233000712,40,20221023-052103
0,0,경기76아4649,3,44,233000125,233001318,15,20221023-052118
0,0,경기76아1132,3,49,233000125,233000712,40,20221023-052118
0,0,경기76아4649,3,44,233000125,233001318,15,20221023-052133
0,0,경기76아1132,3,49,233000125,233000712,40,20221023-052133
0,0,경기76아4649,3,44,233000125,233001318,15,20221023-052148
0,0,경기76아1132,3,49,233000125,233000712,40,20221023-052148
0,0,경기76아4649,3,44,233000125,233001318,15,20221023-052203
0,0,경기76아1132,3,49,233000125,233000712,40,20221023-052203
0,0,경기76아1132,3,49,233000125,233000712,40,20221023-052218
0,0,경기76아4649,3,44,233000125,233001318,15,20221023-052218
0,0,경기76아1132,3,49,233000125,233000712,40,20221023-052233
0,0,경기76아4649,3,44,233000125,233000730,16,20221023-052233
0,0,경기76아1132,3,49,233000125,233000712,40,20221023-052248
0,0,경기76아4649,3,44,233000125,233000730,16,20221023-052248
0,0,경기76아4649,3,44,233000125,233000730,16,20221023-052303
0,0,경기76아1132,3,49,233000125,233000712,40,20221023-052303
0,0,경기76아4649,3,44,233000125,233000730,16,20221023-052318
0,0,경기76아1132,3,49,233000125,277103520,41,20221023-052318
0,0,경기76아4649,3,44,233000125,233000730,16,20221023-052333
0,0,경기76아1132,3,49,233000125,277103520,41,20221023-052333
0,0,경기76아1132,3,49,233000125,277103520,41,20221023-052348
0,0,경기76아4649,3,44,233000125,233000730,16,20221023-052348
0,0,경기76아1132,3,49,233000125,277103520,41,20221023-052403
0,0,경기76아4649,3,44,233000125,233000729,17,20221023-052403
0,0,경기76아1132,3,49,233000125,277103520,41,20221023-052418
0,0,경기76아4649,3,44,233000125,233000729,17,20221023-052418
0,0,경기76아4649,3,44,233000125,233000729,17,20221023-052433
0,0,경기76아1132,3,49,233000125,277103520,41,20221023-052433
0,0,경기76아4649,3,44,233000125,233000729,17,20221023-052448
0,0,경기76아1132,3,49,233000125,277103520,41,20221023-052448
0,0,경기76아1132,3,49,233000125,277103520,41,20221023-052503
0,0,경기76아4649,3,44,233000125,233000729,17,20221023-052503
0,0,경기76아1132,3,49,233000125,277103520,41,20221023-052518
0,0,경기76아4649,3,44,233000125,233000728,18,20221023-052518
0,0,경기76아1132,3,49,233000125,277103520,41,20221023-052533
0,0,경기76아4649,3,44,233000125,233000728,18,20221023-052533
0,0,경기76아4649,3,44,233000125,233000728,18,20221023-052548
0,0,경기76아1132,3,49,233000125,277103528,42,20221023-052548
0,0,경기76아4649,3,44,233000125,233000728,18,20221023-052603
0,0,경기76아1132,3,49,233000125,277103528,42,20221023-052603
0,0,경기76아4649,3,44,233000125,233000728,18,20221023-052618
0,0,경기76아1132,3,49,233000125,277103528,42,20221023-052618
0,0,경기76아4649,3,44,233000125,233000728,18,20221023-052633
0,0,경기76아1132,3,49,233000125,277103528,42,20221023-052633
0,0,경기76아4649,3,44,233000125,233000728,18,20221023-052648
0,0,경기76아1132,3,49,233000125,277103317,43,20221023-052648
0,0,경기76아4649,3,44,233000125,233000728,18,20221023-052703
0,0,경기76아1132,3,49,233000125,277103317,43,20221023-052703
0,0,경기76아1132,3,49,233000125,277103317,43,20221023-052718
0,0,경기76아4649,3,44,233000125,233000728,18,20221023-052718
0,0,경기76아1132,3,49,233000125,277103317,43,20221023-052733
0,0,경기76아4649,3,44,233000125,233001404,19,20221023-052733
0,0,경기76아1132,3,49,233000125,277103317,43,20221023-052748
0,0,경기76아4649,3,44,233000125,233000727,20,20221023-052748
0,0,경기76아1132,3,49,233000125,277103317,43,20221023-052803
0,0,경기76아4649,3,44,233000125,233000727,20,20221023-052803
0,0,경기76아1132,3,49,233000125,277103317,43,20221023-052818
0,0,경기76아4649,3,44,233000125,233000727,20,20221023-052818
0,0,경기76아1132,3,49,233000125,277103317,43,20221023-052833
0,0,경기76아4649,3,44,233000125,233000727,20,20221023-052833
0,0,경기76아4649,3,44,233000125,233000727,20,20221023-052848
0,0,경기76아1132,3,49,233000125,277103317,43,20221023-052848
0,0,경기76아1132,3,49,233000125,277103317,43,20221023-052903
0,0,경기76아4649,3,44,233000125,233000726,21,20221023-052903
0,0,경기76아4649,3,44,233000125,233000726,21,20221023-052918
0,0,경기76아1132,3,49,233000125,277103315,44,20221023-052918
0,0,경기76아4649,3,44,233000125,233000726,21,20221023-052933
0,0,경기76아1132,3,49,233000125,277103315,44,20221023-052933
0,0,경기76아4649,3,44,233000125,233000726,21,20221023-052948
0,0,경기76아1132,3,49,233000125,277103315,44,20221023-052948
0,0,경기76아1132,3,49,233000125,277103315,44,20221023-053005
0,0,경기76아4649,3,44,233000125,233000726,21,20221023-053005
0,0,경기76아1132,3,49,233000125,277103315,44,20221023-053018
0,0,경기76아4649,3,44,233000125,233000726,21,20221023-053018
0,0,경기76아1132,3,49,233000125,277103315,44,20221023-053033
0,0,경기76아4649,3,44,233000125,233000726,21,20221023-053033
0,0,경기76아1132,3,49,233000125,277103315,44,20221023-053048
0,0,경기76아4649,3,44,233000125,233000726,21,20221023-053048
0,0,경기76아1132,3,49,233000125,277103315,44,20221023-053103
0,0,경기76아4649,3,44,233000125,233000726,21,20221023-053103
0,0,경기76아1132,3,49,233000125,277103315,44,20221023-053118
0,0,경기76아4649,3,44,233000125,233000726,21,20221023-053118
0,0,경기76아1132,3,49,233000125,277103315,44,20221023-053133
0,0,경기76아4649,3,44,233000125,233000726,21,20221023-053133
0,0,경기76아1132,3,49,233000125,277103315,44,20221023-053148
0,0,경기76아4649,3,44,233000125,233000726,21,20221023-053148
0,0,경기76아4649,3,44,233000125,233000726,21,20221023-053203
0,0,경기76아1132,3,49,233000125,226000039,45,20221023-053203
0,0,경기76아4649,3,44,233000125,233000726,21,20221023-053218
0,0,경기76아1132,3,49,233000125,226000039,45,20221023-053218
0,0,경기76아4649,3,44,233000125,233002118,23,20221023-053233
0,0,경기76아1132,3,49,233000125,277103221,46,20221023-053233
0,0,경기76아1132,3,49,233000125,277103221,46,20221023-053248
0,0,경기76아4649,3,44,233000125,233002118,23,20221023-053248
0,0,경기76아4649,3,44,233000125,233002118,23,20221023-053303
0,0,경기76아1132,3,49,233000125,277103221,46,20221023-053303
0,0,경기76아1132,3,49,233000125,277103221,46,20221023-053318
0,0,경기76아4649,3,44,233000125,233002118,23,20221023-053318
0,0,경기76아1132,3,49,233000125,277103221,46,20221023-053333
0,0,경기76아4649,3,44,233000125,233000724,24,20221023-053333
0,0,경기76아4649,3,44,233000125,233000724,24,20221023-053348
0,0,경기76아1132,3,49,233000125,277103221,46,20221023-053348
0,0,경기76아1132,3,49,233000125,277103221,46,20221023-053403
0,0,경기76아4649,3,43,233000125,233000724,24,20221023-053403
0,0,경기76아1132,3,49,233000125,277103221,46,20221023-053418
0,0,경기76아4649,3,43,233000125,233000723,25,20221023-053418
0,0,경기76아1132,3,49,233000125,277103221,46,20221023-053433
0,0,경기76아4649,3,43,233000125,233000723,25,20221023-053433
0,0,경기76아1132,3,49,233000125,277103221,46,20221023-053448
0,0,경기76아4649,3,42,233000125,233000723,25,20221023-053448
0,0,경기76아1132,3,49,233000125,277103159,47,20221023-053503
0,0,경기76아4649,3,42,233000125,233000722,26,20221023-053503
0,0,경기76아4649,3,42,233000125,233000722,26,20221023-053518
0,0,경기76아1132,3,49,233000125,277103159,47,20221023-053518
0,0,경기76아4649,3,42,233000125,233000722,26,20221023-053533
0,0,경기76아1132,3,49,233000125,277103159,47,20221023-053533
0,0,경기76아4649,3,42,233000125,233000722,26,20221023-053548
0,0,경기76아1132,3,49,233000125,277103159,47,20221023-053548
0,0,경기76아4649,3,42,233000125,233000722,26,20221023-053603
0,0,경기76아1132,3,49,233000125,277103200,48,20221023-053603
0,0,경기76아1132,3,49,233000125,277103200,48,20221023-053618
0,0,경기76아4649,3,42,233000125,233000721,27,20221023-053618
0,0,경기76아4649,3,42,233000125,233000721,27,20221023-053633
0,0,경기76아1132,3,49,233000125,277103200,48,20221023-053633
0,0,경기76아4649,3,42,233000125,233000721,27,20221023-053648
0,0,경기76아1132,3,49,233000125,277103200,48,20221023-053648
0,0,경기76아4649,3,42,233000125,233000721,27,20221023-053703
0,0,경기76아1132,3,49,233000125,277103200,48,20221023-053703
0,0,경기76아4649,3,42,233000125,233000721,27,20221023-053718
0,0,경기76아1132,3,49,233000125,277103200,48,20221023-053718
0,0,경기76아4649,3,42,233000125,233000721,27,20221023-053733
0,0,경기76아1132,3,49,233000125,277103200,48,20221023-053733
0,0,경기76아4649,3,42,233000125,233000721,27,20221023-053748
0,0,경기76아1132,3,49,233000125,277103200,48,20221023-053748
0,0,경기76아4649,3,42,233000125,233000721,27,20221023-053803
0,0,경기76아1132,3,49,233000125,277103203,49,20221023-053803
0,0,경기76아4649,3,42,233000125,233000721,27,20221023-053818
0,0,경기76아1132,3,49,233000125,277103203,49,20221023-053818
0,0,경기76아4649,3,42,233000125,233000721,27,20221023-053833
0,0,경기76아1132,3,49,233000125,277103203,49,20221023-053833
0,0,경기76아4649,3,42,233000125,233000721,27,20221023-053848
0,0,경기76아1132,3,49,233000125,277103203,49,20221023-053848
0,0,경기76아1132,3,49,233000125,277103203,49,20221023-053903
0,0,경기76아4649,3,42,233000125,233000721,27,20221023-053903
0,0,경기76아1132,3,49,233000125,277103203,49,20221023-053918
0,0,경기76아4649,3,42,233000125,233000721,27,20221023-053918
0,0,경기76아4649,3,42,233000125,233000720,28,20221023-053933
0,0,경기76아1132,3,49,233000125,277103203,49,20221023-053933
0,0,경기76아4649,3,42,233000125,233000720,28,20221023-053948
0,0,경기76아1132,3,49,233000125,277103205,50,20221023-053948
0,0,경기76아4649,3,42,233000125,233000720,28,20221023-054003
0,0,경기76아1132,3,49,233000125,277103205,50,20221023-054003
0,0,경기76아4650,3,45,233000125,233002226,1,20221023-054018
0,0,경기76아1132,3,49,233000125,277103205,50,20221023-054018
0,0,경기76아4649,3,42,233000125,233000720,28,20221023-054018
0,0,경기76아4650,3,45,233000125,233002226,1,20221023-054033
0,0,경기76아1132,3,49,233000125,277103205,50,20221023-054033
0,0,경기76아4649,3,42,233000125,233000720,28,20221023-054033
0,0,경기76아4650,3,45,233000125,233002226,1,20221023-054048
0,0,경기76아1132,3,49,233000125,277103205,50,20221023-054048
0,0,경기76아4649,3,42,233000125,233000719,29,20221023-054048
0,0,경기76아4650,3,45,233000125,277102459,2,20221023-054103
0,0,경기76아4649,3,42,233000125,233000719,29,20221023-054103
0,0,경기76아1132,3,49,233000125,277103205,50,20221023-054103
0,0,경기76아4650,3,45,233000125,277102459,2,20221023-054118
0,0,경기76아4649,3,42,233000125,233000719,29,20221023-054118
0,0,경기76아1132,3,49,233000125,277103205,50,20221023-054118
0,0,경기76아4650,3,45,233000125,277102459,2,20221023-054133
0,0,경기76아1132,3,49,233000125,277103205,50,20221023-054133
0,0,경기76아4649,3,42,233000125,233000718,30,20221023-054133
0,0,경기76아4650,3,45,233000125,277102459,2,20221023-054148
0,0,경기76아1132,3,49,233000125,277103205,50,20221023-054148
0,0,경기76아4649,3,42,233000125,233000718,30,20221023-054148
0,0,경기76아4650,3,45,233000125,277102459,2,20221023-054203
0,0,경기76아1132,3,49,233000125,277103205,50,20221023-054203
0,0,경기76아4649,3,42,233000125,233000718,30,20221023-054203
0,0,경기76아4650,3,45,233000125,233002221,3,20221023-054218
0,0,경기76아1132,3,49,233000125,277103205,50,20221023-054218
0,0,경기76아4649,3,42,233000125,233000718,30,20221023-054218
0,0,경기76아4650,3,45,233000125,233002221,3,20221023-054233
0,0,경기76아1132,3,49,233000125,277103903,51,20221023-054233
0,0,경기76아4649,3,42,233000125,233000842,31,20221023-054233
0,0,경기76아4650,3,45,233000125,233002221,3,20221023-054248
0,0,경기76아1132,3,49,233000125,277103903,51,20221023-054248
0,0,경기76아4649,3,42,233000125,233000842,31,20221023-054248
0,0,경기76아4650,3,45,233000125,233002221,3,20221023-054303
0,0,경기76아1132,3,49,233000125,120000671,52,20221023-054303
0,0,경기76아4649,3,44,233000125,233000842,31,20221023-054303
0,0,경기76아4650,3,45,233000125,233002221,3,20221023-054318
0,0,경기76아1132,3,49,233000125,120000671,52,20221023-054318
0,0,경기76아4649,3,44,233000125,233000842,31,20221023-054318
0,0,경기76아4650,3,45,233000125,233002224,4,20221023-054333
0,0,경기76아1132,3,49,233000125,120000671,52,20221023-054333
0,0,경기76아4649,3,44,233000125,233000842,31,20221023-054333
0,0,경기76아4650,3,45,233000125,233002224,4,20221023-054348
0,0,경기76아1132,3,49,233000125,120000671,52,20221023-054348
0,0,경기76아4649,3,44,233000125,233000842,31,20221023-054348
0,0,경기76아4650,3,45,233000125,233002224,4,20221023-054403
0,0,경기76아1132,3,49,233000125,120000671,52,20221023-054403
0,0,경기76아4649,3,44,233000125,233002149,32,20221023-054403
0,0,경기76아4650,3,45,233000125,233002225,5,20221023-054418
0,0,경기76아1132,3,49,233000125,120000671,52,20221023-054418
0,0,경기76아4649,3,44,233000125,233002149,32,20221023-054418
0,0,경기76아4650,3,45,233000125,233002225,5,20221023-054433
0,0,경기76아1132,3,49,233000125,120000671,52,20221023-054433
0,0,경기76아4649,3,44,233000125,233000717,33,20221023-054433
0,0,경기76아4650,3,45,233000125,233002225,5,20221023-054448
0,0,경기76아4649,3,44,233000125,233000717,33,20221023-054448
0,0,경기76아1132,3,49,233000125,277103902,53,20221023-054448
0,0,경기76아4650,3,45,233000125,233002225,5,20221023-054503
0,0,경기76아1132,3,49,233000125,277103902,53,20221023-054503
0,0,경기76아4649,3,44,233000125,233000716,34,20221023-054503
0,0,경기76아4650,3,45,233000125,233002225,5,20221023-054518
0,0,경기76아1132,3,49,233000125,277103902,53,20221023-054518
0,0,경기76아4649,3,44,233000125,233000059,35,20221023-054518
0,0,경기76아4650,3,45,233000125,233002295,6,20221023-054533
0,0,경기76아1132,3,49,233000125,121001315,54,20221023-054533
0,0,경기76아4649,3,44,233000125,233000891,36,20221023-054533
0,0,경기76아4650,3,45,233000125,233002295,6,20221023-054548
0,0,경기76아1132,3,49,233000125,121001315,54,20221023-054548
0,0,경기76아4649,3,44,233000125,233000891,36,20221023-054548
0,0,경기76아4650,3,45,233000125,233002295,6,20221023-054603
0,0,경기76아1132,3,49,233000125,121001315,54,20221023-054603
0,0,경기76아4649,3,44,233000125,233000891,36,20221023-054603
0,0,경기76아4650,3,45,233000125,233002295,6,20221023-054618
0,0,경기76아1132,3,49,233000125,121001315,54,20221023-054618
0,0,경기76아4649,3,44,233000125,233000715,37,20221023-054618
0,0,경기76아4650,3,45,233000125,233002295,6,20221023-054633
0,0,경기76아4649,3,44,233000125,233000715,37,20221023-054633
0,0,경기76아1132,3,49,233000125,121001315,54,20221023-054633
0,0,경기76아4650,3,45,233000125,233002295,6,20221023-054648
0,0,경기76아4649,3,44,233000125,233000715,37,20221023-054648
0,0,경기76아1132,3,49,233000125,121001315,54,20221023-054648
0,0,경기76아4650,3,45,233000125,233002295,6,20221023-054703
0,0,경기76아4649,3,44,233000125,233000715,37,20221023-054703
0,0,경기76아1132,3,49,233000125,277101688,55,20221023-054703
0,0,경기76아4650,3,45,233000125,233001041,7,20221023-054718
0,0,경기76아1132,3,49,233000125,277101688,55,20221023-054718
0,0,경기76아4649,3,44,233000125,233000714,38,20221023-054718
0,0,경기76아4650,3,45,233000125,233001041,7,20221023-054733
0,0,경기76아1132,3,49,233000125,277101688,55,20221023-054733
0,0,경기76아4649,3,44,233000125,233000713,39,20221023-054733
0,0,경기76아4650,3,45,233000125,233002131,8,20221023-054748
0,0,경기76아1132,3,49,233000125,277101688,55,20221023-054748
0,0,경기76아4649,3,44,233000125,233000713,39,20221023-054748
0,0,경기76아4650,3,45,233000125,233002131,8,20221023-054803
0,0,경기76아1132,3,49,233000125,277101688,55,20221023-054803
0,0,경기76아4649,3,44,233000125,233000713,39,20221023-054803
0,0,경기76아4650,3,45,233000125,233002131,8,20221023-054818
0,0,경기76아4649,3,44,233000125,233000713,39,20221023-054818
0,0,경기76아1132,3,49,233000125,119900083,56,20221023-054818
0,0,경기76아4650,3,45,233000125,233000148,9,20221023-054833
0,0,경기76아4649,3,44,233000125,233000713,39,20221023-054833
0,0,경기76아1132,3,49,233000125,119900083,56,20221023-054833
0,0,경기76아4650,3,45,233000125,233000148,9,20221023-054848
0,0,경기76아4649,3,44,233000125,233000713,39,20221023-054848
0,0,경기76아1132,3,49,233000125,119900083,56,20221023-054848
0,0,경기76아4650,3,45,233000125,233000148,9,20221023-054903
0,0,경기76아1132,3,49,233000125,119900083,56,20221023-054903
0,0,경기76아4649,3,44,233000125,233000712,40,20221023-054903
0,0,경기76아4650,3,45,233000125,233000191,10,20221023-054918
0,0,경기76아1132,3,49,233000125,119900083,56,20221023-054918
0,0,경기76아4649,3,44,233000125,233000712,40,20221023-054918
0,0,경기76아4650,3,44,233000125,233000191,10,20221023-054933
0,0,경기76아1132,3,49,233000125,119900083,56,20221023-054933
0,0,경기76아4649,3,43,233000125,233000712,40,20221023-054933
0,0,경기76아4650,3,44,233000125,233000191,10,20221023-054948
0,0,경기76아1132,3,49,233000125,119900083,56,20221023-054948
0,0,경기76아4649,3,43,233000125,233000712,40,20221023-054948
0,0,경기76아4650,3,44,233000125,233000190,11,20221023-055003
0,0,경기76아1132,3,49,233000125,119900083,56,20221023-055003
0,0,경기76아4649,3,43,233000125,233000712,40,20221023-055003
0,0,경기76아4650,3,44,233000125,233000190,11,20221023-055018
0,0,경기76아1132,3,49,233000125,119900083,56,20221023-055018
0,0,경기76아4649,3,43,233000125,233000712,40,20221023-055018
0,0,경기76아4650,3,44,233000125,233000190,11,20221023-055033
0,0,경기76아1132,3,49,233000125,119900083,56,20221023-055033
0,0,경기76아4649,3,43,233000125,233000712,40,20221023-055033
0,0,경기76아4650,3,44,233000125,233000189,12,20221023-055048
0,0,경기76아1132,3,49,233000125,119900083,56,20221023-055048
0,0,경기76아4649,3,43,233000125,233000712,40,20221023-055048
0,0,경기76아4650,3,44,233000125,233000189,12,20221023-055103
0,0,경기76아1132,3,49,233000125,119900083,56,20221023-055103
0,0,경기76아4649,3,43,233000125,233000712,40,20221023-055103
0,0,경기76아4650,3,44,233000125,233001943,13,20221023-055118
0,0,경기76아1132,3,49,233000125,119900083,56,20221023-055118
0,0,경기76아4649,3,43,233000125,233000712,40,20221023-055118
0,0,경기76아4650,3,44,233000125,233001943,13,20221023-055133
0,0,경기76아1132,3,49,233000125,119900083,56,20221023-055133
0,0,경기76아4649,3,43,233000125,233000712,40,20221023-055133
0,0,경기76아4650,3,44,233000125,233000188,14,20221023-055148
0,0,경기76아1132,3,49,233000125,119900083,56,20221023-055148
0,0,경기76아4649,3,43,233000125,233000712,40,20221023-055148
0,0,경기76아4650,3,44,233000125,233000188,14,20221023-055203
0,0,경기76아1132,3,49,233000125,119900083,56,20221023-055203
0,0,경기76아4649,3,43,233000125,233000712,40,20221023-055203
0,0,경기76아4650,3,44,233000125,233000188,14,20221023-055218
0,0,경기76아1132,3,49,233000125,119900083,56,20221023-055218
0,0,경기76아4649,3,43,233000125,233000712,40,20221023-055218
0,0,경기76아4650,3,44,233000125,233000188,14,20221023-055233
0,0,경기76아1132,3,49,233000125,119900083,56,20221023-055233
0,0,경기76아4649,3,43,233000125,233000712,40,20221023-055233
0,0,경기76아4650,3,44,233000125,233000188,14,20221023-055248
0,0,경기76아1132,3,49,233000125,119900083,56,20221023-055248
0,0,경기76아4649,3,43,233000125,233000712,40,20221023-055248
0,0,경기76아4650,3,44,233000125,233000188,14,20221023-055304
0,0,경기76아1132,3,49,233000125,119900083,56,20221023-055304
0,0,경기76아4649,3,43,233000125,233000712,40,20221023-055304
0,0,경기76아4650,3,44,233000125,233000188,14,20221023-055319
0,0,경기76아1132,3,49,233000125,119900083,56,20221023-055319
0,0,경기76아4649,3,43,233000125,233000712,40,20221023-055319
0,0,경기76아4650,3,44,233000125,233000188,14,20221023-055334
0,0,경기76아1132,3,49,233000125,119900083,56,20221023-055334
0,0,경기76아4649,3,43,233000125,233000712,40,20221023-055334
0,0,경기76아4650,3,44,233000125,233001318,15,20221023-055349
0,0,경기76아1132,3,49,233000125,119900083,56,20221023-055349
0,0,경기76아4649,3,43,233000125,233000712,40,20221023-055349
0,0,경기76아4650,3,44,233000125,233001318,15,20221023-055404
0,0,경기76아1132,3,49,233000125,119900083,56,20221023-055404
0,0,경기76아4649,3,43,233000125,277103520,41,20221023-055404
0,0,경기76아4650,3,44,233000125,233001318,15,20221023-055419
0,0,경기76아1132,3,49,233000125,119900083,56,20221023-055419
0,0,경기76아4649,3,43,233000125,277103520,41,20221023-055419
0,0,경기76아4650,3,44,233000125,233000730,16,20221023-055434
0,0,경기76아1132,3,49,233000125,119900083,56,20221023-055434
0,0,경기76아4649,3,43,233000125,277103520,41,20221023-055434
0,0,경기76아4650,3,44,233000125,233000730,16,20221023-055449
0,0,경기76아1132,3,49,233000125,119900083,56,20221023-055449
0,0,경기76아4649,3,43,233000125,277103520,41,20221023-055449
0,0,경기76아4650,3,44,233000125,233000730,16,20221023-055503
0,0,경기76아1132,3,49,233000125,119900083,56,20221023-055503
0,0,경기76아4649,3,43,233000125,277103520,41,20221023-055503
0,0,경기76아4650,3,44,233000125,233000729,17,20221023-055518
0,0,경기76아1132,3,49,233000125,119900083,56,20221023-055518
0,0,경기76아4649,3,43,233000125,277103520,41,20221023-055518
0,0,경기76아4650,3,44,233000125,233000729,17,20221023-055533
0,0,경기76아1132,3,49,233000125,119900083,56,20221023-055533
0,0,경기76아4649,3,43,233000125,277103520,41,20221023-055533
0,0,경기76아4650,3,44,233000125,233000729,17,20221023-055548
0,0,경기76아1132,3,49,233000125,119900083,56,20221023-055548
0,0,경기76아4649,3,43,233000125,277103520,41,20221023-055548
0,0,경기76아4650,3,44,233000125,233000728,18,20221023-055604
0,0,경기76아1132,3,49,233000125,119900083,56,20221023-055604
0,0,경기76아4649,3,43,233000125,277103520,41,20221023-055604
0,0,경기76아4650,3,44,233000125,233000728,18,20221023-055619
0,0,경기76아1132,3,49,233000125,119900083,56,20221023-055619
0,0,경기76아4649,3,43,233000125,277103520,41,20221023-055619
0,0,경기76아4650,3,44,233000125,233000728,18,20221023-055634
0,0,경기76아1132,3,49,233000125,119900083,56,20221023-055634
0,0,경기76아4649,3,43,233000125,277103520,41,20221023-055634
0,0,경기76아4650,3,44,233000125,233000728,18,20221023-055649
0,0,경기76아1132,3,49,233000125,119900083,56,20221023-055649
0,0,경기76아4649,3,43,233000125,277103528,42,20221023-055649
0,0,경기76아4650,3,44,233000125,233000728,18,20221023-055703
0,0,경기76아1132,3,49,233000125,119900083,56,20221023-055703
0,0,경기76아4649,3,43,233000125,277103528,42,20221023-055703
0,0,경기76아4650,3,44,233000125,233000728,18,20221023-055718
0,0,경기76아1132,3,49,233000125,119900083,56,20221023-055718
0,0,경기76아4649,3,43,233000125,277103528,42,20221023-055718
0,0,경기76아4650,3,44,233000125,233000728,18,20221023-055733
0,0,경기76아1132,3,49,233000125,119900083,56,20221023-055733
0,0,경기76아4649,3,43,233000125,277103528,42,20221023-055733
0,0,경기76아4650,3,44,233000125,233000728,18,20221023-055748
0,0,경기76아1132,3,49,233000125,119900083,56,20221023-055748
0,0,경기76아4649,3,43,233000125,277103528,42,20221023-055748
0,0,경기76아4650,3,44,233000125,233000728,18,20221023-055803
0,0,경기76아1132,3,49,233000125,119900083,56,20221023-055803
0,0,경기76아4649,3,43,233000125,277103317,43,20221023-055803
0,0,경기76아4650,3,44,233000125,233000728,18,20221023-055818
0,0,경기76아1132,3,49,233000125,119900083,56,20221023-055818
0,0,경기76아4649,3,43,233000125,277103317,43,20221023-055818
0,0,경기76아4650,3,44,233000125,233001404,19,20221023-055833
0,0,경기76아1132,3,49,233000125,119900083,56,20221023-055833
0,0,경기76아4649,3,43,233000125,277103317,43,20221023-055833
0,0,경기76아4650,3,44,233000125,233001404,19,20221023-055848
0,0,경기76아1132,3,49,233000125,119900083,56,20221023-055848
0,0,경기76아4649,3,43,233000125,277103317,43,20221023-055848
0,0,경기76아4650,3,44,233000125,233000727,20,20221023-055903
0,0,경기76아1132,3,49,233000125,119900083,56,20221023-055903
0,0,경기76아4649,3,43,233000125,277103317,43,20221023-055903
0,0,경기76아4650,3,44,233000125,233000727,20,20221023-055918
0,0,경기76아1132,3,49,233000125,119900083,56,20221023-055918
0,0,경기76아4649,3,43,233000125,277103317,43,20221023-055918
0,0,경기76아4650,3,44,233000125,233000727,20,20221023-055933
0,0,경기76아1132,3,49,233000125,119900083,56,20221023-055933
0,0,경기76아4649,3,43,233000125,277103317,43,20221023-055933
0,0,경기76아4650,3,44,233000125,233000727,20,20221023-055948
0,0,경기76아1132,3,49,233000125,119900083,56,20221023-055948
0,0,경기76아4649,3,43,233000125,277103317,43,20221023-055948
0,0,경기76아4650,3,44,233000125,233000726,21,20221023-060004
0,0,경기76아1132,3,49,233000125,119900083,56,20221023-060004
0,0,경기76아4649,3,43,233000125,277103317,43,20221023-060004
0,0,경기76아4650,3,44,233000125,233000726,21,20221023-060018
0,0,경기76아4651,3,45,233000125,233002226,1,20221023-060018
0,0,경기76아1132,3,43,233000125,119900083,56,20221023-060018
0,0,경기76아4649,3,43,233000125,277103317,43,20221023-060018
0,0,경기76아4650,3,44,233000125,233000726,21,20221023-060033
0,0,경기76아1132,3,43,233000125,119900083,56,20221023-060033
0,0,경기76아4649,3,43,233000125,277103317,43,20221023-060033
0,0,경기76아4651,3,45,233000125,233002226,1,20221023-060033
0,0,경기76아4650,3,44,233000125,233000726,21,20221023-060048
0,0,경기76아1132,3,43,233000125,119900083,56,20221023-060048
0,0,경기76아4651,3,45,233000125,233002226,1,20221023-060048
0,0,경기76아4649,3,43,233000125,277103315,44,20221023-060048
0,0,경기76아4650,3,44,233000125,233000726,21,20221023-060103
0,0,경기76아1132,3,43,233000125,119900083,56,20221023-060103
0,0,경기76아4649,3,43,233000125,277103315,44,20221023-060103
0,0,경기76아4651,3,45,233000125,233002226,1,20221023-060103
0,0,경기76아4650,3,44,233000125,233000726,21,20221023-060118
0,0,경기76아1132,3,43,233000125,119900083,56,20221023-060118
0,0,경기76아4649,3,43,233000125,277103315,44,20221023-060118
0,0,경기76아4651,3,45,233000125,277102459,2,20221023-060118
0,0,경기76아4650,3,44,233000125,233000726,21,20221023-060133
0,0,경기76아1132,3,43,233000125,119900083,56,20221023-060133
0,0,경기76아4651,3,45,233000125,277102459,2,20221023-060133
0,0,경기76아4649,3,43,233000125,277103315,44,20221023-060133
0,0,경기76아4650,3,44,233000125,233000726,21,20221023-060148
0,0,경기76아1132,3,43,233000125,119900083,56,20221023-060148
0,0,경기76아4651,3,45,233000125,277102459,2,20221023-060148
0,0,경기76아4649,3,43,233000125,277103315,44,20221023-060148
0,0,경기76아4650,3,44,233000125,233000725,22,20221023-060203
0,0,경기76아1132,3,43,233000125,119900083,56,20221023-060203
0,0,경기76아4651,3,45,233000125,277102459,2,20221023-060203
0,0,경기76아4649,3,43,233000125,277103315,44,20221023-060203
0,0,경기76아4650,3,44,233000125,233002118,23,20221023-060218
0,0,경기76아1132,3,43,233000125,119900083,56,20221023-060218
0,0,경기76아4649,3,43,233000125,277103315,44,20221023-060218
0,0,경기76아4651,3,45,233000125,233002221,3,20221023-060218
0,0,경기76아4650,3,44,233000125,233002118,23,20221023-060233
0,0,경기76아1132,3,43,233000125,119900083,56,20221023-060233
0,0,경기76아4651,3,45,233000125,233002221,3,20221023-060233
0,0,경기76아4649,3,43,233000125,277103315,44,20221023-060233
0,0,경기76아4650,3,44,233000125,233002118,23,20221023-060248
0,0,경기76아1132,3,43,233000125,119900083,56,20221023-060248
0,0,경기76아4649,3,43,233000125,226000039,45,20221023-060248
0,0,경기76아4651,3,45,233000125,233002221,3,20221023-060248
0,0,경기76아4650,3,44,233000125,233002118,23,20221023-060303
0,0,경기76아1132,3,43,233000125,119900083,56,20221023-060303
0,0,경기76아4649,3,43,233000125,226000039,45,20221023-060303
0,0,경기76아4651,3,45,233000125,233002221,3,20221023-060303
0,0,경기76아4650,3,44,233000125,233002118,23,20221023-060318
0,0,경기76아4651,3,45,233000125,233002221,3,20221023-060318
0,0,경기76아1132,3,43,233000125,277103902,53,20221023-060318
0,0,경기76아4649,3,43,233000125,226000039,45,20221023-060318
0,0,경기76아4650,3,44,233000125,233000724,24,20221023-060333
0,0,경기76아4649,3,43,233000125,226000039,45,20221023-060333
0,0,경기76아1132,3,43,233000125,277102049,57,20221023-060333
0,0,경기76아4651,3,45,233000125,233002224,4,20221023-060333
0,0,경기76아4650,3,44,233000125,233000724,24,20221023-060348
0,0,경기76아1132,3,43,233000125,277102049,57,20221023-060348
0,0,경기76아4651,3,45,233000125,233002224,4,20221023-060348
0,0,경기76아4649,3,43,233000125,226000039,45,20221023-060348
0,0,경기76아4650,3,44,233000125,233000723,25,20221023-060403
0,0,경기76아1132,3,43,233000125,277102049,57,20221023-060403
0,0,경기76아4651,3,45,233000125,233002224,4,20221023-060403
0,0,경기76아4649,3,43,233000125,226000039,45,20221023-060403
0,0,경기76아4650,3,44,233000125,233000722,26,20221023-060418
0,0,경기76아1132,3,43,233000125,277102049,57,20221023-060418
0,0,경기76아4649,3,43,233000125,226000039,45,20221023-060418
0,0,경기76아4651,3,45,233000125,233002225,5,20221023-060418
0,0,경기76아4650,3,44,233000125,233000722,26,20221023-060433
0,0,경기76아1132,3,43,233000125,277102049,57,20221023-060433
0,0,경기76아4649,3,43,233000125,226000039,45,20221023-060433
0,0,경기76아4651,3,45,233000125,233002225,5,20221023-060433
0,0,경기76아4650,3,44,233000125,233000722,26,20221023-060448
0,0,경기76아1132,3,43,233000125,277102049,57,20221023-060448
0,0,경기76아4649,3,43,233000125,226000039,45,20221023-060448
0,0,경기76아4651,3,45,233000125,233002225,5,20221023-060448
0,0,경기76아4650,3,44,233000125,233000722,26,20221023-060505
0,0,경기76아1132,3,43,233000125,277102049,57,20221023-060505
0,0,경기76아4651,3,45,233000125,233002225,5,20221023-060505
0,0,경기76아4649,3,43,233000125,277103221,46,20221023-060505
0,0,경기76아4650,3,44,233000125,233000722,26,20221023-060518
0,0,경기76아1132,3,43,233000125,277102049,57,20221023-060518
0,0,경기76아4649,3,43,233000125,277103221,46,20221023-060518
0,0,경기76아4651,3,45,233000125,233002295,6,20221023-060518
0,0,경기76아4650,3,44,233000125,233000721,27,20221023-060533
0,0,경기76아4649,3,43,233000125,277103221,46,20221023-060533
0,0,경기76아4651,3,45,233000125,233002295,6,20221023-060533
0,0,경기76아1132,3,43,233000125,277102291,58,20221023-060533
0,0,경기76아4650,3,44,233000125,233000721,27,20221023-060548
0,0,경기76아4651,3,45,233000125,233002295,6,20221023-060548
0,0,경기76아1132,3,43,233000125,277102291,58,20221023-060548
0,0,경기76아4649,3,43,233000125,277103221,46,20221023-060548
0,0,경기76아4650,3,44,233000125,233000721,27,20221023-060603
0,0,경기76아4651,3,45,233000125,233002295,6,20221023-060603
0,0,경기76아1132,3,43,233000125,277102291,58,20221023-060603
0,0,경기76아4649,3,43,233000125,277103221,46,20221023-060603
0,0,경기76아4650,3,44,233000125,233000721,27,20221023-060618
0,0,경기76아4651,3,45,233000125,233002295,6,20221023-060618
0,0,경기76아4649,3,43,233000125,277103221,46,20221023-060618
0,0,경기76아1132,3,43,233000125,277102291,58,20221023-060618
0,0,경기76아4650,3,44,233000125,233000721,27,20221023-060633
0,0,경기76아4651,3,45,233000125,233002295,6,20221023-060633
0,0,경기76아1132,3,43,233000125,277102291,58,20221023-060633
0,0,경기76아4649,3,43,233000125,277103221,46,20221023-060633
0,0,경기76아4650,3,44,233000125,233000721,27,20221023-060648
0,0,경기76아4651,3,45,233000125,233002295,6,20221023-060648
0,0,경기76아1132,3,43,233000125,277102291,58,20221023-060648
0,0,경기76아4649,3,43,233000125,277103221,46,20221023-060648
0,0,경기76아4650,3,44,233000125,233000720,28,20221023-060703
0,0,경기76아4651,3,45,233000125,233002295,6,20221023-060703
0,0,경기76아1132,3,43,233000125,277102291,58,20221023-060703
0,0,경기76아4649,3,43,233000125,277103221,46,20221023-060703
0,0,경기76아4650,3,44,233000125,233000720,28,20221023-060718
0,0,경기76아4649,3,43,233000125,277103221,46,20221023-060718
0,0,경기76아4651,3,45,233000125,233002295,6,20221023-060718
0,0,경기76아1132,3,43,233000125,277102291,58,20221023-060718
0,0,경기76아4650,3,44,233000125,233000720,28,20221023-060733
0,0,경기76아4649,3,43,233000125,277103221,46,20221023-060733
0,0,경기76아4651,3,45,233000125,233001041,7,20221023-060733
0,0,경기76아1132,3,43,233000125,277103204,59,20221023-060733
0,0,경기76아4650,3,44,233000125,233000720,28,20221023-060748
0,0,경기76아4649,3,43,233000125,277103221,46,20221023-060748
0,0,경기76아1132,3,43,233000125,277103204,59,20221023-060748
0,0,경기76아4651,3,45,233000125,233001041,7,20221023-060748
0,0,경기76아4650,3,44,233000125,233000720,28,20221023-060803
0,0,경기76아4651,3,45,233000125,233001041,7,20221023-060803
0,0,경기76아4649,3,43,233000125,277103159,47,20221023-060803
0,0,경기76아1132,3,43,233000125,277103204,59,20221023-060803
0,0,경기76아4650,3,44,233000125,233000720,28,20221023-060818
0,0,경기76아1132,3,43,233000125,277103204,59,20221023-060818
0,0,경기76아4649,3,43,233000125,277103159,47,20221023-060818
0,0,경기76아4651,3,45,233000125,233002131,8,20221023-060818
0,0,경기76아4650,3,44,233000125,233000720,28,20221023-060833
0,0,경기76아1132,3,43,233000125,277103204,59,20221023-060833
0,0,경기76아4649,3,43,233000125,277103159,47,20221023-060833
0,0,경기76아4651,3,45,233000125,233002131,8,20221023-060833
0,0,경기76아4650,3,44,233000125,233000719,29,20221023-060848
0,0,경기76아1132,3,43,233000125,277103204,59,20221023-060848
0,0,경기76아4649,3,43,233000125,277103159,47,20221023-060848
0,0,경기76아4651,3,45,233000125,233000148,9,20221023-060848
0,0,경기76아4650,3,44,233000125,233000719,29,20221023-060903
0,0,경기76아4651,3,45,233000125,233000148,9,20221023-060903
0,0,경기76아4649,3,43,233000125,277103200,48,20221023-060903
0,0,경기76아1132,3,43,233000125,277103202,60,20221023-060903
0,0,경기76아4650,3,44,233000125,233000718,30,20221023-060918
0,0,경기76아4651,3,45,233000125,233000148,9,20221023-060918
0,0,경기76아4649,3,43,233000125,277103200,48,20221023-060918
0,0,경기76아1132,3,43,233000125,277103202,60,20221023-060918
0,0,경기76아4650,3,44,233000125,233000718,30,20221023-060933
0,0,경기76아4651,3,45,233000125,233000148,9,20221023-060933
0,0,경기76아4649,3,43,233000125,277103200,48,20221023-060933
0,0,경기76아1132,3,43,233000125,277103202,60,20221023-060933
0,0,경기76아4650,3,44,233000125,233000718,30,20221023-060948
0,0,경기76아4651,3,45,233000125,233000148,9,20221023-060948
0,0,경기76아4649,3,43,233000125,277103200,48,20221023-060948
0,0,경기76아1132,3,43,233000125,277103202,60,20221023-060948
0,0,경기76아4650,3,44,233000125,233000718,30,20221023-061003
0,0,경기76아4651,3,45,233000125,233000148,9,20221023-061003
0,0,경기76아4649,3,43,233000125,277103200,48,20221023-061003
0,0,경기76아1132,3,43,233000125,277103202,60,20221023-061003
0,0,경기76아4650,3,44,233000125,233000718,30,20221023-061018
0,0,경기76아4649,3,43,233000125,277103200,48,20221023-061018
0,0,경기76아1132,3,43,233000125,277103202,60,20221023-061018
0,0,경기76아4651,3,45,233000125,233000191,10,20221023-061018
0,0,경기76아4650,3,44,233000125,233000842,31,20221023-061033
0,0,경기76아4649,3,43,233000125,277103200,48,20221023-061033
0,0,경기76아4651,3,45,233000125,233000191,10,20221023-061033
0,0,경기76아1132,3,43,233000125,277103201,61,20221023-061033
0,0,경기76아4650,3,44,233000125,233000842,31,20221023-061048
0,0,경기76아1132,3,43,233000125,277103201,61,20221023-061048
0,0,경기76아4649,3,43,233000125,277103200,48,20221023-061048
0,0,경기76아4651,3,45,233000125,233000190,11,20221023-061048
0,0,경기76아4650,3,44,233000125,233000842,31,20221023-061104
0,0,경기76아1132,3,43,233000125,277103201,61,20221023-061104
0,0,경기76아4649,3,43,233000125,277103200,48,20221023-061104
0,0,경기76아4651,3,45,233000125,233000190,11,20221023-061104
0,0,경기76아4650,3,44,233000125,233000842,31,20221023-061118
0,0,경기76아1132,3,43,233000125,277103201,61,20221023-061118
0,0,경기76아4651,3,45,233000125,233000190,11,20221023-061118
0,0,경기76아4649,3,43,233000125,277103203,49,20221023-061118
0,0,경기76아4650,3,44,233000125,233002149,32,20221023-061133
0,0,경기76아4651,3,45,233000125,233000190,11,20221023-061133
0,0,경기76아4649,3,43,233000125,277103203,49,20221023-061133
0,0,경기76아1132,3,43,233000125,277103201,61,20221023-061133
0,0,경기76아4650,3,44,233000125,233002149,32,20221023-061148
0,0,경기76아1132,3,43,233000125,277103201,61,20221023-061148
0,0,경기76아4649,3,43,233000125,277103203,49,20221023-061148
0,0,경기76아4651,3,45,233000125,233000189,12,20221023-061148
0,0,경기76아4650,3,44,233000125,233002149,32,20221023-061203
0,0,경기76아4649,3,43,233000125,277103203,49,20221023-061203
0,0,경기76아4651,3,45,233000125,233000189,12,20221023-061203
0,0,경기76아1132,3,43,233000125,277103201,61,20221023-061203
0,0,경기76아4650,3,44,233000125,233000717,33,20221023-061218
0,0,경기76아4649,3,43,233000125,277103203,49,20221023-061218
0,0,경기76아1132,3,43,233000125,277103201,61,20221023-061218
0,0,경기76아4651,3,45,233000125,233000189,12,20221023-061218
0,0,경기76아4650,3,44,233000125,233000716,34,20221023-061233
0,0,경기76아4649,3,43,233000125,277103203,49,20221023-061233
0,0,경기76아1132,3,43,233000125,277103201,61,20221023-061233
0,0,경기76아4651,3,45,233000125,233000189,12,20221023-061233
0,0,경기76아4650,3,44,233000125,233000059,35,20221023-061248
0,0,경기76아1132,3,43,233000125,277103201,61,20221023-061248
0,0,경기76아4649,3,43,233000125,277103203,49,20221023-061248
0,0,경기76아4651,3,45,233000125,233001943,13,20221023-061248
0,0,경기76아4650,3,44,233000125,233000059,35,20221023-061303
0,0,경기76아1132,3,43,233000125,277103158,62,20221023-061303
0,0,경기76아4651,3,45,233000125,233000188,14,20221023-061303
0,0,경기76아4649,3,43,233000125,277103203,49,20221023-061303
0,0,경기76아4650,3,43,233000125,233000059,35,20221023-061318
0,0,경기76아4651,3,45,233000125,233000188,14,20221023-061318
0,0,경기76아1132,3,43,233000125,277103158,62,20221023-061318
0,0,경기76아4649,3,43,233000125,277103205,50,20221023-061318
0,0,경기76아4650,3,43,233000125,233000891,36,20221023-061333
0,0,경기76아1132,3,43,233000125,277103158,62,20221023-061333
0,0,경기76아4649,3,43,233000125,277103205,50,20221023-061333
0,0,경기76아4651,3,43,233000125,233000188,14,20221023-061333
0,0,경기76아4650,3,43,233000125,233000891,36,20221023-061348
0,0,경기76아4649,3,43,233000125,277103205,50,20221023-061348
0,0,경기76아4651,3,43,233000125,233000188,14,20221023-061348
0,0,경기76아1132,3,43,233000125,277103158,62,20221023-061348
0,0,경기76아4650,3,43,233000125,233000891,36,20221023-061403
0,0,경기76아4649,3,43,233000125,277103205,50,20221023-061403
0,0,경기76아4651,3,43,233000125,233000188,14,20221023-061403
0,0,경기76아1132,3,43,233000125,277103220,63,20221023-061403
0,0,경기76아4650,3,42,233000125,233000891,36,20221023-061418
0,0,경기76아4649,3,43,233000125,277103205,50,20221023-061418
0,0,경기76아4651,3,43,233000125,233000188,14,20221023-061418
0,0,경기76아1132,3,43,233000125,277103220,63,20221023-061418
0,0,경기76아4650,3,42,233000125,233000891,36,20221023-061433
0,0,경기76아4651,3,43,233000125,233000188,14,20221023-061433
0,0,경기76아1132,3,43,233000125,277103220,63,20221023-061433
0,0,경기76아4649,3,43,233000125,277103205,50,20221023-061433
0,0,경기76아4650,3,42,233000125,233000891,36,20221023-061448
0,0,경기76아4651,3,43,233000125,233000188,14,20221023-061448
0,0,경기76아1132,3,43,233000125,277103220,63,20221023-061448
0,0,경기76아4649,3,43,233000125,277103205,50,20221023-061448
0,0,경기76아4650,3,42,233000125,233000715,37,20221023-061503
0,0,경기76아4651,3,43,233000125,233000188,14,20221023-061503
0,0,경기76아4649,3,43,233000125,277103205,50,20221023-061503
0,0,경기76아1132,3,43,233000125,277103220,63,20221023-061503
0,0,경기76아4650,3,42,233000125,233000715,37,20221023-061518
0,0,경기76아4649,3,43,233000125,277103205,50,20221023-061518
0,0,경기76아1132,3,43,233000125,277103220,63,20221023-061518
0,0,경기76아4651,3,43,233000125,233001318,15,20221023-061518
0,0,경기76아4650,3,42,233000125,233000715,37,20221023-061533
0,0,경기76아4649,3,43,233000125,277103205,50,20221023-061533
0,0,경기76아4651,3,43,233000125,233001318,15,20221023-061533
0,0,경기76아1132,3,43,233000125,277103220,63,20221023-061533
0,0,경기76아4650,3,42,233000125,233000715,37,20221023-061548
0,0,경기76아4649,3,43,233000125,277103205,50,20221023-061548
0,0,경기76아4651,3,43,233000125,233001318,15,20221023-061548
0,0,경기76아1132,3,43,233000125,226000038,64,20221023-061548
0,0,경기76아4650,3,42,233000125,233000714,38,20221023-061603
0,0,경기76아4649,3,43,233000125,277103205,50,20221023-061603
0,0,경기76아1132,3,43,233000125,226000038,64,20221023-061603
0,0,경기76아4651,3,43,233000125,233000730,16,20221023-061603
0,0,경기76아4650,3,42,233000125,233000713,39,20221023-061618
0,0,경기76아4651,3,43,233000125,233000730,16,20221023-061618
0,0,경기76아4649,3,43,233000125,277103903,51,20221023-061618
0,0,경기76아1132,3,43,233000125,226000038,64,20221023-061618
0,0,경기76아4650,3,42,233000125,233000713,39,20221023-061633
0,0,경기76아4651,3,43,233000125,233000730,16,20221023-061633
0,0,경기76아1132,3,43,233000125,226000038,64,20221023-061633
0,0,경기76아4649,3,43,233000125,120000671,52,20221023-061633
0,0,경기76아4650,3,42,233000125,233000713,39,20221023-061648
0,0,경기76아4651,3,40,233000125,233000730,16,20221023-061648
0,0,경기76아1132,3,43,233000125,226000038,64,20221023-061648
0,0,경기76아4649,3,43,233000125,120000671,52,20221023-061648
0,0,경기76아4650,3,42,233000125,233000713,39,20221023-061703
0,0,경기76아1132,3,43,233000125,226000038,64,20221023-061703
0,0,경기76아4649,3,43,233000125,120000671,52,20221023-061703
0,0,경기76아4651,3,40,233000125,233000730,16,20221023-061703
0,0,경기76아4650,3,42,233000125,233000713,39,20221023-061718
0,0,경기76아1132,3,43,233000125,226000038,64,20221023-061718
0,0,경기76아4649,3,43,233000125,120000671,52,20221023-061718
0,0,경기76아4651,3,40,233000125,233000729,17,20221023-061718
0,0,경기76아4650,3,42,233000125,233000712,40,20221023-061733
0,0,경기76아4649,3,43,233000125,120000671,52,20221023-061733
0,0,경기76아4651,3,40,233000125,233000729,17,20221023-061733
0,0,경기76아1132,3,43,233000125,226000038,64,20221023-061733
0,0,경기76아4650,3,42,233000125,233000712,40,20221023-061748
0,0,경기76아4649,3,43,233000125,120000671,52,20221023-061748
0,0,경기76아4651,3,40,233000125,233000729,17,20221023-061748
0,0,경기76아1132,3,43,233000125,226000038,64,20221023-061748
0,0,경기76아4650,3,42,233000125,233000712,40,20221023-061803
0,0,경기76아4649,3,43,233000125,120000671,52,20221023-061803
0,0,경기76아4651,3,40,233000125,233000729,17,20221023-061803
0,0,경기76아1132,3,43,233000125,277103314,65,20221023-061803
0,0,경기76아4650,3,42,233000125,233000712,40,20221023-061818
0,0,경기76아4649,3,43,233000125,120000671,52,20221023-061818
0,0,경기76아4651,3,40,233000125,233000729,17,20221023-061818
0,0,경기76아1132,3,43,233000125,277103314,65,20221023-061818
0,0,경기76아4650,3,42,233000125,233000712,40,20221023-061833
0,0,경기76아4651,3,40,233000125,233000729,17,20221023-061833
0,0,경기76아1132,3,43,233000125,277103314,65,20221023-061833
0,0,경기76아4649,3,43,233000125,120000671,52,20221023-061833
0,0,경기76아4650,3,42,233000125,233000712,40,20221023-061848
0,0,경기76아4651,3,40,233000125,233000729,17,20221023-061848
0,0,경기76아1132,3,43,233000125,277103314,65,20221023-061848
0,0,경기76아4649,3,43,233000125,277103902,53,20221023-061848
0,0,경기76아4650,3,42,233000125,233000712,40,20221023-061903
0,0,경기76아4651,3,40,233000125,233000729,17,20221023-061903
0,0,경기76아1132,3,43,233000125,277103314,65,20221023-061903
0,0,경기76아4649,3,43,233000125,277103902,53,20221023-061903
0,0,경기76아4650,3,42,233000125,233000712,40,20221023-061918
0,0,경기76아4651,3,40,233000125,233000729,17,20221023-061918
0,0,경기76아1132,3,43,233000125,277103314,65,20221023-061918
0,0,경기76아4649,3,43,233000125,121001315,54,20221023-061918
0,0,경기76아4650,3,42,233000125,233000712,40,20221023-061933
0,0,경기76아4651,3,40,233000125,233000729,17,20221023-061933
0,0,경기76아1132,3,43,233000125,277103314,65,20221023-061933
0,0,경기76아4649,3,43,233000125,121001315,54,20221023-061933
0,0,경기76아4650,3,42,233000125,233000712,40,20221023-061948
0,0,경기76아4651,3,40,233000125,233000729,17,20221023-061948
0,0,경기76아1132,3,43,233000125,277103314,65,20221023-061948
0,0,경기76아4649,3,43,233000125,121001315,54,20221023-061948
0,0,경기76아4650,3,42,233000125,233000712,40,20221023-062004
0,0,경기76아4651,3,40,233000125,233000729,17,20221023-062004
0,0,경기76아1132,3,43,233000125,277103314,65,20221023-062004
0,0,경기76아4649,3,45,233000125,121001315,54,20221023-062004
0,0,경기76아4650,3,42,233000125,233000712,40,20221023-062018
0,0,경기76아4649,3,45,233000125,121001315,54,20221023-062018
0,0,경기76아4651,3,40,233000125,233000729,17,20221023-062018
0,0,경기76아1132,3,43,233000125,277103316,66,20221023-062018
0,0,경기76아4650,3,42,233000125,233000712,40,20221023-062033
0,0,경기76아4649,3,45,233000125,121001315,54,20221023-062033
0,0,경기76아1132,3,43,233000125,277103316,66,20221023-062033
0,0,경기76아4651,3,40,233000125,233000728,18,20221023-062033
0,0,경기76아4650,3,42,233000125,233000712,40,20221023-062048
0,0,경기76아4649,3,45,233000125,121001315,54,20221023-062048
0,0,경기76아4651,3,40,233000125,233000728,18,20221023-062048
0,0,경기76아1132,3,43,233000125,277103316,66,20221023-062048
0,0,경기76아4650,3,42,233000125,233000712,40,20221023-062103
0,0,경기76아4649,3,45,233000125,121001315,54,20221023-062103
0,0,경기76아1132,3,43,233000125,277103316,66,20221023-062103
0,0,경기76아4651,3,39,233000125,233000728,18,20221023-062103
0,0,경기76아4650,3,42,233000125,233000712,40,20221023-062118
0,0,경기76아4649,3,45,233000125,121001315,54,20221023-062118
0,0,경기76아4651,3,39,233000125,233000728,18,20221023-062118
0,0,경기76아1132,3,43,233000125,277103527,67,20221023-062118
0,0,경기76아4650,3,42,233000125,233000712,40,20221023-062133
0,0,경기76아4649,3,45,233000125,121001315,54,20221023-062133
0,0,경기76아4651,3,39,233000125,233000728,18,20221023-062133
0,0,경기76아1132,3,43,233000125,277103527,67,20221023-062133
0,0,경기76아4650,3,42,233000125,233000712,40,20221023-062148
0,0,경기76아4651,3,39,233000125,233000728,18,20221023-062148
0,0,경기76아1132,3,43,233000125,277103527,67,20221023-062148
0,0,경기76아4649,3,45,233000125,277101688,55,20221023-062148
0,0,경기76아4650,3,42,233000125,233000712,40,20221023-062203
0,0,경기76아4651,3,39,233000125,233000728,18,20221023-062203
0,0,경기76아1132,3,43,233000125,277103527,67,20221023-062203
0,0,경기76아4649,3,45,233000125,277101688,55,20221023-062203
0,0,경기76아4650,3,42,233000125,277103520,41,20221023-062218
0,0,경기76아4651,3,39,233000125,233000728,18,20221023-062218
0,0,경기76아1132,3,43,233000125,277103527,67,20221023-062218
0,0,경기76아4649,3,45,233000125,277101688,55,20221023-062218
0,0,경기76아4650,3,42,233000125,277103520,41,20221023-062233
0,0,경기76아4651,3,39,233000125,233000728,18,20221023-062233
0,0,경기76아4649,3,45,233000125,119900083,56,20221023-062233
0,0,경기76아1132,3,43,233000125,277103527,67,20221023-062233
0,0,경기76아4650,3,42,233000125,277103520,41,20221023-062248
0,0,경기76아4651,3,39,233000125,233000728,18,20221023-062248
0,0,경기76아4649,3,45,233000125,119900083,56,20221023-062248
0,0,경기76아1132,3,43,233000125,277103527,67,20221023-062248
0,0,경기76아4650,3,42,233000125,277103520,41,20221023-062303
0,0,경기76아4651,3,39,233000125,233000728,18,20221023-062303
0,0,경기76아4649,3,45,233000125,119900083,56,20221023-062303
0,0,경기76아1132,3,43,233000125,277103527,67,20221023-062303
0,0,경기76아4650,3,42,233000125,277103520,41,20221023-062318
0,0,경기76아4651,3,39,233000125,233000728,18,20221023-062318
0,0,경기76아4649,3,45,233000125,119900083,56,20221023-062318
0,0,경기76아1132,3,43,233000125,277103527,67,20221023-062318
0,0,경기76아4650,3,42,233000125,277103520,41,20221023-062333
0,0,경기76아4649,3,45,233000125,119900083,56,20221023-062333
0,0,경기76아1132,3,43,233000125,277103527,67,20221023-062333
0,0,경기76아4651,3,39,233000125,233000728,18,20221023-062333
0,0,경기76아4650,3,42,233000125,277103520,41,20221023-062348
0,0,경기76아4649,3,45,233000125,119900083,56,20221023-062348
0,0,경기76아1132,3,43,233000125,277103519,68,20221023-062348
0,0,경기76아4651,3,39,233000125,233001404,19,20221023-062348
0,0,경기76아4650,3,42,233000125,277103520,41,20221023-062403
0,0,경기76아4649,3,45,233000125,119900083,56,20221023-062403
0,0,경기76아1132,3,43,233000125,277103519,68,20221023-062403
0,0,경기76아4651,3,39,233000125,233000727,20,20221023-062403
0,0,경기76아4650,3,42,233000125,277103520,41,20221023-062418
0,0,경기76아4649,3,45,233000125,119900083,56,20221023-062418
0,0,경기76아1132,3,43,233000125,277103519,68,20221023-062418
0,0,경기76아4651,3,39,233000125,233000727,20,20221023-062418
0,0,경기76아4650,3,42,233000125,277103520,41,20221023-062433
0,0,경기76아4649,3,45,233000125,119900083,56,20221023-062433
0,0,경기76아1132,3,43,233000125,277103519,68,20221023-062433
0,0,경기76아4651,3,39,233000125,233000727,20,20221023-062433
0,0,경기76아4650,3,42,233000125,277103520,41,20221023-062448
0,0,경기76아4649,3,45,233000125,119900083,56,20221023-062448
0,0,경기76아4651,3,39,233000125,233000727,20,20221023-062448
0,0,경기76아1132,3,43,233000125,277103519,68,20221023-062448
0,0,경기76아4650,3,42,233000125,277103520,41,20221023-062503
0,0,경기76아4649,3,45,233000125,119900083,56,20221023-062503
0,0,경기76아4651,3,39,233000125,233000727,20,20221023-062503
0,0,경기76아1132,3,43,233000125,277103519,68,20221023-062503
0,0,경기76아4650,3,42,233000125,277103528,42,20221023-062518
0,0,경기76아4649,3,45,233000125,119900083,56,20221023-062518
0,0,경기76아1132,3,43,233000125,277103519,68,20221023-062518
0,0,경기76아4651,3,39,233000125,233000726,21,20221023-062518
0,0,경기76아4650,3,42,233000125,277103528,42,20221023-062533
0,0,경기76아4649,3,45,233000125,119900083,56,20221023-062533
0,0,경기76아1132,3,43,233000125,277103519,68,20221023-062533
0,0,경기76아4651,3,39,233000125,233000726,21,20221023-062533
0,0,경기76아4650,3,42,233000125,277103528,42,20221023-062548
0,0,경기76아4649,3,45,233000125,119900083,56,20221023-062548
0,0,경기76아4651,3,39,233000125,233000726,21,20221023-062548
0,0,경기76아1132,3,43,233000125,233000781,69,20221023-062548
0,0,경기76아4650,3,42,233000125,277103528,42,20221023-062603
0,0,경기76아4649,3,45,233000125,119900083,56,20221023-062603
0,0,경기76아4651,3,39,233000125,233000726,21,20221023-062603
0,0,경기76아1132,3,43,233000125,233000781,69,20221023-062603
0,0,경기76아4650,3,42,233000125,277103317,43,20221023-062618
0,0,경기76아4649,3,45,233000125,119900083,56,20221023-062618
0,0,경기76아4651,3,39,233000125,233000726,21,20221023-062618
0,0,경기76아1132,3,44,233000125,233000781,69,20221023-062618
0,0,경기76아4650,3,42,233000125,277103317,43,20221023-062633
0,0,경기76아4649,3,45,233000125,119900083,56,20221023-062633
0,0,경기76아4651,3,39,233000125,233000726,21,20221023-062633
0,0,경기76아1132,3,44,233000125,233000781,69,20221023-062633
0,0,경기76아4650,3,42,233000125,277103317,43,20221023-062648
0,0,경기76아4649,3,45,233000125,119900083,56,20221023-062648
0,0,경기76아1132,3,44,233000125,233000781,69,20221023-062648
0,0,경기76아4651,3,39,233000125,233000726,21,20221023-062648
0,0,경기76아4650,3,42,233000125,277103317,43,20221023-062703
0,0,경기76아4649,3,45,233000125,119900083,56,20221023-062703
0,0,경기76아4651,3,39,233000125,233000726,21,20221023-062703
0,0,경기76아1132,3,44,233000125,233000849,70,20221023-062703
0,0,경기76아4650,3,42,233000125,277103317,43,20221023-062718
0,0,경기76아4649,3,45,233000125,119900083,56,20221023-062718
0,0,경기76아4651,3,39,233000125,233000726,21,20221023-062718
0,0,경기76아1132,3,44,233000125,233000849,70,20221023-062718
0,0,경기76아4650,3,42,233000125,277103317,43,20221023-062733
0,0,경기76아4649,3,45,233000125,119900083,56,20221023-062733
0,0,경기76아4651,3,39,233000125,233000726,21,20221023-062733
0,0,경기76아1132,3,-1,233000125,233000848,71,20221023-062733
0,0,경기76아4650,3,42,233000125,277103317,43,20221023-062748
0,0,경기76아4649,3,45,233000125,119900083,56,20221023-062748
0,0,경기76아4651,3,39,233000125,233000726,21,20221023-062748
0,0,경기76아1132,3,-1,233000125,233000848,71,20221023-062748
0,0,경기76아4650,3,42,233000125,277103317,43,20221023-062803
0,0,경기76아4649,3,45,233000125,119900083,56,20221023-062803
0,0,경기76아4651,3,39,233000125,233000726,21,20221023-062803
0,0,경기76아1132,3,-1,233000125,233000848,71,20221023-062803
0,0,경기76아4650,3,42,233000125,277103317,43,20221023-062818
0,0,경기76아4649,3,45,233000125,119900083,56,20221023-062818
0,0,경기76아4651,3,39,233000125,233000726,21,20221023-062818
0,0,경기76아1132,3,-1,233000125,233000848,71,20221023-062818
0,0,경기76아4650,3,42,233000125,277103317,43,20221023-062833
0,0,경기76아4649,3,45,233000125,119900083,56,20221023-062833
0,0,경기76아4651,3,39,233000125,233000726,21,20221023-062833
0,0,경기76아1132,3,44,233000125,233000847,72,20221023-062833
0,0,경기76아4650,3,42,233000125,277103317,43,20221023-062848
0,0,경기76아4649,3,45,233000125,119900083,56,20221023-062848
0,0,경기76아1132,3,44,233000125,233000847,72,20221023-062848
0,0,경기76아4651,3,39,233000125,233000725,22,20221023-062848
0,0,경기76아4650,3,42,233000125,277103317,43,20221023-062903
0,0,경기76아4649,3,45,233000125,119900083,56,20221023-062903
0,0,경기76아1132,3,44,233000125,233000847,72,20221023-062903
0,0,경기76아4651,3,39,233000125,233000725,22,20221023-062903
0,0,경기76아4650,3,42,233000125,277103315,44,20221023-062918
0,0,경기76아4649,3,45,233000125,119900083,56,20221023-062918
0,0,경기76아1132,3,44,233000125,233002174,73,20221023-062918
0,0,경기76아4651,3,39,233000125,233002118,23,20221023-062918
0,0,경기76아4650,3,42,233000125,277103315,44,20221023-062933
0,0,경기76아4649,3,45,233000125,119900083,56,20221023-062933
0,0,경기76아1132,3,44,233000125,233002174,73,20221023-062933
0,0,경기76아4651,3,39,233000125,233002118,23,20221023-062933
0,0,경기76아4650,3,42,233000125,277103315,44,20221023-062948
0,0,경기76아4649,3,45,233000125,119900083,56,20221023-062948
0,0,경기76아4651,3,39,233000125,233002118,23,20221023-062948
0,0,경기76아1132,3,45,233000125,233002174,73,20221023-062948
0,0,경기76아4650,3,42,233000125,277103315,44,20221023-063004
0,0,경기76아4649,3,45,233000125,119900083,56,20221023-063004
0,0,경기76아1132,3,45,233000125,233002174,73,20221023-063004
0,0,경기76아4651,3,39,233000125,233002118,23,20221023-063004
0,0,경기76아4650,3,42,233000125,277103315,44,20221023-063018
0,0,경기76아4649,3,45,233000125,119900083,56,20221023-063018
0,0,경기76아1132,3,45,233000125,233002174,73,20221023-063018
0,0,경기76아4651,3,39,233000125,233002118,23,20221023-063018
0,0,경기76아4650,3,42,233000125,277103315,44,20221023-063033
0,0,경기76아4652,3,45,233000125,233002226,1,20221023-063033
0,0,경기76아1132,3,45,233000125,233002174,73,20221023-063033
0,0,경기76아4649,3,42,233000125,119900083,56,20221023-063033
0,0,경기76아4651,3,39,233000125,233000724,24,20221023-063033
0,0,경기76아4652,3,45,233000125,233002226,1,20221023-063048
0,0,경기76아4650,3,42,233000125,277103315,44,20221023-063048
0,0,경기76아4649,3,42,233000125,119900083,56,20221023-063048
0,0,경기76아4651,3,39,233000125,233000724,24,20221023-063048
0,0,경기76아1132,3,45,233000125,233000055,74,20221023-063048
0,0,경기76아4652,3,45,233000125,233002226,1,20221023-063103
0,0,경기76아4650,3,42,233000125,226000039,45,20221023-063103
0,0,경기76아4649,3,42,233000125,119900083,56,20221023-063103
0,0,경기76아4651,3,39,233000125,233000723,25,20221023-063103
0,0,경기76아1132,3,45,233000125,233000846,75,20221023-063103
0,0,경기76아4652,3,45,233000125,233002226,1,20221023-063118
0,0,경기76아4650,3,42,233000125,226000039,45,20221023-063118
0,0,경기76아4649,3,42,233000125,119900083,56,20221023-063118
0,0,경기76아1132,3,45,233000125,233000845,76,20221023-063118
0,0,경기76아4651,3,39,233000125,233000722,26,20221023-063118
0,0,경기76아4650,3,42,233000125,226000039,45,20221023-063133
0,0,경기76아4652,3,45,233000125,277102459,2,20221023-063133
0,0,경기76아4649,3,42,233000125,119900083,56,20221023-063133
0,0,경기76아1132,3,45,233000125,233000845,76,20221023-063133
0,0,경기76아4651,3,39,233000125,233000722,26,20221023-063133
0,0,경기76아4650,3,42,233000125,226000039,45,20221023-063148
0,0,경기76아4652,3,45,233000125,277102459,2,20221023-063148
0,0,경기76아1132,3,45,233000125,233000845,76,20221023-063148
0,0,경기76아4651,3,39,233000125,233000722,26,20221023-063148
0,0,경기76아4649,3,42,233000125,277103902,53,20221023-063148
0,0,경기76아4652,3,45,233000125,277102459,2,20221023-063203
0,0,경기76아4650,3,42,233000125,226000039,45,20221023-063203
0,0,경기76아4651,3,39,233000125,233000722,26,20221023-063203
0,0,경기76아1132,3,45,233000125,233002150,77,20221023-063203
0,0,경기76아4649,3,42,233000125,277102049,57,20221023-063203
0,0,경기76아4650,3,42,233000125,226000039,45,20221023-063218
0,0,경기76아4652,3,45,233000125,277102459,2,20221023-063218
0,0,경기76아4649,3,42,233000125,277102049,57,20221023-063218
0,0,경기76아1132,3,45,233000125,233002150,77,20221023-063218
0,0,경기76아4651,3,39,233000125,233000722,26,20221023-063218
0,0,경기76아4650,3,42,233000125,226000039,45,20221023-063233
0,0,경기76아4652,3,45,233000125,277102459,2,20221023-063233
0,0,경기76아4649,3,42,233000125,277102049,57,20221023-063233
0,0,경기76아1132,3,45,233000125,233002150,77,20221023-063233
0,0,경기76아4651,3,39,233000125,233000721,27,20221023-063233
0,0,경기76아4650,3,42,233000125,226000039,45,20221023-063248
0,0,경기76아4652,3,45,233000125,233002221,3,20221023-063248
0,0,경기76아4649,3,42,233000125,277102049,57,20221023-063248
0,0,경기76아4651,3,39,233000125,233000721,27,20221023-063248
0,0,경기76아1132,3,45,233000125,233002150,77,20221023-063248
0,0,경기76아4652,3,45,233000125,233002221,3,20221023-063303
0,0,경기76아4650,3,42,233000125,277103221,46,20221023-063303
0,0,경기76아4649,3,42,233000125,277102049,57,20221023-063303
0,0,경기76아4651,3,39,233000125,233000721,27,20221023-063303
0,0,경기76아1132,3,45,233000125,233000844,78,20221023-063303
0,0,경기76아4650,3,42,233000125,277103221,46,20221023-063318
0,0,경기76아4652,3,45,233000125,233002221,3,20221023-063318
0,0,경기76아4649,3,42,233000125,277102049,57,20221023-063318
0,0,경기76아4651,3,39,233000125,233000721,27,20221023-063318
0,0,경기76아1132,3,45,233000125,233000844,78,20221023-063318
0,0,경기76아4650,3,42,233000125,277103221,46,20221023-063333
0,0,경기76아4652,3,45,233000125,233002221,3,20221023-063333
0,0,경기76아4649,3,42,233000125,277102049,57,20221023-063333
0,0,경기76아4651,3,39,233000125,233000721,27,20221023-063333
0,0,경기76아1132,3,45,233000125,233000844,78,20221023-063333
0,0,경기76아4650,3,42,233000125,277103221,46,20221023-063348
0,0,경기76아4652,3,45,233000125,233002221,3,20221023-063348
0,0,경기76아4651,3,39,233000125,233000721,27,20221023-063348
0,0,경기76아1132,3,45,233000125,233000844,78,20221023-063348
0,0,경기76아4649,3,42,233000125,277102291,58,20221023-063348
0,0,경기76아4650,3,42,233000125,277103221,46,20221023-063403
0,0,경기76아4652,3,45,233000125,233002224,4,20221023-063403
0,0,경기76아1132,3,45,233000125,233000844,78,20221023-063403
0,0,경기76아4649,3,42,233000125,277102291,58,20221023-063403
0,0,경기76아4651,3,39,233000125,233000721,27,20221023-063403
0,0,경기76아4652,3,45,233000125,233002224,4,20221023-063418
0,0,경기76아4650,3,42,233000125,277103221,46,20221023-063418
0,0,경기76아4649,3,42,233000125,277102291,58,20221023-063418
0,0,경기76아1132,3,45,233000125,233000843,79,20221023-063418
0,0,경기76아4651,3,39,233000125,233000721,27,20221023-063418
0,0,경기76아4652,3,45,233000125,233002224,4,20221023-063433
0,0,경기76아4650,3,42,233000125,277103221,46,20221023-063433
0,0,경기76아4649,3,42,233000125,277102291,58,20221023-063433
0,0,경기76아1132,3,45,233000125,233000843,79,20221023-063433
0,0,경기76아4651,3,39,233000125,233000720,28,20221023-063433
0,0,경기76아4652,3,45,233000125,233002225,5,20221023-063448
0,0,경기76아4650,3,42,233000125,277103221,46,20221023-063448
0,0,경기76아4651,3,39,233000125,233000720,28,20221023-063448
0,0,경기76아1132,3,45,233000125,233000780,80,20221023-063448
0,0,경기76아4649,3,42,233000125,277102291,58,20221023-063448
0,0,경기76아4650,3,42,233000125,277103221,46,20221023-063503
0,0,경기76아4652,3,45,233000125,233002225,5,20221023-063503
0,0,경기76아4651,3,39,233000125,233000720,28,20221023-063503
0,0,경기76아1132,3,45,233000125,233000780,80,20221023-063503
0,0,경기76아4649,3,42,233000125,277102291,58,20221023-063503
0,0,경기76아4650,3,42,233000125,277103221,46,20221023-063518
0,0,경기76아4652,3,45,233000125,233002225,5,20221023-063518
0,0,경기76아4651,3,39,233000125,233000720,28,20221023-063518
0,0,경기76아4649,3,42,233000125,277102291,58,20221023-063518
0,0,경기76아1132,3,45,233000125,233000780,80,20221023-063518
0,0,경기76아4650,3,42,233000125,277103221,46,20221023-063533
0,0,경기76아4652,3,45,233000125,233002225,5,20221023-063533
0,0,경기76아4649,3,42,233000125,277102291,58,20221023-063533
0,0,경기76아1132,3,45,233000125,233000780,80,20221023-063533
0,0,경기76아4651,3,39,233000125,233000720,28,20221023-063533
0,0,경기76아4652,3,45,233000125,233002225,5,20221023-063548
0,0,경기76아4650,3,42,233000125,277103159,47,20221023-063548
0,0,경기76아4649,3,42,233000125,277102291,58,20221023-063548
0,0,경기76아1132,3,45,233000125,233000780,80,20221023-063548
0,0,경기76아4651,3,39,233000125,233000720,28,20221023-063548
0,0,경기76아4650,3,42,233000125,277103159,47,20221023-063603
0,0,경기76아4652,3,45,233000125,233002295,6,20221023-063603
0,0,경기76아1132,3,45,233000125,233000780,80,20221023-063603
0,0,경기76아4649,3,42,233000125,277102291,58,20221023-063603
0,0,경기76아4651,3,39,233000125,233000719,29,20221023-063603
0,0,경기76아4652,3,45,233000125,233002295,6,20221023-063618
0,0,경기76아4650,3,42,233000125,277103159,47,20221023-063618
0,0,경기76아4651,3,39,233000125,233000719,29,20221023-063618
0,0,경기76아4649,3,42,233000125,277103204,59,20221023-063618
0,0,경기76아1132,3,45,233000125,233000780,80,20221023-063618
0,0,경기76아4652,3,45,233000125,233002295,6,20221023-063633
0,0,경기76아4650,3,42,233000125,277103159,47,20221023-063633
0,0,경기76아4649,3,42,233000125,277103204,59,20221023-063633
0,0,경기76아1132,3,45,233000125,233000779,81,20221023-063633
0,0,경기76아4651,3,39,233000125,233000718,30,20221023-063633
0,0,경기76아4652,3,45,233000125,233002295,6,20221023-063648
0,0,경기76아4650,3,42,233000125,277103159,47,20221023-063648
0,0,경기76아4651,3,39,233000125,233000718,30,20221023-063648
0,0,경기76아4649,3,42,233000125,277103204,59,20221023-063648
0,0,경기76아1132,3,45,233000125,233000779,81,20221023-063648
0,0,경기76아4652,3,45,233000125,233002295,6,20221023-063703
0,0,경기76아4650,3,42,233000125,277103159,47,20221023-063703
0,0,경기76아4649,3,42,233000125,277103204,59,20221023-063703
0,0,경기76아1132,3,45,233000125,233000779,81,20221023-063703
0,0,경기76아4651,3,39,233000125,233000718,30,20221023-063703
0,0,경기76아4652,3,45,233000125,233002295,6,20221023-063718
0,0,경기76아4650,3,42,233000125,277103200,48,20221023-063718
0,0,경기76아4649,3,42,233000125,277103204,59,20221023-063718
0,0,경기76아4651,3,39,233000125,233000718,30,20221023-063718
0,0,경기76아1132,3,45,233000125,233000779,81,20221023-063718
0,0,경기76아4652,3,45,233000125,233002295,6,20221023-063733
0,0,경기76아4650,3,42,233000125,277103200,48,20221023-063733
0,0,경기76아4649,3,42,233000125,277103204,59,20221023-063733
0,0,경기76아1132,3,45,233000125,233000779,81,20221023-063733
0,0,경기76아4651,3,39,233000125,233000842,31,20221023-063733
0,0,경기76아4652,3,45,233000125,233002295,6,20221023-063748
0,0,경기76아4650,3,42,233000125,277103200,48,20221023-063748
0,0,경기76아1132,3,45,233000125,233000779,81,20221023-063748
0,0,경기76아4651,3,39,233000125,233000842,31,20221023-063748
0,0,경기76아4649,3,42,233000125,277103202,60,20221023-063748
0,0,경기76아4652,3,45,233000125,233002295,6,20221023-063803
0,0,경기76아4650,3,42,233000125,277103200,48,20221023-063803
0,0,경기76아4649,3,42,233000125,277103202,60,20221023-063803
0,0,경기76아4651,3,40,233000125,233000842,31,20221023-063803
0,0,경기76아1132,3,45,233000125,233000778,82,20221023-063803
0,0,경기76아4650,3,42,233000125,277103200,48,20221023-063818
0,0,경기76아4652,3,45,233000125,233002295,6,20221023-063818
0,0,경기76아4651,3,40,233000125,233000842,31,20221023-063818
0,0,경기76아4649,3,42,233000125,277103202,60,20221023-063818
0,0,경기76아1132,3,45,233000125,233000778,82,20221023-063818
0,0,경기76아4650,3,42,233000125,277103200,48,20221023-063833
0,0,경기76아4652,3,45,233000125,233001041,7,20221023-063833
0,0,경기76아4651,3,40,233000125,233000842,31,20221023-063833
0,0,경기76아1132,3,45,233000125,233000778,82,20221023-063833
0,0,경기76아4649,3,42,233000125,277103202,60,20221023-063833
0,0,경기76아4650,3,42,233000125,277103200,48,20221023-063848
0,0,경기76아4652,3,45,233000125,233002131,8,20221023-063848
0,0,경기76아1132,3,45,233000125,233000778,82,20221023-063848
0,0,경기76아4649,3,42,233000125,277103202,60,20221023-063848
0,0,경기76아4651,3,40,233000125,233002149,32,20221023-063848
0,0,경기76아4652,3,45,233000125,233002131,8,20221023-063903
0,0,경기76아4650,3,42,233000125,277103200,48,20221023-063903
0,0,경기76아1132,3,45,233000125,233000778,82,20221023-063903
0,0,경기76아4649,3,42,233000125,277103202,60,20221023-063903
0,0,경기76아4651,3,40,233000125,233002149,32,20221023-063903
0,0,경기76아4652,3,45,233000125,233002131,8,20221023-063918
0,0,경기76아4650,3,42,233000125,277103200,48,20221023-063918
0,0,경기76아1132,3,45,233000125,233000778,82,20221023-063918
0,0,경기76아4651,3,41,233000125,233002149,32,20221023-063918
0,0,경기76아4649,3,42,233000125,277103201,61,20221023-063918
0,0,경기76아4652,3,45,233000125,233000148,9,20221023-063933
0,0,경기76아4650,3,42,233000125,277103203,49,20221023-063933
0,0,경기76아4651,3,41,233000125,233002149,32,20221023-063933
0,0,경기76아4649,3,42,233000125,277103201,61,20221023-063933
0,0,경기76아1132,3,45,233000125,233000777,83,20221023-063933
0,0,경기76아4652,3,45,233000125,233000148,9,20221023-063948
0,0,경기76아4650,3,42,233000125,277103203,49,20221023-063948
0,0,경기76아4651,3,41,233000125,233002149,32,20221023-063948
0,0,경기76아4649,3,42,233000125,277103201,61,20221023-063948
0,0,경기76아1132,3,45,233000125,233000777,83,20221023-063948
0,0,경기76아4652,3,45,233000125,233000148,9,20221023-064006
0,0,경기76아4650,3,42,233000125,277103203,49,20221023-064006
0,0,경기76아4649,3,42,233000125,277103201,61,20221023-064006
0,0,경기76아4651,3,41,233000125,233000717,33,20221023-064006
0,0,경기76아1132,3,45,233000125,233000776,84,20221023-064006
0,0,경기76아4652,3,45,233000125,233000148,9,20221023-064018
0,0,경기76아4650,3,42,233000125,277103203,49,20221023-064018
0,0,경기76아1132,3,45,233000125,233000776,84,20221023-064018
0,0,경기76아4651,3,41,233000125,233000716,34,20221023-064018
0,0,경기76아4649,3,42,233000125,277103201,61,20221023-064018
0,0,경기76아4650,3,42,233000125,277103203,49,20221023-064033
0,0,경기76아4652,3,45,233000125,233000191,10,20221023-064033
0,0,경기76아4649,3,42,233000125,277103201,61,20221023-064033
0,0,경기76아4651,3,41,233000125,233000059,35,20221023-064033
0,0,경기76아1132,3,45,233000125,233000774,85,20221023-064033
0,0,경기76아4650,3,42,233000125,277103203,49,20221023-064048
0,0,경기76아4652,3,45,233000125,233000191,10,20221023-064048
0,0,경기76아4649,3,42,233000125,277103201,61,20221023-064048
0,0,경기76아1132,3,45,233000125,233000774,85,20221023-064048
0,0,경기76아4651,3,41,233000125,233000891,36,20221023-064048
0,0,경기76아4652,3,45,233000125,233000191,10,20221023-064103
0,0,경기76아4650,3,42,233000125,277103203,49,20221023-064103
0,0,경기76아4649,3,42,233000125,277103201,61,20221023-064103
0,0,경기76아4651,3,41,233000125,233000891,36,20221023-064103
0,0,경기76아1132,3,45,233000125,233000774,85,20221023-064103
0,0,경기76아4652,3,45,233000125,233000191,10,20221023-064118
0,0,경기76아4650,3,42,233000125,277103203,49,20221023-064118
0,0,경기76아4649,3,42,233000125,277103201,61,20221023-064118
0,0,경기76아4651,3,41,233000125,233000891,36,20221023-064118
0,0,경기76아1132,3,45,233000125,233000774,85,20221023-064118
0,0,경기76아4652,3,45,233000125,233000190,11,20221023-064133
0,0,경기76아4650,3,42,233000125,277103205,50,20221023-064133
0,0,경기76아4649,3,42,233000125,277103201,61,20221023-064133
0,0,경기76아1132,3,45,233000125,233000774,85,20221023-064133
0,0,경기76아4651,3,41,233000125,233000715,37,20221023-064133
0,0,경기76아4652,3,45,233000125,233000190,11,20221023-064148
0,0,경기76아4650,3,42,233000125,277103205,50,20221023-064148
0,0,경기76아4651,3,41,233000125,233000715,37,20221023-064148
0,0,경기76아1132,3,45,233000125,233000774,85,20221023-064148
0,0,경기76아4649,3,42,233000125,277103158,62,20221023-064148
0,0,경기76아4650,3,42,233000125,277103205,50,20221023-064203
0,0,경기76아4652,3,45,233000125,233000189,12,20221023-064203
0,0,경기76아4651,3,41,233000125,233000715,37,20221023-064203
0,0,경기76아1132,3,45,233000125,233000774,85,20221023-064203
0,0,경기76아4649,3,42,233000125,277103158,62,20221023-064203
0,0,경기76아4650,3,42,233000125,277103205,50,20221023-064218
0,0,경기76아4652,3,45,233000125,233000189,12,20221023-064218
0,0,경기76아1132,3,45,233000125,233000774,85,20221023-064218
0,0,경기76아4649,3,42,233000125,277103158,62,20221023-064218
0,0,경기76아4651,3,41,233000125,233000714,38,20221023-064218
0,0,경기76아4650,3,42,233000125,277103205,50,20221023-064233
0,0,경기76아4652,3,44,233000125,233000189,12,20221023-064233
0,0,경기76아1132,3,45,233000125,233000773,86,20221023-064233
0,0,경기76아4651,3,41,233000125,233000713,39,20221023-064233
0,0,경기76아4649,3,42,233000125,277103158,62,20221023-064233
0,0,경기76아4652,3,44,233000125,233000189,12,20221023-064248
0,0,경기76아4650,3,42,233000125,277103205,50,20221023-064248
0,0,경기76아4649,3,42,233000125,277103158,62,20221023-064248
0,0,경기76아4651,3,41,233000125,233000713,39,20221023-064248
0,0,경기76아1132,3,45,233000125,233003082,87,20221023-064248
0,0,경기76아4650,3,42,233000125,277103205,50,20221023-064303
0,0,경기76아4652,3,44,233000125,233001943,13,20221023-064303
0,0,경기76아4651,3,41,233000125,233000713,39,20221023-064303
0,0,경기76아4649,3,42,233000125,277103220,63,20221023-064303
0,0,경기76아1132,3,45,233000125,233003082,87,20221023-064303
0,0,경기76아4650,3,42,233000125,277103205,50,20221023-064318
0,0,경기76아4652,3,44,233000125,233001943,13,20221023-064318
0,0,경기76아4649,3,42,233000125,277103220,63,20221023-064318
0,0,경기76아1132,3,45,233000125,233003082,87,20221023-064318
0,0,경기76아4651,3,41,233000125,233000713,39,20221023-064318
0,0,경기76아4650,3,42,233000125,277103205,50,20221023-064333
0,0,경기76아4652,3,43,233000125,233001943,13,20221023-064333
0,0,경기76아4649,3,42,233000125,277103220,63,20221023-064333
0,0,경기76아1132,3,45,233000125,233003082,87,20221023-064333
0,0,경기76아4651,3,41,233000125,233000712,40,20221023-064333
0,0,경기76아4650,3,42,233000125,277103205,50,20221023-064348
0,0,경기76아4652,3,43,233000125,233000188,14,20221023-064348
0,0,경기76아4649,3,42,233000125,277103220,63,20221023-064348
0,0,경기76아1132,3,45,233000125,233003082,87,20221023-064348
0,0,경기76아4651,3,41,233000125,233000712,40,20221023-064348
0,0,경기76아4650,3,42,233000125,277103205,50,20221023-064403
0,0,경기76아4652,3,43,233000125,233000188,14,20221023-064403
0,0,경기76아1132,3,45,233000125,233003082,87,20221023-064403
0,0,경기76아4651,3,41,233000125,233000712,40,20221023-064403
0,0,경기76아4649,3,42,233000125,277103220,63,20221023-064403
0,0,경기76아4652,3,43,233000125,233000188,14,20221023-064418
0,0,경기76아4650,3,42,233000125,277103903,51,20221023-064418
0,0,경기76아1132,3,45,233000125,233003082,87,20221023-064418
0,0,경기76아4651,3,41,233000125,233000712,40,20221023-064418
0,0,경기76아4649,3,42,233000125,277103220,63,20221023-064418
0,0,경기76아4652,3,43,233000125,233000188,14,20221023-064433
0,0,경기76아4650,3,42,233000125,277103903,51,20221023-064433
0,0,경기76아1132,3,45,233000125,233003082,87,20221023-064433
0,0,경기76아4651,3,41,233000125,233000712,40,20221023-064433
0,0,경기76아4649,3,42,233000125,277103220,63,20221023-064433
0,0,경기76아4652,3,43,233000125,233000188,14,20221023-064448
0,0,경기76아4650,3,42,233000125,120000671,52,20221023-064448
0,0,경기76아1132,3,45,233000125,233003082,87,20221023-064448
0,0,경기76아4651,3,41,233000125,233000712,40,20221023-064448
0,0,경기76아4649,3,42,233000125,277103220,63,20221023-064448
0,0,경기76아4652,3,43,233000125,233000188,14,20221023-064503
0,0,경기76아4650,3,42,233000125,120000671,52,20221023-064503
0,0,경기76아1132,3,45,233000125,233003082,87,20221023-064503
0,0,경기76아4651,3,41,233000125,233000712,40,20221023-064503
0,0,경기76아4649,3,42,233000125,226000038,64,20221023-064503
0,0,경기76아4652,3,43,233000125,233000188,14,20221023-064518
0,0,경기76아4650,3,42,233000125,120000671,52,20221023-064518
0,0,경기76아1132,3,45,233000125,233003082,87,20221023-064518
0,0,경기76아4651,3,41,233000125,233000712,40,20221023-064518
0,0,경기76아4649,3,42,233000125,226000038,64,20221023-064518
0,0,경기76아4650,3,42,233000125,277103902,53,20221023-064533
0,0,경기76아4652,3,43,233000125,233001318,15,20221023-064533
0,0,경기76아1132,3,45,233000125,233003082,87,20221023-064533
0,0,경기76아4649,3,42,233000125,226000038,64,20221023-064533
0,0,경기76아4651,3,41,233000125,233000712,40,20221023-064533
0,0,경기76아4652,3,43,233000125,233001318,15,20221023-064548
0,0,경기76아4650,3,42,233000125,277103902,53,20221023-064548
0,0,경기76아4651,3,41,233000125,233000712,40,20221023-064548
0,0,경기76아1132,3,45,233000125,233000772,88,20221023-064548
0,0,경기76아4649,3,42,233000125,226000038,64,20221023-064548
0,0,경기76아4650,3,42,233000125,277103902,53,20221023-064603
0,0,경기76아4652,3,43,233000125,233001318,15,20221023-064603
0,0,경기76아4651,3,41,233000125,233000712,40,20221023-064603
0,0,경기76아4649,3,42,233000125,226000038,64,20221023-064603
0,0,경기76아1132,3,45,233000125,233000772,88,20221023-064603
0,0,경기76아4650,3,42,233000125,277103902,53,20221023-064618
0,0,경기76아4652,3,43,233000125,233001318,15,20221023-064618
0,0,경기76아4651,3,41,233000125,233000712,40,20221023-064618
0,0,경기76아4649,3,42,233000125,226000038,64,20221023-064618
0,0,경기76아1132,3,45,233000125,233000772,88,20221023-064618
0,0,경기76아4650,3,42,233000125,277103902,53,20221023-064633
0,0,경기76아4652,3,43,233000125,233001318,15,20221023-064633
0,0,경기76아4649,3,42,233000125,226000038,64,20221023-064633
0,0,경기76아1132,3,45,233000125,233000772,88,20221023-064633
0,0,경기76아4651,3,41,233000125,233000712,40,20221023-064633
0,0,경기76아4650,3,42,233000125,277103902,53,20221023-064648
0,0,경기76아4652,3,43,233000125,233001318,15,20221023-064648
0,0,경기76아4649,3,42,233000125,226000038,64,20221023-064648
0,0,경기76아1132,3,45,233000125,233000772,88,20221023-064648
0,0,경기76아4651,3,41,233000125,233000712,40,20221023-064648
0,0,경기76아4650,3,42,233000125,277103902,53,20221023-064703
0,0,경기76아4652,3,43,233000125,233000730,16,20221023-064703
0,0,경기76아4651,3,41,233000125,233000712,40,20221023-064703
0,0,경기76아4649,3,42,233000125,226000038,64,20221023-064703
0,0,경기76아1132,3,45,233000125,233000772,88,20221023-064703
0,0,경기76아4650,3,42,233000125,277103902,53,20221023-064718
0,0,경기76아4652,3,43,233000125,233000730,16,20221023-064718
0,0,경기76아4651,3,41,233000125,233000712,40,20221023-064718
0,0,경기76아4649,3,42,233000125,277103314,65,20221023-064718
0,0,경기76아1132,3,45,233000125,233000771,89,20221023-064718
0,0,경기76아4650,3,42,233000125,277103902,53,20221023-064733
0,0,경기76아4652,3,43,233000125,233000730,16,20221023-064733
0,0,경기76아4649,3,42,233000125,277103314,65,20221023-064733
0,0,경기76아1132,3,45,233000125,233000771,89,20221023-064733
0,0,경기76아4651,3,41,233000125,233000712,40,20221023-064733
0,0,경기76아4650,3,42,233000125,277103902,53,20221023-064748
0,0,경기76아4652,3,43,233000125,233000730,16,20221023-064748
0,0,경기76아4649,3,42,233000125,277103314,65,20221023-064748
0,0,경기76아1132,3,45,233000125,233000771,89,20221023-064748
0,0,경기76아4651,3,41,233000125,277103520,41,20221023-064748
0,0,경기76아4650,3,42,233000125,277103902,53,20221023-064803
0,0,경기76아4652,3,43,233000125,233000729,17,20221023-064803
0,0,경기76아4649,3,42,233000125,277103314,65,20221023-064803
0,0,경기76아4651,3,41,233000125,277103520,41,20221023-064803
0,0,경기76아1132,3,45,233000125,233000770,90,20221023-064803
0,0,경기76아4650,3,42,233000125,277103902,53,20221023-064818
0,0,경기76아4652,3,43,233000125,233000729,17,20221023-064818
0,0,경기76아4649,3,42,233000125,277103314,65,20221023-064818
0,0,경기76아4651,3,41,233000125,277103520,41,20221023-064818
0,0,경기76아1132,3,45,233000125,233000770,90,20221023-064818
0,0,경기76아4650,3,42,233000125,277103902,53,20221023-064833
0,0,경기76아4652,3,43,233000125,233000729,17,20221023-064833
0,0,경기76아4649,3,42,233000125,277103314,65,20221023-064833
0,0,경기76아4651,3,41,233000125,277103520,41,20221023-064833
0,0,경기76아1132,3,45,233000125,233000770,90,20221023-064833
0,0,경기76아4650,3,42,233000125,277103902,53,20221023-064848
0,0,경기76아4652,3,43,233000125,233000729,17,20221023-064848
0,0,경기76아4649,3,42,233000125,277103314,65,20221023-064848
0,0,경기76아4651,3,41,233000125,277103520,41,20221023-064848
0,0,경기76아1132,3,45,233000125,233000770,90,20221023-064848
0,0,경기76아4650,3,42,233000125,277103902,53,20221023-064903
0,0,경기76아4652,3,43,233000125,233000729,17,20221023-064903
0,0,경기76아4649,3,42,233000125,277103314,65,20221023-064903
0,0,경기76아4651,3,41,233000125,277103520,41,20221023-064903
0,0,경기76아1132,3,45,233000125,233000770,90,20221023-064903
0,0,경기76아4650,3,42,233000125,277103902,53,20221023-064918
0,0,경기76아4652,3,43,233000125,233000729,17,20221023-064918
0,0,경기76아4649,3,42,233000125,277103314,65,20221023-064918
0,0,경기76아4651,3,41,233000125,277103520,41,20221023-064918
0,0,경기76아1132,3,45,233000125,233000770,90,20221023-064918
0,0,경기76아4650,3,42,233000125,277103902,53,20221023-064933
0,0,경기76아4652,3,43,233000125,233000729,17,20221023-064933
0,0,경기76아4651,3,41,233000125,277103520,41,20221023-064933
0,0,경기76아1132,3,45,233000125,233000769,91,20221023-064933
0,0,경기76아4649,3,42,233000125,277103314,65,20221023-064933
0,0,경기76아4650,3,42,233000125,277103902,53,20221023-064948
0,0,경기76아4652,3,43,233000125,233000729,17,20221023-064948
0,0,경기76아4651,3,41,233000125,277103520,41,20221023-064948
0,0,경기76아4649,3,42,233000125,277103314,65,20221023-064948
0,0,경기76아1132,3,45,233000125,233000769,91,20221023-064948
0,0,경기76아4650,3,42,233000125,277103902,53,20221023-065003
0,0,경기76아4652,3,43,233000125,233000729,17,20221023-065003
0,0,경기76아1132,3,45,233000125,233000769,91,20221023-065003
0,0,경기76아4651,3,41,233000125,277103520,41,20221023-065003
0,0,경기76아4649,3,42,233000125,277103316,66,20221023-065003
0,0,경기76아4650,3,42,233000125,277103902,53,20221023-065018
0,0,경기76아4652,3,43,233000125,233000729,17,20221023-065018
0,0,경기76아4651,3,41,233000125,277103520,41,20221023-065018
0,0,경기76아4649,3,42,233000125,277103316,66,20221023-065018
0,0,경기76아1132,3,45,233000125,233000768,92,20221023-065018
0,0,경기76아4650,3,42,233000125,277103902,53,20221023-065033
0,0,경기76아4652,3,43,233000125,233000728,18,20221023-065033
0,0,경기76아1132,3,45,233000125,233000768,92,20221023-065033
0,0,경기76아4649,3,42,233000125,277103316,66,20221023-065033
0,0,경기76아4651,3,41,233000125,277103528,42,20221023-065033
0,0,경기76아4650,3,42,233000125,277103902,53,20221023-065048
0,0,경기76아4652,3,43,233000125,233000728,18,20221023-065048
0,0,경기76아1132,3,45,233000125,233000768,92,20221023-065048
0,0,경기76아4649,3,42,233000125,277103316,66,20221023-065048
0,0,경기76아4651,3,41,233000125,277103528,42,20221023-065048
0,0,경기76아4650,3,42,233000125,277103902,53,20221023-065103
0,0,경기76아4652,3,43,233000125,233001404,19,20221023-065103
0,0,경기76아4651,3,41,233000125,277103528,42,20221023-065103
0,0,경기76아4649,3,42,233000125,277103527,67,20221023-065103
0,0,경기76아1132,3,47,233000125,233000768,92,20221023-065103
0,0,경기76아4650,3,42,233000125,277103902,53,20221023-065118
0,0,경기76아4652,3,43,233000125,233000727,20,20221023-065118
0,0,경기76아4651,3,41,233000125,277103528,42,20221023-065118
0,0,경기76아4649,3,42,233000125,277103527,67,20221023-065118
0,0,경기76아1132,3,47,233000125,233000768,92,20221023-065118
0,0,경기76아4650,3,42,233000125,277103902,53,20221023-065133
0,0,경기76아4652,3,43,233000125,233000727,20,20221023-065133
0,0,경기76아4649,3,42,233000125,277103527,67,20221023-065133
0,0,경기76아1132,3,47,233000125,233001749,93,20221023-065133
0,0,경기76아4651,3,41,233000125,277103317,43,20221023-065133
0,0,경기76아4650,3,42,233000125,277103902,53,20221023-065148
0,0,경기76아4652,3,43,233000125,233000727,20,20221023-065148
0,0,경기76아4649,3,42,233000125,277103527,67,20221023-065148
0,0,경기76아4651,3,41,233000125,277103317,43,20221023-065148
0,0,경기76아1132,3,47,233000125,233001749,93,20221023-065148
0,0,경기76아4650,3,42,233000125,277103902,53,20221023-065203
0,0,경기76아4652,3,43,233000125,233000727,20,20221023-065203
0,0,경기76아4649,3,42,233000125,277103527,67,20221023-065203
0,0,경기76아4651,3,41,233000125,277103317,43,20221023-065203
0,0,경기76아1132,3,47,233000125,233001749,93,20221023-065203
0,0,경기76아4652,3,43,233000125,233000727,20,20221023-065218
0,0,경기76아4650,3,45,233000125,121001315,54,20221023-065218
0,0,경기76아4649,3,42,233000125,277103527,67,20221023-065218
0,0,경기76아4651,3,41,233000125,277103317,43,20221023-065218
0,0,경기76아1132,3,47,233000125,233002159,94,20221023-065218
0,0,경기76아4650,3,45,233000125,121001315,54,20221023-065233
0,0,경기76아4652,3,43,233000125,233000726,21,20221023-065233
0,0,경기76아4651,3,41,233000125,277103317,43,20221023-065233
0,0,경기76아1132,3,47,233000125,233002159,94,20221023-065233
0,0,경기76아4649,3,42,233000125,277103527,67,20221023-065233
0,0,경기76아4650,3,45,233000125,121001315,54,20221023-065248
0,0,경기76아4652,3,43,233000125,233000726,21,20221023-065248
0,0,경기76아4651,3,41,233000125,277103317,43,20221023-065248
0,0,경기76아1132,3,47,233000125,233002159,94,20221023-065248
0,0,경기76아4649,3,42,233000125,277103527,67,20221023-065248
0,0,경기76아4650,3,45,233000125,121001315,54,20221023-065304
0,0,경기76아4652,3,43,233000125,233000726,21,20221023-065304
0,0,경기76아4651,3,41,233000125,277103317,43,20221023-065304
0,0,경기76아1132,3,47,233000125,233002159,94,20221023-065304
0,0,경기76아4649,3,42,233000125,277103527,67,20221023-065304
0,0,경기76아4650,3,45,233000125,121001315,54,20221023-065318
0,0,경기76아4652,3,43,233000125,233000726,21,20221023-065318
0,0,경기76아4651,3,41,233000125,277103317,43,20221023-065318
0,0,경기76아1132,3,47,233000125,233002159,94,20221023-065318
0,0,경기76아4649,3,42,233000125,277103527,67,20221023-065318
0,0,경기76아4650,3,45,233000125,121001315,54,20221023-065333
0,0,경기76아4652,3,43,233000125,233000726,21,20221023-065333
0,0,경기76아4651,3,41,233000125,277103317,43,20221023-065333
0,0,경기76아1132,3,47,233000125,233002159,94,20221023-065333
0,0,경기76아4649,3,42,233000125,277103527,67,20221023-065333
0,0,경기76아4650,3,45,233000125,121001315,54,20221023-065348
0,0,경기76아4652,3,43,233000125,233000726,21,20221023-065348
0,0,경기76아4651,3,41,233000125,277103317,43,20221023-065348
0,0,경기76아1132,3,47,233000125,233002159,94,20221023-065348
0,0,경기76아4649,3,42,233000125,277103519,68,20221023-065348
0,0,경기76아4650,3,45,233000125,121001315,54,20221023-065403
0,0,경기76아4652,3,43,233000125,233000726,21,20221023-065403
0,0,경기76아1132,3,47,233000125,233002159,94,20221023-065403
0,0,경기76아4649,3,42,233000125,277103519,68,20221023-065403
0,0,경기76아4651,3,41,233000125,277103317,43,20221023-065403
0,0,경기76아4650,3,45,233000125,121001315,54,20221023-065418
0,0,경기76아4652,3,43,233000125,233000726,21,20221023-065418
0,0,경기76아1132,3,47,233000125,233002159,94,20221023-065418
0,0,경기76아4651,3,41,233000125,277103317,43,20221023-065418
0,0,경기76아4649,3,42,233000125,277103519,68,20221023-065418
0,0,경기76아4650,3,45,233000125,121001315,54,20221023-065433
0,0,경기76아4652,3,43,233000125,233000726,21,20221023-065433
0,0,경기76아4649,3,42,233000125,277103519,68,20221023-065433
0,0,경기76아4651,3,41,233000125,277103315,44,20221023-065433
0,0,경기76아1132,3,47,233000125,233001828,95,20221023-065433
0,0,경기76아4652,3,43,233000125,233000726,21,20221023-065448
0,0,경기76아4650,3,45,233000125,277101688,55,20221023-065448
0,0,경기76아4651,3,41,233000125,277103315,44,20221023-065448
0,0,경기76아1132,3,47,233000125,233001828,95,20221023-065448
0,0,경기76아4649,3,42,233000125,277103519,68,20221023-065448
0,0,경기76아4650,3,45,233000125,277101688,55,20221023-065503
0,0,경기76아4652,3,43,233000125,233000725,22,20221023-065503
0,0,경기76아4649,3,42,233000125,277103519,68,20221023-065503
0,0,경기76아1132,3,48,233000125,233001828,95,20221023-065503
0,0,경기76아4651,3,41,233000125,277103315,44,20221023-065503
0,0,경기76아4650,3,45,233000125,277101688,55,20221023-065518
0,0,경기76아4652,3,43,233000125,233000725,22,20221023-065518
0,0,경기76아4649,3,42,233000125,277103519,68,20221023-065518
0,0,경기76아1132,3,48,233000125,233001828,95,20221023-065518
0,0,경기76아4651,3,41,233000125,277103315,44,20221023-065518
0,0,경기76아4650,3,45,233000125,277101688,55,20221023-065533
0,0,경기76아4652,3,43,233000125,233000725,22,20221023-065533
0,0,경기76아1132,3,48,233000125,233001828,95,20221023-065533
0,0,경기76아4651,3,41,233000125,277103315,44,20221023-065533
0,0,경기76아4649,3,42,233000125,233000781,69,20221023-065533
0,0,경기76아4652,3,43,233000125,233000725,22,20221023-065548
0,0,경기76아4650,3,45,233000125,119900083,56,20221023-065548
0,0,경기76아1132,3,48,233000125,233001828,95,20221023-065548
0,0,경기76아4649,3,42,233000125,233000781,69,20221023-065548
0,0,경기76아4651,3,41,233000125,277103315,44,20221023-065548
0,0,경기76아4652,3,43,233000125,233000725,22,20221023-065603
0,0,경기76아4650,3,45,233000125,119900083,56,20221023-065603
0,0,경기76아1132,3,48,233000125,233001828,95,20221023-065603
0,0,경기76아4649,3,42,233000125,233000781,69,20221023-065603
0,0,경기76아4651,3,41,233000125,277103315,44,20221023-065603
0,0,경기76아4652,3,43,233000125,233000725,22,20221023-065618
0,0,경기76아4650,3,45,233000125,119900083,56,20221023-065618
0,0,경기76아1132,3,48,233000125,233001828,95,20221023-065618
0,0,경기76아4649,3,42,233000125,233000781,69,20221023-065618
0,0,경기76아4651,3,41,233000125,226000039,45,20221023-065618
0,0,경기76아4652,3,43,233000125,233000725,22,20221023-065633
0,0,경기76아4650,3,45,233000125,119900083,56,20221023-065633
0,0,경기76아1132,3,48,233000125,233001828,95,20221023-065633
0,0,경기76아4651,3,41,233000125,226000039,45,20221023-065633
0,0,경기76아4649,3,42,233000125,233000849,70,20221023-065633
0,0,경기76아4652,3,43,233000125,233000725,22,20221023-065648
0,0,경기76아4650,3,45,233000125,119900083,56,20221023-065648
0,0,경기76아1132,3,48,233000125,233001828,95,20221023-065648
0,0,경기76아4651,3,40,233000125,226000039,45,20221023-065648
0,0,경기76아4649,3,42,233000125,233000848,71,20221023-065648
0,0,경기76아4650,3,45,233000125,119900083,56,20221023-065703
0,0,경기76아4652,3,43,233000125,233000725,22,20221023-065703
0,0,경기76아1132,3,48,233000125,233001828,95,20221023-065703
0,0,경기76아4651,3,40,233000125,226000039,45,20221023-065703
0,0,경기76아4649,3,42,233000125,233000848,71,20221023-065703
0,0,경기76아4650,3,45,233000125,119900083,56,20221023-065718
0,0,경기76아4652,3,43,233000125,233002118,23,20221023-065718
0,0,경기76아4649,3,42,233000125,233000848,71,20221023-065718
0,0,경기76아1132,3,48,233000125,233001828,95,20221023-065718
0,0,경기76아4651,3,40,233000125,226000039,45,20221023-065718
0,0,경기76아4650,3,45,233000125,119900083,56,20221023-065733
0,0,경기76아4652,3,43,233000125,233002118,23,20221023-065733
0,0,경기76아4649,3,42,233000125,233000848,71,20221023-065733
0,0,경기76아4651,3,40,233000125,226000039,45,20221023-065733
0,0,경기76아1132,3,48,233000125,233001435,96,20221023-065733
0,0,경기76아4650,3,45,233000125,119900083,56,20221023-065748
0,0,경기76아4652,3,43,233000125,233002118,23,20221023-065748
0,0,경기76아1132,3,48,233000125,233000208,97,20221023-065748
0,0,경기76아4649,3,42,233000125,233000847,72,20221023-065748
0,0,경기76아4651,3,40,233000125,226000039,45,20221023-065748
0,0,경기76아4650,3,45,233000125,119900083,56,20221023-065803
0,0,경기76아4652,3,43,233000125,233002118,23,20221023-065803
0,0,경기76아4649,3,42,233000125,233000847,72,20221023-065803
0,0,경기76아4651,3,40,233000125,226000039,45,20221023-065803
0,0,경기76아1132,3,48,233000125,233001043,98,20221023-065803
0,0,경기76아4650,3,45,233000125,119900083,56,20221023-065818
0,0,경기76아4652,3,43,233000125,233002118,23,20221023-065818
0,0,경기76아1132,3,48,233000125,233001043,98,20221023-065818
0,0,경기76아4649,3,42,233000125,233002174,73,20221023-065818
0,0,경기76아4651,3,40,233000125,277103221,46,20221023-065818
0,0,경기76아4650,3,45,233000125,119900083,56,20221023-065833
0,0,경기76아4652,3,43,233000125,233002118,23,20221023-065833
0,0,경기76아1132,3,48,233000125,233001043,98,20221023-065833
0,0,경기76아4651,3,40,233000125,277103221,46,20221023-065833
0,0,경기76아4649,3,42,233000125,233002174,73,20221023-065833
0,0,경기76아4650,3,45,233000125,119900083,56,20221023-065848
0,0,경기76아4652,3,43,233000125,233000724,24,20221023-065848
0,0,경기76아1132,3,48,233000125,233001043,98,20221023-065848
0,0,경기76아4651,3,40,233000125,277103221,46,20221023-065848
0,0,경기76아4649,3,42,233000125,233002174,73,20221023-065848
0,0,경기76아4650,3,45,233000125,119900083,56,20221023-065903
0,0,경기76아4652,3,43,233000125,233000724,24,20221023-065903
0,0,경기76아1132,3,48,233000125,233001043,98,20221023-065903
0,0,경기76아4649,3,42,233000125,233000055,74,20221023-065903
0,0,경기76아4651,3,40,233000125,277103221,46,20221023-065903
0,0,경기76아4650,3,45,233000125,119900083,56,20221023-065918
0,0,경기76아4652,3,42,233000125,233000724,24,20221023-065918
0,0,경기76아4649,3,42,233000125,233000846,75,20221023-065918
0,0,경기76아1132,3,48,233000125,233002130,99,20221023-065918
0,0,경기76아4651,3,40,233000125,277103221,46,20221023-065918
0,0,경기76아4650,3,45,233000125,119900083,56,20221023-065933
0,0,경기76아4652,3,42,233000125,233000723,25,20221023-065933
0,0,경기76아1132,3,48,233000125,233002130,99,20221023-065933
0,0,경기76아4651,3,40,233000125,277103221,46,20221023-065933
0,0,경기76아4649,3,42,233000125,233000845,76,20221023-065933
0,0,경기76아4650,3,45,233000125,119900083,56,20221023-065948
0,0,경기76아4652,3,42,233000125,233000723,25,20221023-065948
0,0,경기76아4649,3,42,233000125,233000845,76,20221023-065948
0,0,경기76아4651,3,40,233000125,277103221,46,20221023-065948
0,0,경기76아1132,3,48,233000125,233001042,100,20221023-065948
0,0,경기76아4650,3,45,233000125,119900083,56,20221023-070003
0,0,경기76아4652,3,41,233000125,233000723,25,20221023-070003
0,0,경기76아4651,3,40,233000125,277103221,46,20221023-070003
0,0,경기76아1132,3,48,233000125,233001042,100,20221023-070003
0,0,경기76아4649,3,42,233000125,233002150,77,20221023-070003
0,0,경기76아4650,3,45,233000125,119900083,56,20221023-070018
0,0,경기76아4652,3,41,233000125,233000723,25,20221023-070018
0,0,경기76아4651,3,40,233000125,277103221,46,20221023-070018
0,0,경기76아1132,3,48,233000125,233001042,100,20221023-070018
0,0,경기76아4649,3,42,233000125,233002150,77,20221023-070018
0,0,경기76아4652,3,41,233000125,233000722,26,20221023-070033
0,0,경기76아4650,3,37,233000125,119900083,56,20221023-070033
0,0,경기76아4651,3,40,233000125,277103221,46,20221023-070033
0,0,경기76아1132,3,48,233000125,233001042,100,20221023-070033
0,0,경기76아4649,3,42,233000125,233002150,77,20221023-070033
0,0,경기76아4650,3,37,233000125,119900083,56,20221023-070048
0,0,경기76아4652,3,40,233000125,233000722,26,20221023-070048
0,0,경기76아4651,3,40,233000125,277103221,46,20221023-070048
0,0,경기76아4649,3,42,233000125,233002150,77,20221023-070048
0,0,경기76아1132,3,48,233000125,233002296,101,20221023-070048
0,0,경기76아4650,3,37,233000125,119900083,56,20221023-070103
0,0,경기76아4652,3,40,233000125,233000722,26,20221023-070103
0,0,경기76아4651,3,40,233000125,277103221,46,20221023-070103
0,0,경기76아4649,3,42,233000125,233000844,78,20221023-070103
0,0,경기76아1132,3,48,233000125,233000207,102,20221023-070103
0,0,경기76아4650,3,37,233000125,119900083,56,20221023-070118
0,0,경기76아4652,3,40,233000125,233000722,26,20221023-070118
0,0,경기76아4649,3,42,233000125,233000844,78,20221023-070118
0,0,경기76아4651,3,40,233000125,277103159,47,20221023-070118
0,0,경기76아1132,3,48,233000125,233000207,102,20221023-070118
0,0,경기76아4650,3,37,233000125,119900083,56,20221023-070133
0,0,경기76아4652,3,40,233000125,233000722,26,20221023-070133
0,0,경기76아1132,3,48,233000125,233000207,102,20221023-070133
0,0,경기76아4649,3,41,233000125,233000844,78,20221023-070133
0,0,경기76아4651,3,40,233000125,277103159,47,20221023-070133
0,0,경기76아4652,3,40,233000125,233000722,26,20221023-070148
0,0,경기76아4650,3,37,233000125,277103902,53,20221023-070148
0,0,경기76아4649,3,41,233000125,233000844,78,20221023-070148
0,0,경기76아4651,3,40,233000125,277103159,47,20221023-070148
0,0,경기76아1132,3,48,233000125,233002216,103,20221023-070148
0,0,경기76아4652,3,40,233000125,233000721,27,20221023-070203
0,0,경기76아4650,3,37,233000125,277102049,57,20221023-070203
0,0,경기76아4651,3,40,233000125,277103159,47,20221023-070203
0,0,경기76아1132,3,48,233000125,233002216,103,20221023-070203
0,0,경기76아4649,3,41,233000125,233000844,78,20221023-070203
0,0,경기76아4652,3,40,233000125,233000721,27,20221023-070218
0,0,경기76아4650,3,37,233000125,277102049,57,20221023-070218
0,0,경기76아4651,3,40,233000125,277103159,47,20221023-070218
0,0,경기76아1132,3,48,233000125,233002216,103,20221023-070218
0,0,경기76아4649,3,41,233000125,233000844,78,20221023-070218
0,0,경기76아4650,3,37,233000125,277102049,57,20221023-070233
0,0,경기76아4652,3,39,233000125,233000721,27,20221023-070233
0,0,경기76아1132,3,48,233000125,233002216,103,20221023-070233
0,0,경기76아4649,3,41,233000125,233000844,78,20221023-070233
0,0,경기76아4651,3,40,233000125,277103200,48,20221023-070233
0,0,경기76아4650,3,37,233000125,277102049,57,20221023-070248
0,0,경기76아4652,3,39,233000125,233000721,27,20221023-070248
0,0,경기76아4649,3,41,233000125,233000844,78,20221023-070248
0,0,경기76아4651,3,40,233000125,277103200,48,20221023-070248
0,0,경기76아1132,3,48,233000125,233002223,104,20221023-070248
0,0,경기76아4650,3,37,233000125,277102049,57,20221023-070303
0,0,경기76아4652,3,39,233000125,233000721,27,20221023-070303
0,0,경기76아4649,3,41,233000125,233000844,78,20221023-070303
0,0,경기76아1132,3,48,233000125,233002223,104,20221023-070303
0,0,경기76아4651,3,40,233000125,277103200,48,20221023-070303
0,0,경기76아4650,3,37,233000125,277102049,57,20221023-070318
0,0,경기76아4652,3,39,233000125,233000721,27,20221023-070318
0,0,경기76아4649,3,41,233000125,233000844,78,20221023-070318
0,0,경기76아1132,3,48,233000125,233002223,104,20221023-070318
0,0,경기76아4651,3,40,233000125,277103200,48,20221023-070318
0,0,경기76아4652,3,39,233000125,233000721,27,20221023-070333
0,0,경기76아4650,3,37,233000125,277102291,58,20221023-070333
0,0,경기76아1132,3,48,233000125,233002223,104,20221023-070333
0,0,경기76아4651,3,40,233000125,277103200,48,20221023-070333
0,0,경기76아4649,3,41,233000125,233000843,79,20221023-070333
0,0,경기76아4652,3,39,233000125,233000721,27,20221023-070348
0,0,경기76아4650,3,37,233000125,277102291,58,20221023-070348
0,0,경기76아4651,3,40,233000125,277103200,48,20221023-070348
0,0,경기76아4649,3,41,233000125,233000843,79,20221023-070348
0,0,경기76아1132,3,49,233000125,233002223,104,20221023-070348
0,0,경기76아4650,3,37,233000125,277102291,58,20221023-070403
0,0,경기76아4652,3,39,233000125,233000721,27,20221023-070403
0,0,경기76아1132,3,49,233000125,233002223,104,20221023-070403
0,0,경기76아4651,3,40,233000125,277103200,48,20221023-070403
0,0,경기76아4649,3,41,233000125,233000780,80,20221023-070403
0,0,경기76아4650,3,37,233000125,277102291,58,20221023-070418
0,0,경기76아4652,3,39,233000125,233000721,27,20221023-070418
0,0,경기76아4651,3,40,233000125,277103200,48,20221023-070418
0,0,경기76아4649,3,41,233000125,233000780,80,20221023-070418
0,0,경기76아1132,3,49,233000125,233002214,105,20221023-070418
0,0,경기76아4650,3,37,233000125,277102291,58,20221023-070433
0,0,경기76아4652,3,39,233000125,233000720,28,20221023-070433
0,0,경기76아1122,3,49,233000125,233002226,1,20221023-070433
0,0,경기76아4649,3,41,233000125,233000780,80,20221023-070433
0,0,경기76아4651,3,40,233000125,277103203,49,20221023-070433
0,0,경기76아1132,3,49,233000125,233002214,105,20221023-070433
0,0,경기76아4650,3,37,233000125,277102291,58,20221023-070448
0,0,경기76아1122,3,49,233000125,233002226,1,20221023-070448
0,0,경기76아4652,3,39,233000125,233000720,28,20221023-070448
0,0,경기76아4649,3,41,233000125,233000780,80,20221023-070448
0,0,경기76아1132,3,49,233000125,233002214,105,20221023-070448
0,0,경기76아4651,3,40,233000125,277103203,49,20221023-070448
0,0,경기76아4650,3,37,233000125,277102291,58,20221023-070503
0,0,경기76아1122,3,49,233000125,233002226,1,20221023-070503
0,0,경기76아4652,3,39,233000125,233000720,28,20221023-070503
0,0,경기76아4649,3,41,233000125,233000780,80,20221023-070503
0,0,경기76아1132,3,49,233000125,233002214,105,20221023-070503
0,0,경기76아4651,3,40,233000125,277103203,49,20221023-070503
0,0,경기76아4650,3,37,233000125,277102291,58,20221023-070518
0,0,경기76아1122,3,49,233000125,233002226,1,20221023-070518
0,0,경기76아4652,3,39,233000125,233000720,28,20221023-070518
0,0,경기76아1132,3,49,233000125,233002214,105,20221023-070518
0,0,경기76아4651,3,40,233000125,277103203,49,20221023-070518
0,0,경기76아4649,3,41,233000125,233000779,81,20221023-070518
0,0,경기76아4650,3,37,233000125,277102291,58,20221023-070533
0,0,경기76아4652,3,39,233000125,233000720,28,20221023-070533
0,0,경기76아1122,3,49,233000125,233002226,1,20221023-070533
0,0,경기76아1132,3,49,233000125,233002214,105,20221023-070533
0,0,경기76아4649,3,41,233000125,233000779,81,20221023-070533
0,0,경기76아4651,3,40,233000125,277103203,49,20221023-070533
0,0,경기76아4652,3,39,233000125,233000720,28,20221023-070548
0,0,경기76아4650,3,37,233000125,277102291,58,20221023-070548
0,0,경기76아1122,3,49,233000125,277102459,2,20221023-070548
0,0,경기76아4651,3,40,233000125,277103203,49,20221023-070548
0,0,경기76아4649,3,41,233000125,233000779,81,20221023-070548
0,0,경기76아1132,3,49,233000125,233002214,105,20221023-070548
0,0,경기76아4652,3,39,233000125,233000720,28,20221023-070603
0,0,경기76아1122,3,49,233000125,277102459,2,20221023-070603
0,0,경기76아4650,3,37,233000125,277103204,59,20221023-070603
0,0,경기76아4649,3,41,233000125,233000779,81,20221023-070603
0,0,경기76아4651,3,40,233000125,277103203,49,20221023-070603
0,0,경기76아1132,3,49,233000125,233002214,105,20221023-070603
0,0,경기76아4652,3,39,233000125,233000720,28,20221023-070618
0,0,경기76아1122,3,49,233000125,277102459,2,20221023-070618
0,0,경기76아4650,3,37,233000125,277103204,59,20221023-070618
0,0,경기76아4649,3,41,233000125,233000779,81,20221023-070618
0,0,경기76아4651,3,40,233000125,277103203,49,20221023-070618
0,0,경기76아4652,3,39,233000125,233000720,28,20221023-070633
0,0,경기76아1122,3,49,233000125,277102459,2,20221023-070633
0,0,경기76아4650,3,37,233000125,277103204,59,20221023-070633
0,0,경기76아4649,3,41,233000125,233000779,81,20221023-070633
0,0,경기76아4651,3,40,233000125,277103205,50,20221023-070633
0,0,경기76아4650,3,37,233000125,277103204,59,20221023-070648
0,0,경기76아4652,3,39,233000125,233000720,28,20221023-070648
0,0,경기76아1122,3,49,233000125,277102459,2,20221023-070648
0,0,경기76아4649,3,41,233000125,233000779,81,20221023-070648
0,0,경기76아4651,3,40,233000125,277103205,50,20221023-070648
0,0,경기76아4650,3,37,233000125,277103204,59,20221023-070703
0,0,경기76아1122,3,49,233000125,277102459,2,20221023-070703
0,0,경기76아4652,3,39,233000125,233000719,29,20221023-070703
0,0,경기76아4651,3,40,233000125,277103205,50,20221023-070703
0,0,경기76아4649,3,41,233000125,233000779,81,20221023-070703
0,0,경기76아4650,3,37,233000125,277103204,59,20221023-070718
0,0,경기76아4652,3,39,233000125,233000719,29,20221023-070718
0,0,경기76아1122,3,49,233000125,233002221,3,20221023-070718
0,0,경기76아4649,3,41,233000125,233000779,81,20221023-070718
0,0,경기76아4651,3,40,233000125,277103205,50,20221023-070718
0,0,경기76아4652,3,39,233000125,233000719,29,20221023-070733
0,0,경기76아1122,3,49,233000125,233002221,3,20221023-070733
0,0,경기76아4650,3,37,233000125,277103204,59,20221023-070733
0,0,경기76아4651,3,40,233000125,277103205,50,20221023-070733
0,0,경기76아4649,3,41,233000125,233000778,82,20221023-070733
0,0,경기76아1122,3,49,233000125,233002221,3,20221023-070748
0,0,경기76아4652,3,39,233000125,233000718,30,20221023-070748
0,0,경기76아4650,3,37,233000125,277103202,60,20221023-070748
0,0,경기76아4649,3,41,233000125,233000778,82,20221023-070748
0,0,경기76아4651,3,40,233000125,277103205,50,20221023-070748
0,0,경기76아4652,3,39,233000125,233000718,30,20221023-070803
0,0,경기76아4650,3,37,233000125,277103202,60,20221023-070803
0,0,경기76아1122,3,49,233000125,233002221,3,20221023-070803
0,0,경기76아4651,3,40,233000125,277103205,50,20221023-070803
0,0,경기76아4649,3,41,233000125,233000778,82,20221023-070803
0,0,경기76아1122,3,49,233000125,233002221,3,20221023-070818
0,0,경기76아4650,3,37,233000125,277103202,60,20221023-070818
0,0,경기76아4652,3,39,233000125,233000718,30,20221023-070818
0,0,경기76아4651,3,40,233000125,277103205,50,20221023-070818
0,0,경기76아4649,3,41,233000125,233000777,83,20221023-070818
0,0,경기76아1122,3,49,233000125,233002221,3,20221023-070833
0,0,경기76아4652,3,39,233000125,233000718,30,20221023-070833
0,0,경기76아4650,3,37,233000125,277103202,60,20221023-070833
0,0,경기76아4651,3,40,233000125,277103205,50,20221023-070833
0,0,경기76아4649,3,41,233000125,233000777,83,20221023-070833
0,0,경기76아1122,3,49,233000125,233002221,3,20221023-070848
0,0,경기76아4650,3,37,233000125,277103202,60,20221023-070848
0,0,경기76아4652,3,39,233000125,233000842,31,20221023-070848
0,0,경기76아4651,3,40,233000125,277103205,50,20221023-070848
0,0,경기76아4649,3,41,233000125,233000776,84,20221023-070848
0,0,경기76아1122,3,49,233000125,233002221,3,20221023-070903
0,0,경기76아4650,3,37,233000125,277103202,60,20221023-070903
0,0,경기76아4652,3,39,233000125,233000842,31,20221023-070903
0,0,경기76아4649,3,41,233000125,233000776,84,20221023-070903
0,0,경기76아4651,3,40,233000125,277103903,51,20221023-070903
0,0,경기76아4652,3,39,233000125,233000842,31,20221023-070918
0,0,경기76아4650,3,37,233000125,277103201,61,20221023-070918
0,0,경기76아1122,3,46,233000125,233002224,4,20221023-070918
0,0,경기76아4651,3,40,233000125,277103903,51,20221023-070918
0,0,경기76아4649,3,42,233000125,233000776,84,20221023-070918
0,0,경기76아4650,3,37,233000125,277103201,61,20221023-070933
0,0,경기76아1122,3,46,233000125,233002224,4,20221023-070933
0,0,경기76아4652,3,39,233000125,233000842,31,20221023-070933
0,0,경기76아4651,3,40,233000125,277103903,51,20221023-070933
0,0,경기76아4649,3,42,233000125,233000774,85,20221023-070933
0,0,경기76아4650,3,37,233000125,277103201,61,20221023-070948
0,0,경기76아1122,3,46,233000125,233002224,4,20221023-070948
0,0,경기76아4652,3,39,233000125,233000842,31,20221023-070948
0,0,경기76아4651,3,40,233000125,120000671,52,20221023-070948
0,0,경기76아4649,3,42,233000125,233000774,85,20221023-070948
0,0,경기76아4650,3,37,233000125,277103201,61,20221023-071003
0,0,경기76아1122,3,46,233000125,233002224,4,20221023-071003
0,0,경기76아4652,3,39,233000125,233002149,32,20221023-071003
0,0,경기76아4651,3,40,233000125,120000671,52,20221023-071003
0,0,경기76아4649,3,42,233000125,233000774,85,20221023-071003
0,0,경기76아4652,3,39,233000125,233002149,32,20221023-071018
0,0,경기76아1122,3,46,233000125,233002225,5,20221023-071018
0,0,경기76아4650,3,37,233000125,277103201,61,20221023-071018
0,0,경기76아4651,3,40,233000125,120000671,52,20221023-071018
0,0,경기76아4649,3,42,233000125,233000774,85,20221023-071018
0,0,경기76아4652,3,39,233000125,233002149,32,20221023-071033
0,0,경기76아4650,3,37,233000125,277103201,61,20221023-071033
0,0,경기76아1122,3,46,233000125,233002225,5,20221023-071033
0,0,경기76아4651,3,40,233000125,277103902,53,20221023-071033
0,0,경기76아4649,3,42,233000125,233000774,85,20221023-071033
0,0,경기76아4650,3,37,233000125,277103201,61,20221023-071048
0,0,경기76아1122,3,46,233000125,233002225,5,20221023-071048
0,0,경기76아4652,3,39,233000125,233000717,33,20221023-071048
0,0,경기76아4649,3,42,233000125,233000774,85,20221023-071048
0,0,경기76아4651,3,40,233000125,277103902,53,20221023-071048
0,0,경기76아4650,3,37,233000125,277103201,61,20221023-071103
0,0,경기76아4652,3,39,233000125,233000717,33,20221023-071103
0,0,경기76아1122,3,46,233000125,233002225,5,20221023-071103
0,0,경기76아4651,3,40,233000125,121001315,54,20221023-071103
0,0,경기76아4649,3,42,233000125,233000773,86,20221023-071103
0,0,경기76아4650,3,37,233000125,277103201,61,20221023-071118
0,0,경기76아1122,3,46,233000125,233002225,5,20221023-071118
0,0,경기76아4652,3,39,233000125,233000716,34,20221023-071118
0,0,경기76아4651,3,40,233000125,121001315,54,20221023-071118
0,0,경기76아4649,3,42,233000125,233003082,87,20221023-071118
0,0,경기76아4650,3,37,233000125,277103201,61,20221023-071133
0,0,경기76아1122,3,46,233000125,233002225,5,20221023-071133
0,0,경기76아4652,3,39,233000125,233000059,35,20221023-071133
0,0,경기76아4651,3,40,233000125,121001315,54,20221023-071133
0,0,경기76아4649,3,42,233000125,233003082,87,20221023-071133
0,0,경기76아4652,3,39,233000125,233000059,35,20221023-071148
0,0,경기76아4650,3,37,233000125,277103158,62,20221023-071148
0,0,경기76아1122,3,46,233000125,233002295,6,20221023-071148
0,0,경기76아4651,3,40,233000125,121001315,54,20221023-071148
0,0,경기76아4649,3,42,233000125,233003082,87,20221023-071148
0,0,경기76아4652,3,39,233000125,233000059,35,20221023-071203
0,0,경기76아4650,3,37,233000125,277103158,62,20221023-071203
0,0,경기76아1122,3,46,233000125,233002295,6,20221023-071203
0,0,경기76아4649,3,42,233000125,233003082,87,20221023-071203
0,0,경기76아4651,3,40,233000125,121001315,54,20221023-071203
0,0,경기76아4650,3,37,233000125,277103158,62,20221023-071218
0,0,경기76아1122,3,46,233000125,233002295,6,20221023-071218
0,0,경기76아4652,3,39,233000125,233000059,35,20221023-071218
0,0,경기76아4649,3,42,233000125,233003082,87,20221023-071218
0,0,경기76아4651,3,45,233000125,121001315,54,20221023-071218
0,0,경기76아4650,3,37,233000125,277103158,62,20221023-071233
0,0,경기76아1122,3,46,233000125,233001041,7,20221023-071233
0,0,경기76아4652,3,39,233000125,233000891,36,20221023-071233
0,0,경기76아4649,3,42,233000125,233003082,87,20221023-071233
0,0,경기76아4651,3,45,233000125,121001315,54,20221023-071233
0,0,경기76아1122,3,46,233000125,233001041,7,20221023-071248
0,0,경기76아4652,3,39,233000125,233000891,36,20221023-071248
0,0,경기76아4650,3,37,233000125,277103220,63,20221023-071248
0,0,경기76아4649,3,42,233000125,233003082,87,20221023-071248
0,0,경기76아4651,3,45,233000125,121001315,54,20221023-071248
0,0,경기76아1122,3,46,233000125,233001041,7,20221023-071303
0,0,경기76아4652,3,39,233000125,233000891,36,20221023-071303
0,0,경기76아4650,3,37,233000125,277103220,63,20221023-071303
0,0,경기76아4649,3,42,233000125,233003082,87,20221023-071303
0,0,경기76아4651,3,45,233000125,121001315,54,20221023-071303
0,0,경기76아4650,3,37,233000125,277103220,63,20221023-071318
0,0,경기76아4652,3,39,233000125,233000715,37,20221023-071318
0,0,경기76아1122,3,46,233000125,233002131,8,20221023-071318
0,0,경기76아4651,3,45,233000125,277101688,55,20221023-071318
0,0,경기76아4649,3,42,233000125,233003082,87,20221023-071318
0,0,경기76아4650,3,37,233000125,277103220,63,20221023-071333
0,0,경기76아1122,3,46,233000125,233002131,8,20221023-071333
0,0,경기76아4652,3,39,233000125,233000715,37,20221023-071333
0,0,경기76아4651,3,45,233000125,277101688,55,20221023-071333
0,0,경기76아4649,3,42,233000125,233000772,88,20221023-071333
0,0,경기76아4652,3,39,233000125,233000715,37,20221023-071348
0,0,경기76아4650,3,37,233000125,277103220,63,20221023-071348
0,0,경기76아1122,3,46,233000125,233000148,9,20221023-071348
0,0,경기76아4649,3,42,233000125,233000772,88,20221023-071348
0,0,경기76아4651,3,45,233000125,277101688,55,20221023-071348
0,0,경기76아4652,3,39,233000125,233000715,37,20221023-071403
0,0,경기76아4650,3,37,233000125,277103220,63,20221023-071403
0,0,경기76아1122,3,46,233000125,233000148,9,20221023-071403
0,0,경기76아4651,3,45,233000125,119900083,56,20221023-071403
0,0,경기76아4649,3,42,233000125,233000772,88,20221023-071403
0,0,경기76아4650,3,37,233000125,277103220,63,20221023-071418
0,0,경기76아1122,3,46,233000125,233000148,9,20221023-071418
0,0,경기76아4652,3,39,233000125,233000714,38,20221023-071418
0,0,경기76아4649,3,42,233000125,233000772,88,20221023-071418
0,0,경기76아4651,3,45,233000125,119900083,56,20221023-071418
0,0,경기76아1122,3,46,233000125,233000148,9,20221023-071433
0,0,경기76아4650,3,37,233000125,277103220,63,20221023-071433
0,0,경기76아4652,3,39,233000125,233000713,39,20221023-071433
0,0,경기76아4649,3,42,233000125,233000772,88,20221023-071433
0,0,경기76아4651,3,45,233000125,119900083,56,20221023-071433
0,0,경기76아4652,3,39,233000125,233000713,39,20221023-071448
0,0,경기76아1122,3,46,233000125,233000191,10,20221023-071448
0,0,경기76아4650,3,37,233000125,226000038,64,20221023-071448
0,0,경기76아4651,3,45,233000125,119900083,56,20221023-071448
0,0,경기76아4649,3,42,233000125,233000771,89,20221023-071448
0,0,경기76아4652,3,39,233000125,233000713,39,20221023-071503
0,0,경기76아1122,3,46,233000125,233000191,10,20221023-071503
0,0,경기76아4650,3,37,233000125,226000038,64,20221023-071503
0,0,경기76아4651,3,45,233000125,119900083,56,20221023-071503
0,0,경기76아4649,3,42,233000125,233000771,89,20221023-071503
0,0,경기76아1122,3,46,233000125,233000191,10,20221023-071518
0,0,경기76아4652,3,39,233000125,233000713,39,20221023-071518
0,0,경기76아4650,3,37,233000125,226000038,64,20221023-071518
0,0,경기76아4651,3,45,233000125,119900083,56,20221023-071518
0,0,경기76아4649,3,43,233000125,233000771,89,20221023-071518
0,0,경기76아1122,3,46,233000125,233000191,10,20221023-071533
0,0,경기76아4650,3,37,233000125,226000038,64,20221023-071533
0,0,경기76아4652,3,39,233000125,233000712,40,20221023-071533
0,0,경기76아4651,3,45,233000125,119900083,56,20221023-071533
0,0,경기76아4649,3,43,233000125,233000771,89,20221023-071533
0,0,경기76아1122,3,46,233000125,233000191,10,20221023-071548
0,0,경기76아4650,3,37,233000125,226000038,64,20221023-071548
0,0,경기76아4652,3,39,233000125,233000712,40,20221023-071548
0,0,경기76아4651,3,45,233000125,119900083,56,20221023-071548
0,0,경기76아4649,3,43,233000125,233000770,90,20221023-071548
0,0,경기76아4650,3,37,233000125,226000038,64,20221023-071603
0,0,경기76아4652,3,39,233000125,233000712,40,20221023-071603
0,0,경기76아1122,3,46,233000125,233000191,10,20221023-071603
0,0,경기76아4651,3,45,233000125,119900083,56,20221023-071603
0,0,경기76아4649,3,43,233000125,233000770,90,20221023-071603
0,0,경기76아4652,3,39,233000125,233000712,40,20221023-071618
0,0,경기76아1122,3,46,233000125,233000191,10,20221023-071618
0,0,경기76아4650,3,37,233000125,226000038,64,20221023-071618
0,0,경기76아4651,3,45,233000125,119900083,56,20221023-071618
0,0,경기76아4649,3,43,233000125,233000770,90,20221023-071618
0,0,경기76아4652,3,39,233000125,233000712,40,20221023-071633
0,0,경기76아4650,3,37,233000125,277103314,65,20221023-071633
0,0,경기76아1122,3,46,233000125,233000190,11,20221023-071633
0,0,경기76아4651,3,45,233000125,119900083,56,20221023-071633
0,0,경기76아4649,3,43,233000125,233000770,90,20221023-071633
0,0,경기76아4650,3,37,233000125,277103314,65,20221023-071648
0,0,경기76아1122,3,46,233000125,233000190,11,20221023-071648
0,0,경기76아4652,3,39,233000125,233000712,40,20221023-071648
0,0,경기76아4651,3,45,233000125,119900083,56,20221023-071648
0,0,경기76아4649,3,43,233000125,233000769,91,20221023-071648
0,0,경기76아1122,3,46,233000125,233000190,11,20221023-071703
0,0,경기76아4652,3,39,233000125,233000712,40,20221023-071703
0,0,경기76아4650,3,37,233000125,277103314,65,20221023-071703
0,0,경기76아4651,3,45,233000125,119900083,56,20221023-071703
0,0,경기76아4649,3,43,233000125,233000769,91,20221023-071703
0,0,경기76아1122,3,46,233000125,233000190,11,20221023-071718
0,0,경기76아4652,3,39,233000125,233000712,40,20221023-071718
0,0,경기76아4650,3,37,233000125,277103314,65,20221023-071718
0,0,경기76아4651,3,45,233000125,119900083,56,20221023-071718
0,0,경기76아4649,3,43,233000125,233000768,92,20221023-071718
0,0,경기76아4652,3,39,233000125,233000712,40,20221023-071733
0,0,경기76아4650,3,37,233000125,277103314,65,20221023-071733
0,0,경기76아1122,3,46,233000125,233000189,12,20221023-071733
0,0,경기76아4651,3,45,233000125,119900083,56,20221023-071733
0,0,경기76아4649,3,43,233000125,233000768,92,20221023-071733
0,0,경기76아4650,3,37,233000125,277103314,65,20221023-071748
0,0,경기76아4652,3,39,233000125,233000712,40,20221023-071748
0,0,경기76아1122,3,46,233000125,233000189,12,20221023-071748
0,0,경기76아4651,3,45,233000125,119900083,56,20221023-071748
0,0,경기76아4649,3,44,233000125,233000768,92,20221023-071748
0,0,경기76아4650,3,37,233000125,277103314,65,20221023-071803
0,0,경기76아4652,3,39,233000125,233000712,40,20221023-071803
0,0,경기76아1122,3,46,233000125,233000189,12,20221023-071803
0,0,경기76아4651,3,45,233000125,119900083,56,20221023-071803
0,0,경기76아4649,3,44,233000125,233000768,92,20221023-071803
0,0,경기76아4650,3,37,233000125,277103314,65,20221023-071818
0,0,경기76아4652,3,39,233000125,233000712,40,20221023-071818
0,0,경기76아1122,3,46,233000125,233000189,12,20221023-071818
0,0,경기76아4649,3,44,233000125,233000768,92,20221023-071818
0,0,경기76아4651,3,45,233000125,119900083,56,20221023-071818
0,0,경기76아4650,3,37,233000125,277103314,65,20221023-071833
0,0,경기76아4652,3,39,233000125,233000712,40,20221023-071833
0,0,경기76아1122,3,46,233000125,233000189,12,20221023-071833
0,0,경기76아4651,3,45,233000125,119900083,56,20221023-071833
0,0,경기76아4649,3,44,233000125,233001749,93,20221023-071833
0,0,경기76아4650,3,37,233000125,277103314,65,20221023-071848
0,0,경기76아1122,3,46,233000125,233001943,13,20221023-071848
0,0,경기76아4652,3,39,233000125,233000712,40,20221023-071848
0,0,경기76아4651,3,45,233000125,119900083,56,20221023-071848
0,0,경기76아4649,3,44,233000125,233001749,93,20221023-071848
0,0,경기76아4650,3,37,233000125,277103316,66,20221023-071903
0,0,경기76아4652,3,39,233000125,277103520,41,20221023-071903
0,0,경기76아1122,3,45,233000125,233001943,13,20221023-071903
0,0,경기76아4651,3,45,233000125,119900083,56,20221023-071903
0,0,경기76아4649,3,44,233000125,233002159,94,20221023-071903
0,0,경기76아4650,3,37,233000125,277103316,66,20221023-071918
0,0,경기76아4652,3,39,233000125,277103520,41,20221023-071918
0,0,경기76아1122,3,45,233000125,233000188,14,20221023-071918
0,0,경기76아4651,3,45,233000125,119900083,56,20221023-071918
0,0,경기76아4649,3,44,233000125,233002159,94,20221023-071918
0,0,경기76아4652,3,39,233000125,277103520,41,20221023-071933
0,0,경기76아4650,3,37,233000125,277103316,66,20221023-071933
0,0,경기76아1122,3,45,233000125,233000188,14,20221023-071933
0,0,경기76아4651,3,45,233000125,119900083,56,20221023-071933
0,0,경기76아4649,3,44,233000125,233002159,94,20221023-071933
0,0,경기76아4652,3,39,233000125,277103520,41,20221023-071948
0,0,경기76아4650,3,37,233000125,277103316,66,20221023-071948
0,0,경기76아1122,3,45,233000125,233000188,14,20221023-071948
0,0,경기76아4649,3,44,233000125,233001828,95,20221023-071948
0,0,경기76아4651,3,45,233000125,119900083,56,20221023-071948
0,0,경기76아4652,3,39,233000125,277103520,41,20221023-072003
0,0,경기76아1122,3,45,233000125,233000188,14,20221023-072003
0,0,경기76아4650,3,37,233000125,277103527,67,20221023-072003
0,0,경기76아4649,3,44,233000125,233001828,95,20221023-072003
0,0,경기76아4651,3,43,233000125,119900083,56,20221023-072003
0,0,경기76아4652,3,39,233000125,277103520,41,20221023-072018
0,0,경기76아1122,3,45,233000125,233000188,14,20221023-072018
0,0,경기76아4650,3,37,233000125,277103527,67,20221023-072018
0,0,경기76아4649,3,44,233000125,233001828,95,20221023-072018
0,0,경기76아4651,3,43,233000125,119900083,56,20221023-072018
0,0,경기76아1122,3,45,233000125,233000188,14,20221023-072033
0,0,경기76아4650,3,37,233000125,277103527,67,20221023-072033
0,0,경기76아4652,3,39,233000125,277103520,41,20221023-072033
0,0,경기76아4649,3,44,233000125,233001828,95,20221023-072033
0,0,경기76아4651,3,43,233000125,119900083,56,20221023-072033
0,0,경기76아1122,3,45,233000125,233000188,14,20221023-072048
0,0,경기76아4650,3,37,233000125,277103527,67,20221023-072048
0,0,경기76아4652,3,39,233000125,277103520,41,20221023-072048
0,0,경기76아4649,3,44,233000125,233001828,95,20221023-072048
0,0,경기76아4651,3,43,233000125,119900083,56,20221023-072048
0,0,경기76아1122,3,45,233000125,233000188,14,20221023-072103
0,0,경기76아4650,3,37,233000125,277103527,67,20221023-072103
0,0,경기76아4652,3,39,233000125,277103520,41,20221023-072103
0,0,경기76아4649,3,44,233000125,233001828,95,20221023-072103
0,0,경기76아4651,3,43,233000125,119900083,56,20221023-072103
0,0,경기76아4652,3,39,233000125,277103520,41,20221023-072118
0,0,경기76아1122,3,45,233000125,233001318,15,20221023-072118
0,0,경기76아4650,3,37,233000125,277103527,67,20221023-072118
0,0,경기76아4651,3,43,233000125,119900083,56,20221023-072118
0,0,경기76아4649,3,44,233000125,233001828,95,20221023-072118
0,0,경기76아4652,3,39,233000125,277103520,41,20221023-072133
0,0,경기76아4650,3,37,233000125,277103527,67,20221023-072133
0,0,경기76아1122,3,45,233000125,233001318,15,20221023-072133
0,0,경기76아4651,3,43,233000125,119900083,56,20221023-072133
0,0,경기76아4649,3,44,233000125,233001435,96,20221023-072133
0,0,경기76아4650,3,37,233000125,277103527,67,20221023-072148
0,0,경기76아1122,3,45,233000125,233001318,15,20221023-072148
0,0,경기76아4652,3,39,233000125,277103528,42,20221023-072148
0,0,경기76아4651,3,43,233000125,119900083,56,20221023-072148
0,0,경기76아4649,3,44,233000125,233001435,96,20221023-072148
0,0,경기76아4650,3,37,233000125,277103527,67,20221023-072203
0,0,경기76아4652,3,39,233000125,277103528,42,20221023-072203
0,0,경기76아1122,3,45,233000125,233001318,15,20221023-072203
0,0,경기76아4651,3,43,233000125,119900083,56,20221023-072203
0,0,경기76아4649,3,44,233000125,233001435,96,20221023-072203
0,0,경기76아4650,3,37,233000125,277103527,67,20221023-072218
0,0,경기76아1122,3,45,233000125,233001318,15,20221023-072218
0,0,경기76아4652,3,39,233000125,277103528,42,20221023-072218
0,0,경기76아4651,3,43,233000125,119900083,56,20221023-072218
0,0,경기76아4649,3,44,233000125,233000208,97,20221023-072218
0,0,경기76아1122,3,45,233000125,233001318,15,20221023-072233
0,0,경기76아4652,3,39,233000125,277103528,42,20221023-072233
0,0,경기76아4650,3,37,233000125,277103519,68,20221023-072233
0,0,경기76아4651,3,43,233000125,119900083,56,20221023-072233
0,0,경기76아4649,3,44,233000125,233000208,97,20221023-072233
0,0,경기76아1122,3,45,233000125,233001318,15,20221023-072248
0,0,경기76아4652,3,39,233000125,277103528,42,20221023-072248
0,0,경기76아4650,3,37,233000125,277103519,68,20221023-072248
0,0,경기76아4651,3,43,233000125,119900083,56,20221023-072248
0,0,경기76아4649,3,44,233000125,233001043,98,20221023-072248
0,0,경기76아4650,3,37,233000125,277103519,68,20221023-072303
0,0,경기76아1122,3,45,233000125,233000730,16,20221023-072303
0,0,경기76아4652,3,39,233000125,277103317,43,20221023-072303
0,0,경기76아4651,3,43,233000125,119900083,56,20221023-072303
0,0,경기76아4649,3,44,233000125,233001043,98,20221023-072303
0,0,경기76아4650,3,37,233000125,277103519,68,20221023-072318
0,0,경기76아1122,3,45,233000125,233000730,16,20221023-072318
0,0,경기76아4652,3,39,233000125,277103317,43,20221023-072318
0,0,경기76아4651,3,43,233000125,119900083,56,20221023-072318
0,0,경기76아4649,3,44,233000125,233001043,98,20221023-072318
0,0,경기76아4652,3,39,233000125,277103317,43,20221023-072333
0,0,경기76아4650,3,37,233000125,277103519,68,20221023-072333
0,0,경기76아1122,3,42,233000125,233000730,16,20221023-072333
0,0,경기76아4651,3,43,233000125,119900083,56,20221023-072333
0,0,경기76아4649,3,44,233000125,233001043,98,20221023-072333
0,0,경기76아4652,3,39,233000125,277103317,43,20221023-072348
0,0,경기76아4650,3,37,233000125,277103519,68,20221023-072348
0,0,경기76아1122,3,42,233000125,233000730,16,20221023-072348
0,0,경기76아4651,3,43,233000125,119900083,56,20221023-072348
0,0,경기76아4649,3,44,233000125,233001043,98,20221023-072348
0,0,경기76아4652,3,39,233000125,277103317,43,20221023-072403
0,0,경기76아4650,3,37,233000125,277103519,68,20221023-072403
0,0,경기76아1122,3,42,233000125,233000729,17,20221023-072403
0,0,경기76아4651,3,43,233000125,119900083,56,20221023-072403
0,0,경기76아4649,3,44,233000125,233001043,98,20221023-072403
0,0,경기76아4652,3,39,233000125,277103317,43,20221023-072418
0,0,경기76아1122,3,42,233000125,233000729,17,20221023-072418
0,0,경기76아4650,3,37,233000125,233000781,69,20221023-072418
0,0,경기76아4651,3,43,233000125,119900083,56,20221023-072418
0,0,경기76아4649,3,44,233000125,233001043,98,20221023-072418
0,0,경기76아4652,3,39,233000125,277103317,43,20221023-072433
0,0,경기76아1122,3,42,233000125,233000729,17,20221023-072433
0,0,경기76아4650,3,37,233000125,233000781,69,20221023-072433
0,0,경기76아4651,3,43,233000125,119900083,56,20221023-072433
0,0,경기76아4649,3,44,233000125,233001043,98,20221023-072433
0,0,경기76아4652,3,39,233000125,277103317,43,20221023-072448
0,0,경기76아1122,3,42,233000125,233000729,17,20221023-072448
0,0,경기76아4650,3,37,233000125,233000781,69,20221023-072448
0,0,경기76아4651,3,43,233000125,119900083,56,20221023-072448
0,0,경기76아4649,3,44,233000125,233002130,99,20221023-072448
0,0,경기76아4652,3,39,233000125,277103317,43,20221023-072503
0,0,경기76아1122,3,42,233000125,233000729,17,20221023-072503
0,0,경기76아4650,3,37,233000125,233000781,69,20221023-072503
0,0,경기76아4651,3,43,233000125,119900083,56,20221023-072503
0,0,경기76아4649,3,44,233000125,233002130,99,20221023-072503
0,0,경기76아1122,3,42,233000125,233000729,17,20221023-072518
0,0,경기76아4652,3,39,233000125,277103317,43,20221023-072518
0,0,경기76아4650,3,37,233000125,233000781,69,20221023-072518
0,0,경기76아4651,3,43,233000125,119900083,56,20221023-072518
0,0,경기76아4649,3,44,233000125,233001042,100,20221023-072518
0,0,경기76아4650,3,37,233000125,233000781,69,20221023-072533
0,0,경기76아1122,3,42,233000125,233000729,17,20221023-072533
0,0,경기76아4652,3,39,233000125,277103317,43,20221023-072533
0,0,경기76아4651,3,43,233000125,119900083,56,20221023-072533
0,0,경기76아4649,3,44,233000125,233001042,100,20221023-072533
0,0,경기76아1122,3,42,233000125,233000729,17,20221023-072548
0,0,경기76아4652,3,39,233000125,277103315,44,20221023-072548
0,0,경기76아4650,3,37,233000125,233000849,70,20221023-072548
0,0,경기76아4651,3,43,233000125,119900083,56,20221023-072548
0,0,경기76아4649,3,44,233000125,233001042,100,20221023-072548
0,0,경기76아1122,3,42,233000125,233000729,17,20221023-072603
0,0,경기76아4652,3,39,233000125,277103315,44,20221023-072603
0,0,경기76아4650,3,37,233000125,233000848,71,20221023-072603
0,0,경기76아4651,3,43,233000125,119900083,56,20221023-072603
0,0,경기76아4649,3,44,233000125,233002296,101,20221023-072603
0,0,경기76아4650,3,37,233000125,233000848,71,20221023-072618
0,0,경기76아1122,3,42,233000125,233000729,17,20221023-072618
0,0,경기76아4652,3,39,233000125,277103315,44,20221023-072618
0,0,경기76아4651,3,43,233000125,119900083,56,20221023-072618
0,0,경기76아4649,3,44,233000125,233000207,102,20221023-072618
0,0,경기76아4650,3,37,233000125,233000848,71,20221023-072633
0,0,경기76아4652,3,39,233000125,277103315,44,20221023-072633
0,0,경기76아1122,3,42,233000125,233000728,18,20221023-072633
0,0,경기76아4651,3,43,233000125,119900083,56,20221023-072633
0,0,경기76아4649,3,44,233000125,233000207,102,20221023-072633
0,0,경기76아4652,3,39,233000125,277103315,44,20221023-072648
0,0,경기76아1122,3,42,233000125,233000728,18,20221023-072648
0,0,경기76아4650,3,37,233000125,233000847,72,20221023-072648
0,0,경기76아4651,3,43,233000125,119900083,56,20221023-072648
0,0,경기76아4649,3,44,233000125,233000207,102,20221023-072648
0,0,경기76아4652,3,39,233000125,277103315,44,20221023-072703
0,0,경기76아4650,3,37,233000125,233000847,72,20221023-072703
0,0,경기76아1122,3,42,233000125,233001404,19,20221023-072703
0,0,경기76아4651,3,43,233000125,119900083,56,20221023-072703
0,0,경기76아4649,3,44,233000125,233002216,103,20221023-072703
0,0,경기76아4652,3,39,233000125,277103315,44,20221023-072718
0,0,경기76아4650,3,37,233000125,233002174,73,20221023-072718
0,0,경기76아1122,3,42,233000125,233000727,20,20221023-072718
0,0,경기76아4651,3,43,233000125,119900083,56,20221023-072718
0,0,경기76아4649,3,44,233000125,233002216,103,20221023-072718
0,0,경기76아4652,3,39,233000125,277103315,44,20221023-072733
0,0,경기76아4650,3,37,233000125,233002174,73,20221023-072733
0,0,경기76아1122,3,42,233000125,233000727,20,20221023-072733
0,0,경기76아4651,3,43,233000125,119900083,56,20221023-072733
0,0,경기76아4649,3,44,233000125,233002216,103,20221023-072733
0,0,경기76아4652,3,39,233000125,277103315,44,20221023-072748
0,0,경기76아1122,3,42,233000125,233000727,20,20221023-072748
0,0,경기76아4650,3,37,233000125,233002174,73,20221023-072748
0,0,경기76아4651,3,43,233000125,119900083,56,20221023-072748
0,0,경기76아4649,3,44,233000125,233002216,103,20221023-072748
0,0,경기76아4652,3,39,233000125,277103315,44,20221023-072803
0,0,경기76아4650,3,37,233000125,233002174,73,20221023-072803
0,0,경기76아1122,3,42,233000125,233000727,20,20221023-072803
0,0,경기76아4651,3,43,233000125,119900083,56,20221023-072803
0,0,경기76아4649,3,44,233000125,233002223,104,20221023-072803
0,0,경기76아4652,3,39,233000125,277103315,44,20221023-072818
0,0,경기76아4650,3,37,233000125,233002174,73,20221023-072818
0,0,경기76아1122,3,42,233000125,233000727,20,20221023-072818
0,0,경기76아4651,3,43,233000125,119900083,56,20221023-072818
0,0,경기76아4649,3,44,233000125,233002223,104,20221023-072818
0,0,경기76아4652,3,38,233000125,226000039,45,20221023-072833
0,0,경기76아1122,3,42,233000125,233000726,21,20221023-072833
0,0,경기76아4650,3,37,233000125,233000846,75,20221023-072833
0,0,경기76아4651,3,43,233000125,119900083,56,20221023-072833
0,0,경기76아4649,3,44,233000125,233002223,104,20221023-072833
0,0,경기76아1122,3,42,233000125,233000726,21,20221023-072848
0,0,경기76아4652,3,38,233000125,226000039,45,20221023-072848
0,0,경기76아4650,3,37,233000125,233000845,76,20221023-072848
0,0,경기76아4651,3,43,233000125,119900083,56,20221023-072848
0,0,경기76아4649,3,44,233000125,233002223,104,20221023-072848
0,0,경기76아1122,3,42,233000125,233000726,21,20221023-072902
0,0,경기76아4652,3,38,233000125,226000039,45,20221023-072902
0,0,경기76아4650,3,37,233000125,233000845,76,20221023-072902
0,0,경기76아4651,3,43,233000125,119900083,56,20221023-072902
0,0,경기76아4649,3,44,233000125,233002223,104,20221023-072902
0,0,경기76아1122,3,42,233000125,233000726,21,20221023-072917
0,0,경기76아4652,3,38,233000125,226000039,45,20221023-072917
0,0,경기76아4650,3,37,233000125,233002150,77,20221023-072917
0,0,경기76아4651,3,43,233000125,119900083,56,20221023-072917
0,0,경기76아4649,3,44,233000125,233002223,104,20221023-072917
0,0,경기76아1122,3,42,233000125,233000726,21,20221023-072933
0,0,경기76아4652,3,38,233000125,226000039,45,20221023-072933
0,0,경기76아4650,3,37,233000125,233002150,77,20221023-072933
0,0,경기76아4651,3,43,233000125,119900083,56,20221023-072933
0,0,경기76아4649,3,44,233000125,233002214,105,20221023-072933
0,0,경기76아1122,3,42,233000125,233000726,21,20221023-072947
0,0,경기76아4652,3,38,233000125,226000039,45,20221023-072947
0,0,경기76아4650,3,37,233000125,233002150,77,20221023-072947
0,0,경기76아4651,3,43,233000125,119900083,56,20221023-072947
0,0,경기76아4649,3,44,233000125,233002214,105,20221023-072947
0,0,경기76아1122,3,42,233000125,233000726,21,20221023-073003
0,0,경기76아4652,3,38,233000125,226000039,45,20221023-073003
0,0,경기76아4650,3,37,233000125,233000844,78,20221023-073003
0,0,경기76아4651,3,43,233000125,119900083,56,20221023-073003
0,0,경기76아4649,3,44,233000125,233002214,105,20221023-073003
0,0,경기76아1122,3,42,233000125,233000726,21,20221023-073018
0,0,경기76아4650,3,37,233000125,233000844,78,20221023-073018
0,0,경기76아4652,3,38,233000125,277103221,46,20221023-073018
0,0,경기76아4651,3,43,233000125,119900083,56,20221023-073018
0,0,경기76아4649,3,44,233000125,233002214,105,20221023-073018
0,0,경기76아4652,3,38,233000125,277103221,46,20221023-073033
0,0,경기76아1122,3,42,233000125,233000726,21,20221023-073033
0,0,경기76아4650,3,37,233000125,233000844,78,20221023-073033
0,0,경기76아4651,3,43,233000125,119900083,56,20221023-073033
0,0,경기76아4649,3,44,233000125,233002214,105,20221023-073033
0,0,경기76아4652,3,38,233000125,277103221,46,20221023-073048
0,0,경기76아1122,3,42,233000125,233000726,21,20221023-073048
0,0,경기76아4650,3,37,233000125,233000844,78,20221023-073048
0,0,경기76아4651,3,43,233000125,119900083,56,20221023-073048
0,0,경기76아4649,3,44,233000125,233002214,105,20221023-073048
0,0,경기76아1122,3,42,233000125,233000726,21,20221023-073103
0,0,경기76아4650,3,37,233000125,233000844,78,20221023-073103
0,0,경기76아4652,3,38,233000125,277103221,46,20221023-073103
0,0,경기76아4651,3,43,233000125,119900083,56,20221023-073103
0,0,경기76아4649,3,44,233000125,233002214,105,20221023-073103
0,0,경기76아1122,3,42,233000125,233000726,21,20221023-073118
0,0,경기76아4650,3,37,233000125,233000844,78,20221023-073118
0,0,경기76아4652,3,38,233000125,277103221,46,20221023-073118
0,0,경기76아4651,3,43,233000125,119900083,56,20221023-073118
0,0,경기76아4649,3,44,233000125,233002214,105,20221023-073118
0,0,경기76아1122,3,42,233000125,233000726,21,20221023-073133
0,0,경기76아4652,3,38,233000125,277103221,46,20221023-073133
0,0,경기76아4650,3,37,233000125,233000843,79,20221023-073133
0,0,경기76아4651,3,43,233000125,119900083,56,20221023-073133
0,0,경기76아4650,3,37,233000125,233000843,79,20221023-073148
0,0,경기76아4652,3,38,233000125,277103221,46,20221023-073148
0,0,경기76아1122,3,42,233000125,233000725,22,20221023-073148
0,0,경기76아4651,3,43,233000125,277103902,53,20221023-073148
0,0,경기76아4652,3,38,233000125,277103221,46,20221023-073203
0,0,경기76아4650,3,37,233000125,233000780,80,20221023-073203
0,0,경기76아1122,3,42,233000125,233002118,23,20221023-073203
0,0,경기76아4651,3,43,233000125,277102049,57,20221023-073203
0,0,경기76아4652,3,38,233000125,277103221,46,20221023-073218
0,0,경기76아1122,3,42,233000125,233002118,23,20221023-073218
0,0,경기76아4650,3,37,233000125,233000780,80,20221023-073218
0,0,경기76아4651,3,43,233000125,277102049,57,20221023-073218
0,0,경기76아1123,3,48,233000125,233002226,1,20221023-073218
0,0,경기76아4652,3,38,233000125,277103221,46,20221023-073233
0,0,경기76아1122,3,42,233000125,233002118,23,20221023-073233
0,0,경기76아4650,3,37,233000125,233000780,80,20221023-073233
0,0,경기76아4651,3,43,233000125,277102049,57,20221023-073233
0,0,경기76아1123,3,48,233000125,233002226,1,20221023-073233
0,0,경기76아1122,3,42,233000125,233002118,23,20221023-073248
0,0,경기76아4650,3,37,233000125,233000780,80,20221023-073248
0,0,경기76아4652,3,38,233000125,277103159,47,20221023-073248
0,0,경기76아4651,3,43,233000125,277102049,57,20221023-073248
0,0,경기76아1123,3,48,233000125,233002226,1,20221023-073248
0,0,경기76아1122,3,42,233000125,233002118,23,20221023-073303
0,0,경기76아4652,3,38,233000125,277103159,47,20221023-073303
0,0,경기76아4650,3,37,233000125,233000779,81,20221023-073303
0,0,경기76아4651,3,43,233000125,277102049,57,20221023-073303
0,0,경기76아1123,3,48,233000125,233002226,1,20221023-073303
0,0,경기76아1122,3,42,233000125,233002118,23,20221023-073318
0,0,경기76아4650,3,37,233000125,233000779,81,20221023-073318
0,0,경기76아4652,3,38,233000125,277103159,47,20221023-073318
0,0,경기76아4651,3,43,233000125,277102049,57,20221023-073318
0,0,경기76아1123,3,48,233000125,277102459,2,20221023-073318
0,0,경기76아4652,3,38,233000125,277103159,47,20221023-073333
0,0,경기76아4650,3,37,233000125,233000779,81,20221023-073333
0,0,경기76아1122,3,42,233000125,233002118,23,20221023-073333
0,0,경기76아1123,3,48,233000125,277102459,2,20221023-073333
0,0,경기76아4651,3,43,233000125,277102049,57,20221023-073333
0,0,경기76아4650,3,37,233000125,233000779,81,20221023-073348
0,0,경기76아4652,3,38,233000125,277103159,47,20221023-073348
0,0,경기76아1122,3,42,233000125,233000724,24,20221023-073348
0,0,경기76아1123,3,48,233000125,277102459,2,20221023-073348
0,0,경기76아4651,3,43,233000125,277102049,57,20221023-073348
0,0,경기76아4650,3,37,233000125,233000779,81,20221023-073403
0,0,경기76아1122,3,42,233000125,233000723,25,20221023-073403
0,0,경기76아4652,3,38,233000125,277103200,48,20221023-073403
0,0,경기76아4651,3,43,233000125,277102049,57,20221023-073403
0,0,경기76아1123,3,48,233000125,277102459,2,20221023-073403
0,0,경기76아1122,3,42,233000125,233000723,25,20221023-073418
0,0,경기76아4652,3,38,233000125,277103200,48,20221023-073418
0,0,경기76아4650,3,37,233000125,233000779,81,20221023-073418
0,0,경기76아1123,3,48,233000125,277102459,2,20221023-073418
0,0,경기76아4651,3,43,233000125,277102291,58,20221023-073418
0,0,경기76아4652,3,38,233000125,277103200,48,20221023-073433
0,0,경기76아4650,3,37,233000125,233000779,81,20221023-073433
0,0,경기76아1122,3,42,233000125,233000723,25,20221023-073433
0,0,경기76아4651,3,43,233000125,277102291,58,20221023-073433
0,0,경기76아1123,3,48,233000125,233002221,3,20221023-073433
0,0,경기76아4650,3,37,233000125,233000779,81,20221023-073448
0,0,경기76아4652,3,38,233000125,277103200,48,20221023-073448
0,0,경기76아1122,3,42,233000125,233000722,26,20221023-073448
0,0,경기76아1123,3,48,233000125,233002221,3,20221023-073448
0,0,경기76아4651,3,43,233000125,277102291,58,20221023-073448
0,0,경기76아4652,3,38,233000125,277103200,48,20221023-073503
0,0,경기76아1122,3,42,233000125,233000722,26,20221023-073503
0,0,경기76아4650,3,37,233000125,233000778,82,20221023-073503
0,0,경기76아1123,3,48,233000125,233002221,3,20221023-073503
0,0,경기76아4651,3,43,233000125,277102291,58,20221023-073503
0,0,경기76아4652,3,38,233000125,277103200,48,20221023-073518
0,0,경기76아1122,3,42,233000125,233000722,26,20221023-073518
0,0,경기76아4650,3,37,233000125,233000778,82,20221023-073518
0,0,경기76아4651,3,43,233000125,277102291,58,20221023-073518
0,0,경기76아1123,3,48,233000125,233002221,3,20221023-073518
0,0,경기76아1122,3,42,233000125,233000722,26,20221023-073533
0,0,경기76아4650,3,37,233000125,233000778,82,20221023-073533
0,0,경기76아4652,3,38,233000125,277103200,48,20221023-073533
0,0,경기76아4651,3,43,233000125,277102291,58,20221023-073533
0,0,경기76아1123,3,48,233000125,233002221,3,20221023-073533
0,0,경기76아1122,3,42,233000125,233000722,26,20221023-073548
0,0,경기76아4652,3,38,233000125,277103200,48,20221023-073548
0,0,경기76아4650,3,37,233000125,233000777,83,20221023-073548
0,0,경기76아1123,3,48,233000125,233002221,3,20221023-073548
0,0,경기76아4651,3,43,233000125,277102291,58,20221023-073548
0,0,경기76아4652,3,38,233000125,277103200,48,20221023-073603
0,0,경기76아4650,3,37,233000125,233000777,83,20221023-073603
0,0,경기76아1122,3,42,233000125,233000722,26,20221023-073603
0,0,경기76아1123,3,48,233000125,233002221,3,20221023-073603
0,0,경기76아4651,3,43,233000125,277102291,58,20221023-073603
0,0,경기76아1122,3,42,233000125,233000721,27,20221023-073618
0,0,경기76아4650,3,37,233000125,233000776,84,20221023-073618
0,0,경기76아4652,3,38,233000125,277103203,49,20221023-073618
0,0,경기76아1123,3,47,233000125,233002224,4,20221023-073618
0,0,경기76아4651,3,43,233000125,277103204,59,20221023-073618
0,0,경기76아1122,3,42,233000125,233000721,27,20221023-073633
0,0,경기76아4652,3,38,233000125,277103203,49,20221023-073633
0,0,경기76아4650,3,37,233000125,233000774,85,20221023-073633
0,0,경기76아1123,3,47,233000125,233002224,4,20221023-073633
0,0,경기76아4651,3,43,233000125,277103204,59,20221023-073633
0,0,경기76아1122,3,42,233000125,233000721,27,20221023-073648
0,0,경기76아4652,3,38,233000125,277103203,49,20221023-073648
0,0,경기76아4650,3,37,233000125,233000774,85,20221023-073648
0,0,경기76아4651,3,43,233000125,277103204,59,20221023-073648
0,0,경기76아1123,3,47,233000125,233002225,5,20221023-073648
0,0,경기76아1122,3,42,233000125,233000721,27,20221023-073703
0,0,경기76아4652,3,38,233000125,277103203,49,20221023-073703
0,0,경기76아4650,3,37,233000125,233000774,85,20221023-073703
0,0,경기76아4651,3,43,233000125,277103204,59,20221023-073703
0,0,경기76아1123,3,47,233000125,233002225,5,20221023-073703
0,0,경기76아1122,3,42,233000125,233000721,27,20221023-073718
0,0,경기76아4652,3,38,233000125,277103203,49,20221023-073718
0,0,경기76아4650,3,37,233000125,233000774,85,20221023-073718
0,0,경기76아4651,3,43,233000125,277103204,59,20221023-073718
0,0,경기76아1123,3,47,233000125,233002225,5,20221023-073718
0,0,경기76아1122,3,42,233000125,233000721,27,20221023-073733
0,0,경기76아4652,3,38,233000125,277103203,49,20221023-073733
0,0,경기76아4650,3,37,233000125,233000774,85,20221023-073733
0,0,경기76아4651,3,43,233000125,277103204,59,20221023-073733
0,0,경기76아1123,3,47,233000125,233002225,5,20221023-073733
0,0,경기76아1122,3,42,233000125,233000721,27,20221023-073748
0,0,경기76아4650,3,37,233000125,233000774,85,20221023-073748
0,0,경기76아4652,3,38,233000125,277103203,49,20221023-073748
0,0,경기76아1123,3,47,233000125,233002225,5,20221023-073748
0,0,경기76아4651,3,43,233000125,277103202,60,20221023-073748
0,0,경기76아1122,3,42,233000125,233000721,27,20221023-073803
0,0,경기76아4650,3,37,233000125,233000774,85,20221023-073803
0,0,경기76아4652,3,38,233000125,277103203,49,20221023-073803
0,0,경기76아4651,3,43,233000125,277103202,60,20221023-073803
0,0,경기76아1123,3,47,233000125,233002295,6,20221023-073803
0,0,경기76아1122,3,42,233000125,233000721,27,20221023-073818
0,0,경기76아4652,3,38,233000125,277103205,50,20221023-073818
0,0,경기76아4650,3,37,233000125,233000773,86,20221023-073818
0,0,경기76아1123,3,47,233000125,233002295,6,20221023-073818
0,0,경기76아4651,3,43,233000125,277103202,60,20221023-073818
0,0,경기76아1122,3,42,233000125,233000721,27,20221023-073833
0,0,경기76아4652,3,38,233000125,277103205,50,20221023-073833
0,0,경기76아4650,3,37,233000125,233000773,86,20221023-073833
0,0,경기76아1123,3,46,233000125,233002295,6,20221023-073833
0,0,경기76아4651,3,43,233000125,277103202,60,20221023-073833
0,0,경기76아1122,3,42,233000125,233000721,27,20221023-073848
0,0,경기76아4652,3,38,233000125,277103205,50,20221023-073848
0,0,경기76아4650,3,37,233000125,233003082,87,20221023-073848
0,0,경기76아1123,3,46,233000125,233002295,6,20221023-073848
0,0,경기76아4651,3,43,233000125,277103202,60,20221023-073848
0,0,경기76아4652,3,38,233000125,277103205,50,20221023-073903
0,0,경기76아4650,3,37,233000125,233003082,87,20221023-073903
0,0,경기76아1122,3,42,233000125,233000721,27,20221023-073903
0,0,경기76아1123,3,46,233000125,233002295,6,20221023-073903
0,0,경기76아4651,3,43,233000125,277103202,60,20221023-073903
0,0,경기76아4652,3,38,233000125,277103205,50,20221023-073918
0,0,경기76아4650,3,37,233000125,233003082,87,20221023-073918
0,0,경기76아1122,3,42,233000125,233000721,27,20221023-073918
0,0,경기76아1123,3,46,233000125,233002295,6,20221023-073918
0,0,경기76아4651,3,43,233000125,277103201,61,20221023-073918
0,0,경기76아4650,3,37,233000125,233003082,87,20221023-073933
0,0,경기76아1122,3,42,233000125,233000720,28,20221023-073933
0,0,경기76아4652,3,38,233000125,277103205,50,20221023-073933
0,0,경기76아1123,3,46,233000125,233002295,6,20221023-073933
0,0,경기76아4651,3,43,233000125,277103201,61,20221023-073933
0,0,경기76아4650,3,37,233000125,233003082,87,20221023-073948
0,0,경기76아4652,3,38,233000125,277103205,50,20221023-073948
0,0,경기76아1122,3,41,233000125,233000720,28,20221023-073948
0,0,경기76아1123,3,46,233000125,233002295,6,20221023-073948
0,0,경기76아4651,3,43,233000125,277103201,61,20221023-073948
0,0,경기76아4650,3,37,233000125,233003082,87,20221023-074003
0,0,경기76아4652,3,38,233000125,277103205,50,20221023-074003
0,0,경기76아1122,3,41,233000125,233000720,28,20221023-074003
0,0,경기76아4651,3,43,233000125,277103201,61,20221023-074003
0,0,경기76아1123,3,46,233000125,233002295,6,20221023-074003
0,0,경기76아4650,3,37,233000125,233003082,87,20221023-074018
0,0,경기76아4652,3,38,233000125,277103205,50,20221023-074018
0,0,경기76아1122,3,41,233000125,233000720,28,20221023-074018
0,0,경기76아1123,3,46,233000125,233002295,6,20221023-074018
0,0,경기76아4651,3,43,233000125,277103201,61,20221023-074018
0,0,경기76아4650,3,37,233000125,233003082,87,20221023-074033
0,0,경기76아4652,3,38,233000125,277103205,50,20221023-074033
0,0,경기76아1122,3,41,233000125,233000720,28,20221023-074033
0,0,경기76아4651,3,43,233000125,277103201,61,20221023-074033
0,0,경기76아1123,3,46,233000125,233002295,6,20221023-074033
0,0,경기76아4650,3,37,233000125,233003082,87,20221023-074048
0,0,경기76아4652,3,38,233000125,277103205,50,20221023-074048
0,0,경기76아1122,3,41,233000125,233000720,28,20221023-074048
0,0,경기76아1123,3,46,233000125,233001041,7,20221023-074048
0,0,경기76아4651,3,43,233000125,277103201,61,20221023-074048
0,0,경기76아4650,3,37,233000125,233003082,87,20221023-074103
0,0,경기76아1122,3,41,233000125,233000720,28,20221023-074103
0,0,경기76아4652,3,38,233000125,277103903,51,20221023-074103
0,0,경기76아4651,3,43,233000125,277103201,61,20221023-074103
0,0,경기76아1123,3,46,233000125,233001041,7,20221023-074103
0,0,경기76아1122,3,41,233000125,233000720,28,20221023-074118
0,0,경기76아4652,3,38,233000125,277103903,51,20221023-074118
0,0,경기76아4650,3,37,233000125,233000772,88,20221023-074118
0,0,경기76아4651,3,43,233000125,277103201,61,20221023-074118
0,0,경기76아1123,3,46,233000125,233002131,8,20221023-074118
0,0,경기76아1122,3,41,233000125,233000720,28,20221023-074133
0,0,경기76아4652,3,38,233000125,277103903,51,20221023-074133
0,0,경기76아4650,3,37,233000125,233000772,88,20221023-074133
0,0,경기76아4651,3,43,233000125,277103201,61,20221023-074133
0,0,경기76아1123,3,46,233000125,233002131,8,20221023-074133
0,0,경기76아4650,3,37,233000125,233000772,88,20221023-074148
0,0,경기76아1122,3,41,233000125,233000720,28,20221023-074148
0,0,경기76아4652,3,38,233000125,120000671,52,20221023-074148
0,0,경기76아1123,3,45,233000125,233002131,8,20221023-074148
0,0,경기76아4651,3,43,233000125,277103158,62,20221023-074148
0,0,경기76아4650,3,37,233000125,233000772,88,20221023-074203
0,0,경기76아4652,3,38,233000125,120000671,52,20221023-074203
0,0,경기76아1122,3,41,233000125,233000719,29,20221023-074203
0,0,경기76아1123,3,45,233000125,233002131,8,20221023-074203
0,0,경기76아4651,3,43,233000125,277103158,62,20221023-074203
0,0,경기76아4652,3,38,233000125,120000671,52,20221023-074218
0,0,경기76아1122,3,41,233000125,233000719,29,20221023-074218
0,0,경기76아4650,3,37,233000125,233000772,88,20221023-074218
0,0,경기76아1123,3,45,233000125,233002131,8,20221023-074218
0,0,경기76아4651,3,43,233000125,277103158,62,20221023-074218
0,0,경기76아4652,3,38,233000125,120000671,52,20221023-074233
0,0,경기76아1122,3,41,233000125,233000719,29,20221023-074233
0,0,경기76아4650,3,37,233000125,233000771,89,20221023-074233
0,0,경기76아4651,3,43,233000125,277103158,62,20221023-074233
0,0,경기76아1123,3,45,233000125,233000148,9,20221023-074233
0,0,경기76아1122,3,41,233000125,233000718,30,20221023-074248
0,0,경기76아4650,3,37,233000125,233000771,89,20221023-074248
0,0,경기76아4652,3,38,233000125,277103902,53,20221023-074248
0,0,경기76아1123,3,45,233000125,233000148,9,20221023-074248
0,0,경기76아4651,3,43,233000125,277103158,62,20221023-074248
0,0,경기76아1122,3,41,233000125,233000718,30,20221023-074303
0,0,경기76아4652,3,38,233000125,277103902,53,20221023-074303
0,0,경기76아4650,3,37,233000125,233000770,90,20221023-074303
0,0,경기76아1123,3,45,233000125,233000148,9,20221023-074303
0,0,경기76아4651,3,43,233000125,277103220,63,20221023-074303
0,0,경기76아1122,3,41,233000125,233000718,30,20221023-074318
0,0,경기76아4652,3,38,233000125,277103902,53,20221023-074318
0,0,경기76아4650,3,37,233000125,233000770,90,20221023-074318
0,0,경기76아1123,3,45,233000125,233000148,9,20221023-074318
0,0,경기76아4651,3,43,233000125,277103220,63,20221023-074318
0,0,경기76아4652,3,38,233000125,277103902,53,20221023-074333
0,0,경기76아1122,3,41,233000125,233000718,30,20221023-074333
0,0,경기76아4650,3,37,233000125,233000770,90,20221023-074333
0,0,경기76아4651,3,43,233000125,277103220,63,20221023-074333
0,0,경기76아1123,3,45,233000125,233000191,10,20221023-074333
0,0,경기76아4652,3,38,233000125,277103902,53,20221023-074348
0,0,경기76아1122,3,41,233000125,233000718,30,20221023-074348
0,0,경기76아4650,3,37,233000125,233000769,91,20221023-074348
0,0,경기76아1123,3,44,233000125,233000191,10,20221023-074348
0,0,경기76아4651,3,43,233000125,277103220,63,20221023-074348
0,0,경기76아4650,3,37,233000125,233000769,91,20221023-074403
0,0,경기76아1122,3,41,233000125,233000842,31,20221023-074403
0,0,경기76아4652,3,45,233000125,121001315,54,20221023-074403
0,0,경기76아1123,3,44,233000125,233000191,10,20221023-074403
0,0,경기76아4651,3,43,233000125,277103220,63,20221023-074403
0,0,경기76아1122,3,41,233000125,233000842,31,20221023-074418
0,0,경기76아4650,3,43,233000125,233000769,91,20221023-074418
0,0,경기76아4652,3,45,233000125,121001315,54,20221023-074418
0,0,경기76아4651,3,43,233000125,277103220,63,20221023-074418
0,0,경기76아1123,3,44,233000125,233000190,11,20221023-074418
0,0,경기76아4652,3,45,233000125,121001315,54,20221023-074433
0,0,경기76아1122,3,43,233000125,233000842,31,20221023-074433
0,0,경기76아4650,3,43,233000125,233000769,91,20221023-074433
0,0,경기76아4651,3,43,233000125,277103220,63,20221023-074433
0,0,경기76아1123,3,43,233000125,233000190,11,20221023-074433
0,0,경기76아4652,3,45,233000125,121001315,54,20221023-074448
0,0,경기76아1122,3,43,233000125,233000842,31,20221023-074448
0,0,경기76아4650,3,43,233000125,233000768,92,20221023-074448
0,0,경기76아1123,3,43,233000125,233000190,11,20221023-074448
0,0,경기76아4651,3,43,233000125,226000038,64,20221023-074448
0,0,경기76아4652,3,45,233000125,121001315,54,20221023-074503
0,0,경기76아1122,3,43,233000125,233000842,31,20221023-074503
0,0,경기76아4650,3,43,233000125,233000768,92,20221023-074503
0,0,경기76아1123,3,43,233000125,233000189,12,20221023-074503
0,0,경기76아4651,3,43,233000125,226000038,64,20221023-074503
0,0,경기76아4652,3,45,233000125,121001315,54,20221023-074518
0,0,경기76아1122,3,43,233000125,233002149,32,20221023-074518
0,0,경기76아4650,3,43,233000125,233001749,93,20221023-074518
0,0,경기76아4651,3,43,233000125,226000038,64,20221023-074518
0,0,경기76아1123,3,43,233000125,233000189,12,20221023-074518
0,0,경기76아4652,3,45,233000125,121001315,54,20221023-074533
0,0,경기76아1122,3,43,233000125,233002149,32,20221023-074533
0,0,경기76아4650,3,43,233000125,233001749,93,20221023-074533
0,0,경기76아4651,3,43,233000125,226000038,64,20221023-074533
0,0,경기76아1123,3,43,233000125,233001943,13,20221023-074533
0,0,경기76아1122,3,43,233000125,233002149,32,20221023-074548
0,0,경기76아4650,3,43,233000125,233002159,94,20221023-074548
0,0,경기76아4652,3,45,233000125,277101688,55,20221023-074548
0,0,경기76아4651,3,43,233000125,226000038,64,20221023-074548
0,0,경기76아1123,3,43,233000125,233001943,13,20221023-074548
0,0,경기76아4652,3,45,233000125,277101688,55,20221023-074603
0,0,경기76아4650,3,43,233000125,233002159,94,20221023-074603
0,0,경기76아1122,3,43,233000125,233000717,33,20221023-074603
0,0,경기76아1123,3,42,233000125,233001943,13,20221023-074603
0,0,경기76아4651,3,43,233000125,226000038,64,20221023-074603
0,0,경기76아4652,3,45,233000125,277101688,55,20221023-074618
0,0,경기76아1122,3,43,233000125,233000717,33,20221023-074618
0,0,경기76아4650,3,43,233000125,233001828,95,20221023-074618
0,0,경기76아1123,3,42,233000125,233000188,14,20221023-074618
0,0,경기76아4651,3,43,233000125,226000038,64,20221023-074618
0,0,경기76아4652,3,45,233000125,277101688,55,20221023-074633
0,0,경기76아4650,3,44,233000125,233001828,95,20221023-074633
0,0,경기76아1122,3,43,233000125,233000716,34,20221023-074633
0,0,경기76아1123,3,42,233000125,233000188,14,20221023-074633
0,0,경기76아4651,3,43,233000125,277103314,65,20221023-074633
0,0,경기76아4650,3,44,233000125,233001828,95,20221023-074648
0,0,경기76아4652,3,45,233000125,119900083,56,20221023-074648
0,0,경기76아1122,3,43,233000125,233000059,35,20221023-074648
0,0,경기76아4651,3,43,233000125,277103314,65,20221023-074648
0,0,경기76아1123,3,41,233000125,233000188,14,20221023-074648
0,0,경기76아4650,3,44,233000125,233001828,95,20221023-074703
0,0,경기76아4652,3,45,233000125,119900083,56,20221023-074703
0,0,경기76아1122,3,43,233000125,233000891,36,20221023-074703
0,0,경기76아1123,3,41,233000125,233000188,14,20221023-074703
0,0,경기76아4651,3,43,233000125,277103314,65,20221023-074703
0,0,경기76아4650,3,44,233000125,233001828,95,20221023-074718
0,0,경기76아4652,3,45,233000125,119900083,56,20221023-074718
0,0,경기76아1122,3,43,233000125,233000891,36,20221023-074718
0,0,경기76아1123,3,41,233000125,233000188,14,20221023-074718
0,0,경기76아4651,3,43,233000125,277103314,65,20221023-074718
0,0,경기76아4650,3,44,233000125,233001828,95,20221023-074733
0,0,경기76아4652,3,45,233000125,119900083,56,20221023-074733
0,0,경기76아1122,3,43,233000125,233000891,36,20221023-074733
0,0,경기76아1123,3,41,233000125,233000188,14,20221023-074733
0,0,경기76아4651,3,43,233000125,277103314,65,20221023-074733
0,0,경기76아4650,3,44,233000125,233001828,95,20221023-074748
0,0,경기76아4652,3,45,233000125,119900083,56,20221023-074748
0,0,경기76아1122,3,43,233000125,233000891,36,20221023-074748
0,0,경기76아1123,3,41,233000125,233000188,14,20221023-074748
0,0,경기76아4651,3,43,233000125,277103314,65,20221023-074748
0,0,경기76아4650,3,44,233000125,233001828,95,20221023-074803
0,0,경기76아4652,3,45,233000125,119900083,56,20221023-074803
0,0,경기76아1122,3,43,233000125,233000715,37,20221023-074803
0,0,경기76아1123,3,41,233000125,233000188,14,20221023-074803
0,0,경기76아4651,3,43,233000125,277103314,65,20221023-074803
0,0,경기76아4652,3,45,233000125,119900083,56,20221023-074818
0,0,경기76아1122,3,43,233000125,233000715,37,20221023-074818
0,0,경기76아4650,3,44,233000125,233001828,95,20221023-074818
0,0,경기76아4651,3,43,233000125,277103314,65,20221023-074818
0,0,경기76아1123,3,41,233000125,233001318,15,20221023-074818
0,0,경기76아4652,3,45,233000125,119900083,56,20221023-074833
0,0,경기76아1122,3,43,233000125,233000715,37,20221023-074833
0,0,경기76아4650,3,44,233000125,233001435,96,20221023-074833
0,0,경기76아4651,3,43,233000125,277103314,65,20221023-074833
0,0,경기76아1123,3,41,233000125,233001318,15,20221023-074833
0,0,경기76아4652,3,45,233000125,119900083,56,20221023-074848
0,0,경기76아1122,3,43,233000125,233000715,37,20221023-074848
0,0,경기76아4650,3,44,233000125,233000208,97,20221023-074848
0,0,경기76아1123,3,40,233000125,233001318,15,20221023-074848
0,0,경기76아4651,3,43,233000125,277103314,65,20221023-074848
0,0,경기76아4652,3,45,233000125,119900083,56,20221023-074903
0,0,경기76아4650,3,44,233000125,233001043,98,20221023-074903
0,0,경기76아1122,3,43,233000125,233000714,38,20221023-074903
0,0,경기76아1123,3,40,233000125,233001318,15,20221023-074903
0,0,경기76아4651,3,43,233000125,277103316,66,20221023-074903
0,0,경기76아4652,3,45,233000125,119900083,56,20221023-074918
0,0,경기76아4650,3,44,233000125,233001043,98,20221023-074918
0,0,경기76아1122,3,43,233000125,233000714,38,20221023-074918
0,0,경기76아1123,3,40,233000125,233001318,15,20221023-074918
0,0,경기76아4651,3,43,233000125,277103316,66,20221023-074918
0,0,경기76아4652,3,45,233000125,119900083,56,20221023-074933
0,0,경기76아4650,3,45,233000125,233001043,98,20221023-074933
0,0,경기76아1122,3,43,233000125,233000713,39,20221023-074933
0,0,경기76아1123,3,40,233000125,233001318,15,20221023-074933
0,0,경기76아4651,3,43,233000125,277103316,66,20221023-074933
0,0,경기76아4652,3,45,233000125,119900083,56,20221023-074948
0,0,경기76아4650,3,45,233000125,233001043,98,20221023-074948
0,0,경기76아1122,3,42,233000125,233000713,39,20221023-074948
0,0,경기76아1123,3,40,233000125,233001318,15,20221023-074948
0,0,경기76아4651,3,43,233000125,277103316,66,20221023-074948
0,0,경기76아4652,3,45,233000125,119900083,56,20221023-075003
0,0,경기76아4650,3,45,233000125,233001043,98,20221023-075003
0,0,경기76아1122,3,42,233000125,233000713,39,20221023-075003
0,0,경기76아1123,3,40,233000125,233001318,15,20221023-075003
0,0,경기76아4651,3,43,233000125,277103527,67,20221023-075003
0,0,경기76아4652,3,45,233000125,119900083,56,20221023-075018
0,0,경기76아1122,3,42,233000125,233000713,39,20221023-075018
0,0,경기76아4650,3,45,233000125,233002130,99,20221023-075018
0,0,경기76아1123,3,40,233000125,233001318,15,20221023-075018
0,0,경기76아4651,3,43,233000125,277103527,67,20221023-075018
0,0,경기76아4652,3,45,233000125,119900083,56,20221023-075033
0,0,경기76아1122,3,42,233000125,233000713,39,20221023-075033
0,0,경기76아4650,3,45,233000125,233001042,100,20221023-075033
0,0,경기76아1123,3,40,233000125,233001318,15,20221023-075033
0,0,경기76아4651,3,43,233000125,277103527,67,20221023-075033
0,0,경기76아4652,3,45,233000125,119900083,56,20221023-075048
0,0,경기76아4650,3,45,233000125,233001042,100,20221023-075048
0,0,경기76아1122,3,42,233000125,233000712,40,20221023-075048
0,0,경기76아1123,3,40,233000125,233001318,15,20221023-075048
0,0,경기76아4651,3,43,233000125,277103527,67,20221023-075048
0,0,경기76아4652,3,45,233000125,119900083,56,20221023-075103
0,0,경기76아4650,3,45,233000125,233001042,100,20221023-075103
0,0,경기76아1122,3,42,233000125,233000712,40,20221023-075103
0,0,경기76아4651,3,43,233000125,277103527,67,20221023-075103
0,0,경기76아1123,3,40,233000125,233001318,15,20221023-075103
0,0,경기76아4652,3,45,233000125,119900083,56,20221023-075118
0,0,경기76아1122,3,42,233000125,233000712,40,20221023-075118
0,0,경기76아4650,3,45,233000125,233002296,101,20221023-075118
0,0,경기76아4651,3,43,233000125,277103527,67,20221023-075118
0,0,경기76아1123,3,40,233000125,233001318,15,20221023-075118
0,0,경기76아4652,3,45,233000125,119900083,56,20221023-075133
0,0,경기76아1122,3,42,233000125,233000712,40,20221023-075133
0,0,경기76아4650,3,45,233000125,233000207,102,20221023-075133
0,0,경기76아1123,3,40,233000125,233001318,15,20221023-075133
0,0,경기76아4651,3,43,233000125,277103527,67,20221023-075133
0,0,경기76아4652,3,45,233000125,119900083,56,20221023-075148
0,0,경기76아1122,3,42,233000125,233000712,40,20221023-075148
0,0,경기76아4650,3,45,233000125,233000207,102,20221023-075148
0,0,경기76아4651,3,43,233000125,277103527,67,20221023-075148
0,0,경기76아1123,3,40,233000125,233000730,16,20221023-075148
0,0,경기76아4652,3,45,233000125,119900083,56,20221023-075203
0,0,경기76아1122,3,42,233000125,233000712,40,20221023-075203
0,0,경기76아4650,3,45,233000125,233002216,103,20221023-075203
0,0,경기76아4651,3,43,233000125,277103527,67,20221023-075203
0,0,경기76아1123,3,40,233000125,233000730,16,20221023-075203
0,0,경기76아4652,3,45,233000125,119900083,56,20221023-075218
0,0,경기76아4650,3,45,233000125,233002216,103,20221023-075218
0,0,경기76아1122,3,42,233000125,233000712,40,20221023-075218
0,0,경기76아1123,3,40,233000125,233000730,16,20221023-075218
0,0,경기76아4651,3,43,233000125,277103527,67,20221023-075218
0,0,경기76아4652,3,45,233000125,119900083,56,20221023-075233
0,0,경기76아4650,3,45,233000125,233002216,103,20221023-075233
0,0,경기76아1122,3,42,233000125,233000712,40,20221023-075233
0,0,경기76아1123,3,34,233000125,233000730,16,20221023-075233
0,0,경기76아4651,3,43,233000125,277103519,68,20221023-075233
0,0,경기76아4652,3,45,233000125,119900083,56,20221023-075248
0,0,경기76아1122,3,42,233000125,233000712,40,20221023-075248
0,0,경기76아4650,3,45,233000125,233002223,104,20221023-075248
0,0,경기76아1123,3,34,233000125,233000730,16,20221023-075248
0,0,경기76아4651,3,43,233000125,277103519,68,20221023-075248
0,0,경기76아4652,3,45,233000125,119900083,56,20221023-075303
0,0,경기76아1122,3,42,233000125,233000712,40,20221023-075303
0,0,경기76아4650,3,45,233000125,233002223,104,20221023-075303
0,0,경기76아1123,3,34,233000125,233000730,16,20221023-075303
0,0,경기76아4651,3,43,233000125,277103519,68,20221023-075303
0,0,경기76아4652,3,45,233000125,119900083,56,20221023-075318
0,0,경기76아1122,3,42,233000125,233000712,40,20221023-075318
0,0,경기76아4650,3,45,233000125,233002223,104,20221023-075318
0,0,경기76아4651,3,43,233000125,277103519,68,20221023-075318
0,0,경기76아1123,3,34,233000125,233000729,17,20221023-075318
0,0,경기76아4652,3,45,233000125,119900083,56,20221023-075333
0,0,경기76아4650,3,45,233000125,233002223,104,20221023-075333
0,0,경기76아1122,3,42,233000125,233000712,40,20221023-075333
0,0,경기76아4651,3,43,233000125,277103519,68,20221023-075333
0,0,경기76아1123,3,33,233000125,233000729,17,20221023-075333
0,0,경기76아4652,3,45,233000125,119900083,56,20221023-075348
0,0,경기76아4650,3,45,233000125,233002223,104,20221023-075348
0,0,경기76아1122,3,42,233000125,277103520,41,20221023-075348
0,0,경기76아1123,3,33,233000125,233000729,17,20221023-075348
0,0,경기76아4651,3,43,233000125,277103519,68,20221023-075348
0,0,경기76아4652,3,45,233000125,119900083,56,20221023-075403
0,0,경기76아4650,3,45,233000125,233002223,104,20221023-075403
0,0,경기76아1122,3,42,233000125,277103520,41,20221023-075403
0,0,경기76아1123,3,33,233000125,233000729,17,20221023-075403
0,0,경기76아4651,3,43,233000125,277103519,68,20221023-075403
0,0,경기76아4652,3,45,233000125,119900083,56,20221023-075418
0,0,경기76아4650,3,45,233000125,233002223,104,20221023-075418
0,0,경기76아1122,3,42,233000125,277103520,41,20221023-075418
0,0,경기76아1123,3,33,233000125,233000729,17,20221023-075418
0,0,경기76아4651,3,43,233000125,277103519,68,20221023-075418
0,0,경기76아4652,3,45,233000125,119900083,56,20221023-075433
0,0,경기76아4650,3,45,233000125,233002223,104,20221023-075433
0,0,경기76아1122,3,42,233000125,277103520,41,20221023-075433
0,0,경기76아1123,3,33,233000125,233000729,17,20221023-075433
0,0,경기76아4651,3,43,233000125,277103519,68,20221023-075433
0,0,경기76아4652,3,45,233000125,119900083,56,20221023-075448
0,0,경기76아4650,3,45,233000125,233002223,104,20221023-075448
0,0,경기76아1122,3,42,233000125,277103520,41,20221023-075448
0,0,경기76아1123,3,33,233000125,233000729,17,20221023-075448
0,0,경기76아4651,3,43,233000125,233000781,69,20221023-075448
0,0,경기76아4652,3,45,233000125,119900083,56,20221023-075503
0,0,경기76아4650,3,45,233000125,233002223,104,20221023-075503
0,0,경기76아1122,3,42,233000125,277103520,41,20221023-075503
0,0,경기76아1123,3,33,233000125,233000729,17,20221023-075503
0,0,경기76아4651,3,43,233000125,233000781,69,20221023-075503
0,0,경기76아4652,3,45,233000125,119900083,56,20221023-075518
0,0,경기76아4650,3,45,233000125,233002223,104,20221023-075518
0,0,경기76아1122,3,42,233000125,277103520,41,20221023-075518
0,0,경기76아4651,3,43,233000125,233000781,69,20221023-075518
0,0,경기76아1123,3,33,233000125,233000729,17,20221023-075518
0,0,경기76아4652,3,45,233000125,119900083,56,20221023-075533
0,0,경기76아4650,3,45,233000125,233002223,104,20221023-075533
0,0,경기76아1122,3,42,233000125,277103520,41,20221023-075533
0,0,경기76아1123,3,33,233000125,233000729,17,20221023-075533
0,0,경기76아4651,3,43,233000125,233000849,70,20221023-075533
0,0,경기76아4652,3,45,233000125,119900083,56,20221023-075548
0,0,경기76아4650,3,45,233000125,233002223,104,20221023-075548
0,0,경기76아1122,3,42,233000125,277103520,41,20221023-075548
0,0,경기76아1123,3,33,233000125,233000729,17,20221023-075548
0,0,경기76아4651,3,43,233000125,233000849,70,20221023-075548
0,0,경기76아4652,3,45,233000125,119900083,56,20221023-075603
0,0,경기76아1122,3,42,233000125,277103520,41,20221023-075603
0,0,경기76아4650,3,45,233000125,233002223,104,20221023-075603
0,0,경기76아1123,3,33,233000125,233000729,17,20221023-075603
0,0,경기76아4651,3,43,233000125,233000848,71,20221023-075603
0,0,경기76아4652,3,45,233000125,119900083,56,20221023-075618
0,0,경기76아1122,3,42,233000125,277103520,41,20221023-075618
0,0,경기76아4650,3,45,233000125,233002223,104,20221023-075618
0,0,경기76아4651,3,43,233000125,233000848,71,20221023-075618
0,0,경기76아1123,3,33,233000125,233000728,18,20221023-075618
0,0,경기76아4652,3,45,233000125,119900083,56,20221023-075633
0,0,경기76아1122,3,42,233000125,277103520,41,20221023-075633
0,0,경기76아4650,3,45,233000125,233002214,105,20221023-075633
0,0,경기76아4651,3,43,233000125,233000848,71,20221023-075633
0,0,경기76아1123,3,33,233000125,233000728,18,20221023-075633
0,0,경기76아4652,3,45,233000125,119900083,56,20221023-075648
0,0,경기76아1122,3,42,233000125,277103520,41,20221023-075648
0,0,경기76아4650,3,45,233000125,233002214,105,20221023-075648
0,0,경기76아4651,3,43,233000125,233000848,71,20221023-075648
0,0,경기76아1123,3,33,233000125,233001404,19,20221023-075648
0,0,경기76아4652,3,45,233000125,119900083,56,20221023-075703
0,0,경기76아4650,3,45,233000125,233002214,105,20221023-075703
0,0,경기76아1122,3,42,233000125,277103528,42,20221023-075703
0,0,경기76아1123,3,33,233000125,233000727,20,20221023-075703
0,0,경기76아4651,3,43,233000125,233000847,72,20221023-075703
0,0,경기76아4652,3,45,233000125,119900083,56,20221023-075718
0,0,경기76아4650,3,45,233000125,233002214,105,20221023-075718
0,0,경기76아1122,3,42,233000125,277103528,42,20221023-075718
0,0,경기76아4651,3,43,233000125,233000847,72,20221023-075718
0,0,경기76아1123,3,33,233000125,233000727,20,20221023-075718
0,0,경기76아4652,3,45,233000125,119900083,56,20221023-075733
0,0,경기76아4650,3,45,233000125,233002214,105,20221023-075733
0,0,경기76아1122,3,42,233000125,277103528,42,20221023-075733
0,0,경기76아4651,3,43,233000125,233000847,72,20221023-075733
0,0,경기76아1123,3,33,233000125,233000727,20,20221023-075733
0,0,경기76아4652,3,45,233000125,119900083,56,20221023-075748
0,0,경기76아4650,3,45,233000125,233002214,105,20221023-075748
0,0,경기76아1122,3,42,233000125,277103528,42,20221023-075748
0,0,경기76아4651,3,43,233000125,233002174,73,20221023-075748
0,0,경기76아1123,3,33,233000125,233000727,20,20221023-075748
0,0,경기76아4652,3,45,233000125,119900083,56,20221023-075803
0,0,경기76아4650,3,45,233000125,233002214,105,20221023-075803
0,0,경기76아1122,3,42,233000125,277103528,42,20221023-075803
0,0,경기76아4651,3,43,233000125,233002174,73,20221023-075803
0,0,경기76아1123,3,33,233000125,233000727,20,20221023-075803
0,0,경기76아4652,3,45,233000125,119900083,56,20221023-075818
0,0,경기76아4650,3,45,233000125,233002214,105,20221023-075818
0,0,경기76아1122,3,42,233000125,277103528,42,20221023-075818
0,0,경기76아4651,3,43,233000125,233002174,73,20221023-075818
0,0,경기76아1123,3,33,233000125,233000727,20,20221023-075818
0,0,경기76아4652,3,45,233000125,119900083,56,20221023-075833
0,0,경기76아4650,3,45,233000125,233002214,105,20221023-075833
0,0,경기76아1122,3,42,233000125,277103317,43,20221023-075833
0,0,경기76아1123,3,33,233000125,233000727,20,20221023-075833
0,0,경기76아4651,3,43,233000125,233002174,73,20221023-075833
0,0,경기76아4652,3,45,233000125,119900083,56,20221023-075848
0,0,경기76아4650,3,45,233000125,233002214,105,20221023-075848
0,0,경기76아1122,3,42,233000125,277103317,43,20221023-075848
0,0,경기76아1123,3,33,233000125,233000726,21,20221023-075848
0,0,경기76아4651,3,43,233000125,233002174,73,20221023-075848
0,0,경기76아4652,3,45,233000125,119900083,56,20221023-075903
0,0,경기76아4650,3,45,233000125,233002214,105,20221023-075903
0,0,경기76아1122,3,42,233000125,277103317,43,20221023-075903
0,0,경기76아1123,3,33,233000125,233000726,21,20221023-075903
0,0,경기76아4651,3,43,233000125,233000055,74,20221023-075903
0,0,경기76아4652,3,45,233000125,119900083,56,20221023-075918
0,0,경기76아4650,3,45,233000125,233002214,105,20221023-075918
0,0,경기76아1122,3,42,233000125,277103317,43,20221023-075918
0,0,경기76아1123,3,33,233000125,233000726,21,20221023-075918
0,0,경기76아4651,3,43,233000125,233000846,75,20221023-075918
0,0,경기76아4652,3,45,233000125,119900083,56,20221023-075933
0,0,경기76아4650,3,45,233000125,233002214,105,20221023-075933
0,0,경기76아1122,3,42,233000125,277103317,43,20221023-075933
0,0,경기76아1123,3,33,233000125,233000726,21,20221023-075933
0,0,경기76아4651,3,43,233000125,233000845,76,20221023-075933
0,0,경기76아4652,3,45,233000125,119900083,56,20221023-075948
0,0,경기76아4650,3,45,233000125,233002214,105,20221023-075948
0,0,경기76아1122,3,42,233000125,277103317,43,20221023-075948
0,0,경기76아4651,3,43,233000125,233000845,76,20221023-075948
0,0,경기76아1123,3,33,233000125,233000726,21,20221023-075948
0,0,경기76아4652,3,45,233000125,119900083,56,20221023-080004
0,0,경기76아4650,3,45,233000125,233002214,105,20221023-080004
0,0,경기76아1122,3,42,233000125,277103317,43,20221023-080004
0,0,경기76아4651,3,43,233000125,233000845,76,20221023-080004
0,0,경기76아1123,3,33,233000125,233000726,21,20221023-080004
0,0,경기76아4652,3,45,233000125,119900083,56,20221023-080019
0,0,경기76아4650,3,45,233000125,233002214,105,20221023-080019
0,0,경기76아1122,3,42,233000125,277103317,43,20221023-080019
0,0,경기76아1123,3,33,233000125,233000726,21,20221023-080019
0,0,경기76아4651,3,43,233000125,233002150,77,20221023-080019
0,0,경기76아4652,3,45,233000125,119900083,56,20221023-080034
0,0,경기76아4650,3,45,233000125,233002214,105,20221023-080034
0,0,경기76아1122,3,42,233000125,277103317,43,20221023-080034
0,0,경기76아1123,3,33,233000125,233000726,21,20221023-080034
0,0,경기76아4651,3,43,233000125,233002150,77,20221023-080034
0,0,경기76아4652,3,45,233000125,119900083,56,20221023-080049
0,0,경기76아4650,3,45,233000125,233002214,105,20221023-080049
0,0,경기76아1122,3,42,233000125,277103317,43,20221023-080049
0,0,경기76아1123,3,32,233000125,233000725,22,20221023-080049
0,0,경기76아4651,3,43,233000125,233002150,77,20221023-080049
0,0,경기76아4652,3,45,233000125,119900083,56,20221023-080104
0,0,경기76아4650,3,45,233000125,233002214,105,20221023-080104
0,0,경기76아1122,3,42,233000125,277103317,43,20221023-080104
0,0,경기76아1123,3,32,233000125,233000725,22,20221023-080104
0,0,경기76아4651,3,43,233000125,233000844,78,20221023-080104
0,0,경기76아4652,3,45,233000125,119900083,56,20221023-080119
0,0,경기76아4650,3,45,233000125,233002214,105,20221023-080119
0,0,경기76아1122,3,42,233000125,277103317,43,20221023-080119
0,0,경기76아1123,3,32,233000125,233002118,23,20221023-080119
0,0,경기76아4651,3,43,233000125,233000844,78,20221023-080119
0,0,경기76아4652,3,45,233000125,119900083,56,20221023-080133
0,0,경기76아4650,3,45,233000125,233002214,105,20221023-080133
0,0,경기76아1122,3,42,233000125,277103315,44,20221023-080133
0,0,경기76아1123,3,32,233000125,233002118,23,20221023-080133
0,0,경기76아4651,3,43,233000125,233000844,78,20221023-080133
0,0,경기76아4650,3,45,233000125,233002214,105,20221023-080148
0,0,경기76아1122,3,42,233000125,277103315,44,20221023-080148
0,0,경기76아4651,3,43,233000125,233000844,78,20221023-080148
0,0,경기76아1123,3,32,233000125,233002118,23,20221023-080148
0,0,경기76아4650,3,45,233000125,233002214,105,20221023-080203
0,0,경기76아1122,3,42,233000125,277103315,44,20221023-080203
0,0,경기76아4651,3,43,233000125,233000843,79,20221023-080203
0,0,경기76아1123,3,32,233000125,233002118,23,20221023-080203
0,0,경기76아4650,3,45,233000125,233002214,105,20221023-080218
0,0,경기76아1122,3,42,233000125,277103315,44,20221023-080218
0,0,경기76아4651,3,43,233000125,233000843,79,20221023-080218
0,0,경기76아1123,3,32,233000125,233002118,23,20221023-080218
0,0,경기76아4650,3,45,233000125,233002214,105,20221023-080233
0,0,경기76아1122,3,42,233000125,277103315,44,20221023-080233
0,0,경기76아1123,3,32,233000125,233000724,24,20221023-080233
0,0,경기76아4651,3,-1,233000125,233000780,80,20221023-080233
0,0,경기76아1122,3,42,233000125,277103315,44,20221023-080248
0,0,경기76아4650,3,45,233000125,233002214,105,20221023-080248
0,0,경기76아4651,3,-1,233000125,233000780,80,20221023-080248
0,0,경기76아1123,3,32,233000125,233000724,24,20221023-080248
0,0,경기76아1122,3,42,233000125,277103315,44,20221023-080303
0,0,경기76아4650,3,45,233000125,233002214,105,20221023-080303
0,0,경기76아1123,3,32,233000125,233000723,25,20221023-080303
0,0,경기76아4651,3,43,233000125,233000780,80,20221023-080303
0,0,경기76아1122,3,42,233000125,277103315,44,20221023-080318
0,0,경기76아4650,3,45,233000125,233002214,105,20221023-080318
0,0,경기76아1123,3,32,233000125,233000723,25,20221023-080318
0,0,경기76아4651,3,43,233000125,233000780,80,20221023-080318
0,0,경기76아4650,3,45,233000125,233002214,105,20221023-080333
0,0,경기76아1122,3,42,233000125,277103315,44,20221023-080333
0,0,경기76아1123,3,31,233000125,233000723,25,20221023-080333
0,0,경기76아4651,3,43,233000125,233000780,80,20221023-080333
0,0,경기76아4650,3,45,233000125,233002214,105,20221023-080348
0,0,경기76아1122,3,42,233000125,226000039,45,20221023-080348
0,0,경기76아1123,3,31,233000125,233000723,25,20221023-080348
0,0,경기76아4651,3,43,233000125,233000780,80,20221023-080348
0,0,경기76아1122,3,42,233000125,226000039,45,20221023-080403
0,0,경기76아4650,3,45,233000125,233002214,105,20221023-080403
0,0,경기76아1123,3,31,233000125,233000722,26,20221023-080403
0,0,경기76아4651,3,43,233000125,233000780,80,20221023-080403
0,0,경기76아1122,3,42,233000125,226000039,45,20221023-080418
0,0,경기76아1123,3,31,233000125,233000722,26,20221023-080418
0,0,경기76아4651,3,43,233000125,233000779,81,20221023-080418
0,0,경기76아1122,3,42,233000125,226000039,45,20221023-080433
0,0,경기76아1123,3,31,233000125,233000722,26,20221023-080433
0,0,경기76아4651,3,43,233000125,233000779,81,20221023-080433
0,0,경기76아1122,3,42,233000125,226000039,45,20221023-080448
0,0,경기76아1123,3,31,233000125,233000722,26,20221023-080448
0,0,경기76아4651,3,43,233000125,233000779,81,20221023-080448
0,0,경기76아1122,3,42,233000125,226000039,45,20221023-080503
0,0,경기76아1123,3,31,233000125,233000722,26,20221023-080503
0,0,경기76아4651,3,43,233000125,233000779,81,20221023-080503
0,0,경기76아1122,3,42,233000125,226000039,45,20221023-080518
0,0,경기76아4651,3,43,233000125,233000779,81,20221023-080518
0,0,경기76아1123,3,31,233000125,233000721,27,20221023-080518
0,0,경기76아1122,3,42,233000125,226000039,45,20221023-080533
0,0,경기76아1123,3,31,233000125,233000721,27,20221023-080533
0,0,경기76아4651,3,43,233000125,233000778,82,20221023-080533
0,0,경기76아1122,3,42,233000125,277103221,46,20221023-080548
0,0,경기76아4651,3,43,233000125,233000778,82,20221023-080548
0,0,경기76아1123,3,30,233000125,233000721,27,20221023-080548
0,0,경기76아1122,3,42,233000125,277103221,46,20221023-080603
0,0,경기76아4651,3,43,233000125,233000778,82,20221023-080603
0,0,경기76아1123,3,30,233000125,233000721,27,20221023-080603
0,0,경기76아1122,3,42,233000125,277103221,46,20221023-080618
0,0,경기76아4651,3,43,233000125,233000778,82,20221023-080618
0,0,경기76아1123,3,30,233000125,233000721,27,20221023-080618
0,0,경기76아1122,3,42,233000125,277103221,46,20221023-080633
0,0,경기76아4651,3,43,233000125,233000777,83,20221023-080633
0,0,경기76아1123,3,30,233000125,233000721,27,20221023-080633
0,0,경기76아1122,3,42,233000125,277103221,46,20221023-080648
0,0,경기76아1123,3,30,233000125,233000721,27,20221023-080648
0,0,경기76아4651,3,43,233000125,233000777,83,20221023-080648
0,0,경기76아1122,3,42,233000125,277103221,46,20221023-080703
0,0,경기76아4651,3,43,233000125,233000776,84,20221023-080703
0,0,경기76아1123,3,30,233000125,233000720,28,20221023-080703
0,0,경기76아1122,3,42,233000125,277103221,46,20221023-080718
0,0,경기76아4651,3,43,233000125,233000776,84,20221023-080718
0,0,경기76아1123,3,30,233000125,233000720,28,20221023-080718
0,0,경기76아1122,3,42,233000125,277103221,46,20221023-080733
0,0,경기76아1123,3,30,233000125,233000720,28,20221023-080733
0,0,경기76아4651,3,43,233000125,233000774,85,20221023-080733
0,0,경기76아1122,3,42,233000125,277103221,46,20221023-080748
0,0,경기76아1123,3,30,233000125,233000720,28,20221023-080748
0,0,경기76아4651,3,43,233000125,233000774,85,20221023-080748
0,0,경기76아1122,3,42,233000125,277103221,46,20221023-080803
0,0,경기76아4651,3,43,233000125,233000774,85,20221023-080803
0,0,경기76아1123,3,30,233000125,233000720,28,20221023-080803
0,0,경기76아1122,3,42,233000125,277103221,46,20221023-080818
0,0,경기76아1123,3,30,233000125,233000720,28,20221023-080818
0,0,경기76아4651,3,43,233000125,233000774,85,20221023-080818
0,0,경기76아1122,3,42,233000125,277103221,46,20221023-080833
0,0,경기76아4651,3,43,233000125,233000773,86,20221023-080833
0,0,경기76아1123,3,30,233000125,233000719,29,20221023-080833
0,0,경기76아1122,3,42,233000125,277103221,46,20221023-080848
0,0,경기76아4651,3,43,233000125,233000773,86,20221023-080848
0,0,경기76아1123,3,30,233000125,233000719,29,20221023-080848
0,0,경기76아1122,3,42,233000125,277103159,47,20221023-080903
0,0,경기76아4651,3,43,233000125,233000773,86,20221023-080903
0,0,경기76아1123,3,30,233000125,233000719,29,20221023-080903
0,0,경기76아1122,3,42,233000125,277103159,47,20221023-080918
0,0,경기76아1123,3,30,233000125,233000718,30,20221023-080918
0,0,경기76아4651,3,43,233000125,233000773,86,20221023-080918
0,0,경기76아1122,3,42,233000125,277103159,47,20221023-080933
0,0,경기76아1123,3,30,233000125,233000718,30,20221023-080933
0,0,경기76아4651,3,43,233000125,233003082,87,20221023-080933
0,0,경기76아1122,3,42,233000125,277103159,47,20221023-080948
0,0,경기76아1123,3,30,233000125,233000718,30,20221023-080948
0,0,경기76아4651,3,43,233000125,233003082,87,20221023-080948
0,0,경기76아1122,3,42,233000125,277103159,47,20221023-081003
0,0,경기76아4651,3,43,233000125,233003082,87,20221023-081003
0,0,경기76아1123,3,30,233000125,233000718,30,20221023-081003
0,0,경기76아4652,3,43,233000125,119900083,56,20221023-081018
0,0,경기76아1122,3,42,233000125,277103200,48,20221023-081018
0,0,경기76아1123,3,30,233000125,233000718,30,20221023-081018
0,0,경기76아4651,3,43,233000125,233003082,87,20221023-081018
0,0,경기76아4652,3,43,233000125,119900083,56,20221023-081033
0,0,경기76아1122,3,42,233000125,277103200,48,20221023-081033
0,0,경기76아4651,3,43,233000125,233003082,87,20221023-081033
0,0,경기76아1123,3,30,233000125,233000718,30,20221023-081033
0,0,경기76아1132,3,49,233000125,233002226,1,20221023-081033
0,0,경기76아4652,3,43,233000125,119900083,56,20221023-081048
0,0,경기76아1122,3,42,233000125,277103200,48,20221023-081048
0,0,경기76아4651,3,43,233000125,233003082,87,20221023-081048
0,0,경기76아1123,3,30,233000125,233000718,30,20221023-081048
0,0,경기76아1132,3,49,233000125,233002226,1,20221023-081048
0,0,경기76아4652,3,43,233000125,119900083,56,20221023-081103
0,0,경기76아1122,3,42,233000125,277103200,48,20221023-081103
0,0,경기76아1123,3,30,233000125,233000842,31,20221023-081103
0,0,경기76아1132,3,49,233000125,277102459,2,20221023-081103
0,0,경기76아4651,3,43,233000125,233000772,88,20221023-081103
0,0,경기76아4652,3,43,233000125,119900083,56,20221023-081118
0,0,경기76아1122,3,42,233000125,277103200,48,20221023-081118
0,0,경기76아1123,3,30,233000125,233000842,31,20221023-081118
0,0,경기76아1132,3,49,233000125,277102459,2,20221023-081118
0,0,경기76아4651,3,43,233000125,233000772,88,20221023-081118
0,0,경기76아4652,3,43,233000125,119900083,56,20221023-081133
0,0,경기76아1122,3,42,233000125,277103200,48,20221023-081133
0,0,경기76아1132,3,49,233000125,277102459,2,20221023-081133
0,0,경기76아4651,3,43,233000125,233000772,88,20221023-081133
0,0,경기76아1123,3,32,233000125,233000842,31,20221023-081133
0,0,경기76아4652,3,43,233000125,277103902,53,20221023-081148
0,0,경기76아1122,3,42,233000125,277103200,48,20221023-081148
0,0,경기76아1132,3,49,233000125,277102459,2,20221023-081148
0,0,경기76아4651,3,43,233000125,233000772,88,20221023-081148
0,0,경기76아1123,3,32,233000125,233000842,31,20221023-081148
0,0,경기76아1122,3,42,233000125,277103200,48,20221023-081203
0,0,경기76아4652,3,43,233000125,277102049,57,20221023-081203
0,0,경기76아1132,3,49,233000125,277102459,2,20221023-081203
0,0,경기76아4651,3,43,233000125,233000772,88,20221023-081203
0,0,경기76아1123,3,32,233000125,233000842,31,20221023-081203
0,0,경기76아1122,3,42,233000125,277103200,48,20221023-081218
0,0,경기76아4652,3,43,233000125,277102049,57,20221023-081218
0,0,경기76아1123,3,32,233000125,233000842,31,20221023-081218
0,0,경기76아1132,3,49,233000125,233002221,3,20221023-081218
0,0,경기76아4651,3,43,233000125,233000771,89,20221023-081218
0,0,경기76아4652,3,43,233000125,277102049,57,20221023-081233
0,0,경기76아1122,3,42,233000125,277103203,49,20221023-081233
0,0,경기76아1132,3,49,233000125,233002221,3,20221023-081233
0,0,경기76아1123,3,32,233000125,233002149,32,20221023-081233
0,0,경기76아4651,3,43,233000125,233000771,89,20221023-081233
0,0,경기76아4652,3,43,233000125,277102049,57,20221023-081248
0,0,경기76아1122,3,42,233000125,277103203,49,20221023-081248
0,0,경기76아1123,3,32,233000125,233002149,32,20221023-081248
0,0,경기76아4651,3,43,233000125,233000770,90,20221023-081248
0,0,경기76아1132,3,49,233000125,233002221,3,20221023-081248
0,0,경기76아4652,3,43,233000125,277102049,57,20221023-081303
0,0,경기76아1122,3,42,233000125,277103203,49,20221023-081303
0,0,경기76아1123,3,32,233000125,233002149,32,20221023-081303
0,0,경기76아4651,3,43,233000125,233000770,90,20221023-081303
0,0,경기76아1132,3,49,233000125,233002221,3,20221023-081303
0,0,경기76아4652,3,43,233000125,277102049,57,20221023-081318
0,0,경기76아1122,3,42,233000125,277103203,49,20221023-081318
0,0,경기76아1132,3,49,233000125,233002221,3,20221023-081318
0,0,경기76아4651,3,44,233000125,233000770,90,20221023-081318
0,0,경기76아1123,3,32,233000125,233000717,33,20221023-081318
0,0,경기76아4652,3,43,233000125,277102049,57,20221023-081333
0,0,경기76아1122,3,42,233000125,277103203,49,20221023-081333
0,0,경기76아1132,3,49,233000125,233002221,3,20221023-081333
0,0,경기76아4651,3,44,233000125,233000770,90,20221023-081333
0,0,경기76아1123,3,32,233000125,233000716,34,20221023-081333
0,0,경기76아4652,3,43,233000125,277102049,57,20221023-081348
0,0,경기76아1122,3,42,233000125,277103203,49,20221023-081348
0,0,경기76아4651,3,44,233000125,233000770,90,20221023-081348
0,0,경기76아1132,3,48,233000125,233002224,4,20221023-081348
0,0,경기76아1123,3,32,233000125,233000059,35,20221023-081348
0,0,경기76아4652,3,43,233000125,277102049,57,20221023-081403
0,0,경기76아1122,3,42,233000125,277103203,49,20221023-081403
0,0,경기76아4651,3,44,233000125,233000770,90,20221023-081403
0,0,경기76아1123,3,32,233000125,233000059,35,20221023-081403
0,0,경기76아1132,3,48,233000125,233002224,4,20221023-081403
0,0,경기76아1122,3,42,233000125,277103203,49,20221023-081418
0,0,경기76아4652,3,43,233000125,277102291,58,20221023-081418
0,0,경기76아4651,3,44,233000125,233000770,90,20221023-081418
0,0,경기76아1132,3,48,233000125,233002224,4,20221023-081418
0,0,경기76아1123,3,32,233000125,233000059,35,20221023-081418
0,0,경기76아4652,3,43,233000125,277102291,58,20221023-081433
0,0,경기76아1122,3,42,233000125,277103205,50,20221023-081433
0,0,경기76아1123,3,32,233000125,233000891,36,20221023-081433
0,0,경기76아1132,3,48,233000125,233002225,5,20221023-081433
0,0,경기76아4651,3,44,233000125,233000770,90,20221023-081433
0,0,경기76아4652,3,43,233000125,277102291,58,20221023-081448
0,0,경기76아1122,3,42,233000125,277103205,50,20221023-081448
0,0,경기76아1123,3,32,233000125,233000891,36,20221023-081448
0,0,경기76아1132,3,48,233000125,233002225,5,20221023-081448
0,0,경기76아4651,3,44,233000125,233000770,90,20221023-081448
0,0,경기76아4652,3,43,233000125,277102291,58,20221023-081503
0,0,경기76아1122,3,42,233000125,277103205,50,20221023-081503
0,0,경기76아4651,3,44,233000125,233000770,90,20221023-081503
0,0,경기76아1123,3,33,233000125,233000891,36,20221023-081503
0,0,경기76아1132,3,48,233000125,233002225,5,20221023-081503
0,0,경기76아4652,3,43,233000125,277102291,58,20221023-081519
0,0,경기76아1122,3,42,233000125,277103205,50,20221023-081519
0,0,경기76아4651,3,44,233000125,233000770,90,20221023-081519
0,0,경기76아1123,3,33,233000125,233000891,36,20221023-081519
0,0,경기76아1132,3,48,233000125,233002225,5,20221023-081519
0,0,경기76아1122,3,42,233000125,277103205,50,20221023-081533
0,0,경기76아4652,3,43,233000125,277102291,58,20221023-081533
0,0,경기76아4651,3,44,233000125,233000770,90,20221023-081533
0,0,경기76아1123,3,33,233000125,233000715,37,20221023-081533
0,0,경기76아1132,3,48,233000125,233002225,5,20221023-081533
0,0,경기76아1122,3,42,233000125,277103205,50,20221023-081548
0,0,경기76아4652,3,43,233000125,277102291,58,20221023-081548
0,0,경기76아4651,3,44,233000125,233000770,90,20221023-081548
0,0,경기76아1132,3,48,233000125,233002225,5,20221023-081548
0,0,경기76아1123,3,33,233000125,233000715,37,20221023-081548
0,0,경기76아4652,3,43,233000125,277102291,58,20221023-081603
0,0,경기76아1122,3,42,233000125,277103205,50,20221023-081603
0,0,경기76아4651,3,44,233000125,233000770,90,20221023-081603
0,0,경기76아1123,3,33,233000125,233000715,37,20221023-081603
0,0,경기76아1132,3,48,233000125,233002295,6,20221023-081603
0,0,경기76아4652,3,43,233000125,277102291,58,20221023-081618
0,0,경기76아1122,3,42,233000125,277103205,50,20221023-081618
0,0,경기76아1123,3,33,233000125,233000715,37,20221023-081618
0,0,경기76아1132,3,48,233000125,233002295,6,20221023-081618
0,0,경기76아4651,3,44,233000125,233000769,91,20221023-081618
0,0,경기76아4652,3,43,233000125,277102291,58,20221023-081633
0,0,경기76아1122,3,42,233000125,277103205,50,20221023-081633
0,0,경기76아1132,3,48,233000125,233002295,6,20221023-081633
0,0,경기76아4651,3,44,233000125,233000769,91,20221023-081633
0,0,경기76아1123,3,33,233000125,233000714,38,20221023-081633
0,0,경기76아1122,3,42,233000125,277103205,50,20221023-081648
0,0,경기76아4652,3,-1,233000125,277102291,58,20221023-081648
0,0,경기76아1132,3,48,233000125,233002295,6,20221023-081648
0,0,경기76아1123,3,33,233000125,233000713,39,20221023-081648
0,0,경기76아4651,3,44,233000125,233000768,92,20221023-081648
0,0,경기76아1122,3,42,233000125,277103205,50,20221023-081703
0,0,경기76아4652,3,43,233000125,277103204,59,20221023-081703
0,0,경기76아1132,3,48,233000125,233002295,6,20221023-081703
0,0,경기76아1123,3,33,233000125,233000713,39,20221023-081703
0,0,경기76아4651,3,44,233000125,233000768,92,20221023-081703
0,0,경기76아1122,3,42,233000125,277103205,50,20221023-081718
0,0,경기76아4652,3,43,233000125,277103204,59,20221023-081718
0,0,경기76아1132,3,48,233000125,233002295,6,20221023-081718
0,0,경기76아4651,3,44,233000125,233000768,92,20221023-081718
0,0,경기76아1123,3,32,233000125,233000713,39,20221023-081718
0,0,경기76아4652,3,43,233000125,277103204,59,20221023-081733
0,0,경기76아1122,3,42,233000125,277103903,51,20221023-081733
0,0,경기76아1132,3,48,233000125,233002295,6,20221023-081733
0,0,경기76아4651,3,44,233000125,233000768,92,20221023-081733
0,0,경기76아1123,3,32,233000125,233000713,39,20221023-081733
0,0,경기76아1122,3,42,233000125,277103903,51,20221023-081748
0,0,경기76아4652,3,43,233000125,277103204,59,20221023-081748
0,0,경기76아1123,3,32,233000125,233000713,39,20221023-081748
0,0,경기76아1132,3,48,233000125,233001041,7,20221023-081748
0,0,경기76아4651,3,44,233000125,233000768,92,20221023-081748
0,0,경기76아4652,3,43,233000125,277103204,59,20221023-081803
0,0,경기76아1122,3,42,233000125,120000671,52,20221023-081803
0,0,경기76아1132,3,48,233000125,233001041,7,20221023-081803
0,0,경기76아1123,3,32,233000125,233000712,40,20221023-081803
0,0,경기76아4651,3,44,233000125,233000768,92,20221023-081803
0,0,경기76아4652,3,43,233000125,277103204,59,20221023-081818
0,0,경기76아1122,3,42,233000125,120000671,52,20221023-081818
0,0,경기76아1123,3,32,233000125,233000712,40,20221023-081818
0,0,경기76아4651,3,44,233000125,233001749,93,20221023-081818
0,0,경기76아1132,3,48,233000125,233002131,8,20221023-081818
0,0,경기76아4652,3,43,233000125,277103204,59,20221023-081833
0,0,경기76아1122,3,42,233000125,120000671,52,20221023-081833
0,0,경기76아1123,3,32,233000125,233000712,40,20221023-081833
0,0,경기76아1132,3,48,233000125,233002131,8,20221023-081833
0,0,경기76아4651,3,44,233000125,233001749,93,20221023-081833
0,0,경기76아4652,3,43,233000125,277103204,59,20221023-081848
0,0,경기76아1122,3,42,233000125,120000671,52,20221023-081848
0,0,경기76아1123,3,32,233000125,233000712,40,20221023-081848
0,0,경기76아4651,3,44,233000125,233002159,94,20221023-081848
0,0,경기76아1132,3,48,233000125,233002131,8,20221023-081848
0,0,경기76아1122,3,42,233000125,120000671,52,20221023-081903
0,0,경기76아4652,3,43,233000125,277103202,60,20221023-081903
0,0,경기76아1132,3,48,233000125,233002131,8,20221023-081903
0,0,경기76아1123,3,32,233000125,233000712,40,20221023-081903
0,0,경기76아4651,3,44,233000125,233001828,95,20221023-081903
0,0,경기76아1122,3,42,233000125,120000671,52,20221023-081918
0,0,경기76아4652,3,43,233000125,277103202,60,20221023-081918
0,0,경기76아4651,3,44,233000125,233001828,95,20221023-081918
0,0,경기76아1132,3,48,233000125,233000148,9,20221023-081918
0,0,경기76아1123,3,32,233000125,233000712,40,20221023-081918
0,0,경기76아1122,3,42,233000125,120000671,52,20221023-081933
0,0,경기76아4652,3,43,233000125,277103202,60,20221023-081933
0,0,경기76아4651,3,44,233000125,233001828,95,20221023-081933
0,0,경기76아1132,3,48,233000125,233000148,9,20221023-081933
0,0,경기76아1123,3,32,233000125,233000712,40,20221023-081933
0,0,경기76아1122,3,42,233000125,120000671,52,20221023-081948
0,0,경기76아4652,3,43,233000125,277103202,60,20221023-081948
0,0,경기76아4651,3,44,233000125,233001828,95,20221023-081948
0,0,경기76아1132,3,48,233000125,233000148,9,20221023-081948
0,0,경기76아1123,3,32,233000125,233000712,40,20221023-081948
0,0,경기76아1122,3,42,233000125,120000671,52,20221023-082003
0,0,경기76아4652,3,43,233000125,277103202,60,20221023-082003
0,0,경기76아4651,3,44,233000125,233001828,95,20221023-082003
0,0,경기76아1123,3,32,233000125,233000712,40,20221023-082003
0,0,경기76아1132,3,48,233000125,233000191,10,20221023-082003
0,0,경기76아4652,3,43,233000125,277103202,60,20221023-082018
0,0,경기76아1122,3,42,233000125,277103902,53,20221023-082018
0,0,경기76아4651,3,44,233000125,233001828,95,20221023-082018
0,0,경기76아1132,3,48,233000125,233000191,10,20221023-082018
0,0,경기76아1123,3,32,233000125,233000712,40,20221023-082018
0,0,경기76아1122,3,42,233000125,277103902,53,20221023-082033
0,0,경기76아4652,3,43,233000125,277103201,61,20221023-082033
0,0,경기76아4651,3,44,233000125,233001828,95,20221023-082033
0,0,경기76아1123,3,32,233000125,233000712,40,20221023-082033
0,0,경기76아1132,3,45,233000125,233000191,10,20221023-082033
0,0,경기76아1122,3,42,233000125,277103902,53,20221023-082048
0,0,경기76아4652,3,43,233000125,277103201,61,20221023-082048
0,0,경기76아4651,3,44,233000125,233001828,95,20221023-082048
0,0,경기76아1123,3,32,233000125,233000712,40,20221023-082048
0,0,경기76아1132,3,45,233000125,233000190,11,20221023-082048
0,0,경기76아4652,3,43,233000125,277103201,61,20221023-082103
0,0,경기76아1122,3,42,233000125,121001315,54,20221023-082103
0,0,경기76아4651,3,44,233000125,233001828,95,20221023-082103
0,0,경기76아1123,3,32,233000125,233000712,40,20221023-082103
0,0,경기76아1132,3,45,233000125,233000190,11,20221023-082103
0,0,경기76아4652,3,43,233000125,277103201,61,20221023-082118
0,0,경기76아1122,3,42,233000125,121001315,54,20221023-082118
0,0,경기76아1132,3,45,233000125,233000189,12,20221023-082118
0,0,경기76아4651,3,44,233000125,233001828,95,20221023-082118
0,0,경기76아1123,3,32,233000125,233000712,40,20221023-082118
0,0,경기76아4652,3,43,233000125,277103201,61,20221023-082133
0,0,경기76아1122,3,42,233000125,121001315,54,20221023-082133
0,0,경기76아1123,3,32,233000125,233000712,40,20221023-082133
0,0,경기76아1132,3,45,233000125,233000189,12,20221023-082133
0,0,경기76아4651,3,44,233000125,233001435,96,20221023-082133
0,0,경기76아4652,3,43,233000125,277103201,61,20221023-082148
0,0,경기76아1122,3,49,233000125,121001315,54,20221023-082148
0,0,경기76아4651,3,44,233000125,233001435,96,20221023-082148
0,0,경기76아1123,3,32,233000125,277103520,41,20221023-082148
0,0,경기76아1132,3,45,233000125,233001943,13,20221023-082148
0,0,경기76아4652,3,43,233000125,277103201,61,20221023-082203
0,0,경기76아1122,3,49,233000125,121001315,54,20221023-082203
0,0,경기76아1123,3,32,233000125,277103520,41,20221023-082203
0,0,경기76아4651,3,44,233000125,233000208,97,20221023-082203
0,0,경기76아1132,3,45,233000125,233000188,14,20221023-082203
0,0,경기76아1122,3,49,233000125,121001315,54,20221023-082218
0,0,경기76아4652,3,43,233000125,277103201,61,20221023-082218
0,0,경기76아1123,3,32,233000125,277103520,41,20221023-082218
0,0,경기76아1132,3,45,233000125,233000188,14,20221023-082218
0,0,경기76아4651,3,44,233000125,233001043,98,20221023-082218
0,0,경기76아1122,3,49,233000125,121001315,54,20221023-082233
0,0,경기76아4652,3,43,233000125,277103201,61,20221023-082233
0,0,경기76아1123,3,32,233000125,277103520,41,20221023-082233
0,0,경기76아4651,3,45,233000125,233001043,98,20221023-082233
0,0,경기76아1132,3,43,233000125,233000188,14,20221023-082233
0,0,경기76아1122,3,49,233000125,121001315,54,20221023-082248
0,0,경기76아4652,3,43,233000125,277103201,61,20221023-082248
0,0,경기76아1123,3,32,233000125,277103520,41,20221023-082248
0,0,경기76아4651,3,45,233000125,233001043,98,20221023-082248
0,0,경기76아1132,3,43,233000125,233000188,14,20221023-082248
0,0,경기76아1122,3,49,233000125,121001315,54,20221023-082303
0,0,경기76아4652,3,43,233000125,277103201,61,20221023-082303
0,0,경기76아1123,3,32,233000125,277103520,41,20221023-082303
0,0,경기76아4651,3,45,233000125,233001043,98,20221023-082303
0,0,경기76아1132,3,43,233000125,233000188,14,20221023-082303
0,0,경기76아1122,3,49,233000125,121001315,54,20221023-082318
0,0,경기76아4652,3,43,233000125,277103158,62,20221023-082318
0,0,경기76아4651,3,45,233000125,233001043,98,20221023-082318
0,0,경기76아1132,3,43,233000125,233000188,14,20221023-082318
0,0,경기76아1123,3,32,233000125,277103520,41,20221023-082318
0,0,경기76아1122,3,49,233000125,277101688,55,20221023-082333
0,0,경기76아4652,3,43,233000125,277103158,62,20221023-082333
0,0,경기76아1132,3,43,233000125,233000188,14,20221023-082333
0,0,경기76아1123,3,32,233000125,277103520,41,20221023-082333
0,0,경기76아4651,3,45,233000125,233002130,99,20221023-082333
0,0,경기76아1122,3,49,233000125,277101688,55,20221023-082348
0,0,경기76아4652,3,43,233000125,277103158,62,20221023-082348
0,0,경기76아1132,3,43,233000125,233000188,14,20221023-082348
0,0,경기76아1123,3,32,233000125,277103520,41,20221023-082348
0,0,경기76아4651,3,45,233000125,233001042,100,20221023-082348
0,0,경기76아1122,3,49,233000125,277101688,55,20221023-082403
0,0,경기76아4652,3,43,233000125,277103158,62,20221023-082403
0,0,경기76아1132,3,43,233000125,233000188,14,20221023-082403
0,0,경기76아4651,3,45,233000125,233001042,100,20221023-082403
0,0,경기76아1123,3,32,233000125,277103520,41,20221023-082403
0,0,경기76아1122,3,49,233000125,277101688,55,20221023-082418
0,0,경기76아4652,3,43,233000125,277103158,62,20221023-082418
0,0,경기76아4651,3,45,233000125,233001042,100,20221023-082418
0,0,경기76아1123,3,32,233000125,277103520,41,20221023-082418
0,0,경기76아1132,3,43,233000125,233000188,14,20221023-082418
0,0,경기76아1122,3,49,233000125,277101688,55,20221023-082433
0,0,경기76아4652,3,43,233000125,277103220,63,20221023-082433
0,0,경기76아1132,3,43,233000125,233001318,15,20221023-082433
0,0,경기76아4651,3,45,233000125,233002296,101,20221023-082433
0,0,경기76아1123,3,32,233000125,277103528,42,20221023-082433
0,0,경기76아1122,3,49,233000125,277101688,55,20221023-082448
0,0,경기76아4652,3,43,233000125,277103220,63,20221023-082448
0,0,경기76아1123,3,32,233000125,277103528,42,20221023-082448
0,0,경기76아4651,3,45,233000125,233000207,102,20221023-082448
0,0,경기76아1132,3,43,233000125,233001318,15,20221023-082448
0,0,경기76아1122,3,49,233000125,277101688,55,20221023-082503
0,0,경기76아4652,3,43,233000125,277103220,63,20221023-082503
0,0,경기76아4651,3,45,233000125,233000207,102,20221023-082503
0,0,경기76아1123,3,32,233000125,277103528,42,20221023-082503
0,0,경기76아1132,3,43,233000125,233001318,15,20221023-082503
0,0,경기76아1122,3,49,233000125,277101688,55,20221023-082518
0,0,경기76아4652,3,43,233000125,277103220,63,20221023-082518
0,0,경기76아4651,3,45,233000125,233000207,102,20221023-082518
0,0,경기76아1123,3,32,233000125,277103528,42,20221023-082518
0,0,경기76아1132,3,43,233000125,233001318,15,20221023-082518
0,0,경기76아1122,3,49,233000125,277101688,55,20221023-082533
0,0,경기76아4652,3,43,233000125,277103220,63,20221023-082533
0,0,경기76아4651,3,45,233000125,233000207,102,20221023-082533
0,0,경기76아1123,3,32,233000125,277103528,42,20221023-082533
0,0,경기76아1132,3,43,233000125,233000730,16,20221023-082533
0,0,경기76아1122,3,49,233000125,277101688,55,20221023-082548
0,0,경기76아4652,3,43,233000125,277103220,63,20221023-082548
0,0,경기76아4651,3,45,233000125,233000207,102,20221023-082548
0,0,경기76아1132,3,43,233000125,233000730,16,20221023-082548
0,0,경기76아1123,3,32,233000125,277103317,43,20221023-082548
0,0,경기76아1122,3,49,233000125,277101688,55,20221023-082603
0,0,경기76아4652,3,43,233000125,277103220,63,20221023-082603
0,0,경기76아4651,3,45,233000125,233000207,102,20221023-082603
0,0,경기76아1132,3,43,233000125,233000730,16,20221023-082603
0,0,경기76아1123,3,32,233000125,277103317,43,20221023-082603
0,0,경기76아1122,3,49,233000125,277101688,55,20221023-082618
0,0,경기76아4652,3,43,233000125,277103220,63,20221023-082618
0,0,경기76아4651,3,45,233000125,233000207,102,20221023-082618
0,0,경기76아1132,3,43,233000125,233000730,16,20221023-082618
0,0,경기76아1123,3,32,233000125,277103317,43,20221023-082618
0,0,경기76아1122,3,49,233000125,277101688,55,20221023-082633
0,0,경기76아4652,3,43,233000125,226000038,64,20221023-082633
0,0,경기76아4651,3,45,233000125,233000207,102,20221023-082633
0,0,경기76아1123,3,32,233000125,277103317,43,20221023-082633
0,0,경기76아1132,3,39,233000125,233000730,16,20221023-082633
0,0,경기76아1122,3,49,233000125,277101688,55,20221023-082648
0,0,경기76아4652,3,43,233000125,226000038,64,20221023-082648
0,0,경기76아4651,3,45,233000125,233000207,102,20221023-082648
0,0,경기76아1123,3,32,233000125,277103317,43,20221023-082648
0,0,경기76아1132,3,39,233000125,233000730,16,20221023-082648
0,0,경기76아1122,3,49,233000125,277101688,55,20221023-082703
0,0,경기76아4652,3,43,233000125,226000038,64,20221023-082703
0,0,경기76아4651,3,45,233000125,233000207,102,20221023-082703
0,0,경기76아1123,3,32,233000125,277103317,43,20221023-082703
0,0,경기76아1132,3,39,233000125,233000730,16,20221023-082703
0,0,경기76아1122,3,49,233000125,277101688,55,20221023-082718
0,0,경기76아4652,3,42,233000125,226000038,64,20221023-082718
0,0,경기76아4651,3,45,233000125,233000207,102,20221023-082718
0,0,경기76아1123,3,32,233000125,277103317,43,20221023-082718
0,0,경기76아1132,3,39,233000125,233000729,17,20221023-082718
0,0,경기76아1122,3,49,233000125,277101688,55,20221023-082733
0,0,경기76아4652,3,42,233000125,226000038,64,20221023-082733
0,0,경기76아1123,3,32,233000125,277103317,43,20221023-082733
0,0,경기76아1132,3,39,233000125,233000729,17,20221023-082733
0,0,경기76아4651,3,45,233000125,233000207,102,20221023-082733
0,0,경기76아1122,3,49,233000125,277101688,55,20221023-082748
0,0,경기76아4652,3,42,233000125,226000038,64,20221023-082748
0,0,경기76아1123,3,32,233000125,277103317,43,20221023-082748
0,0,경기76아1132,3,39,233000125,233000729,17,20221023-082748
0,0,경기76아4651,3,45,233000125,233000207,102,20221023-082748
0,0,경기76아1122,3,49,233000125,277101688,55,20221023-082803
0,0,경기76아4652,3,42,233000125,226000038,64,20221023-082803
0,0,경기76아1132,3,39,233000125,233000729,17,20221023-082803
0,0,경기76아1123,3,32,233000125,277103317,43,20221023-082803
0,0,경기76아4651,3,45,233000125,233002216,103,20221023-082803
0,0,경기76아1122,3,49,233000125,277101688,55,20221023-082818
0,0,경기76아4652,3,42,233000125,226000038,64,20221023-082818
0,0,경기76아1123,3,32,233000125,277103317,43,20221023-082818
0,0,경기76아1132,3,39,233000125,233000729,17,20221023-082818
0,0,경기76아4651,3,45,233000125,233002216,103,20221023-082818
0,0,경기76아1122,3,49,233000125,277101688,55,20221023-082833
0,0,경기76아4652,3,42,233000125,226000038,64,20221023-082833
0,0,경기76아4651,3,45,233000125,233002216,103,20221023-082833
0,0,경기76아1132,3,39,233000125,233000729,17,20221023-082833
0,0,경기76아1123,3,32,233000125,277103315,44,20221023-082833
0,0,경기76아1122,3,49,233000125,277101688,55,20221023-082848
0,0,경기76아4652,3,42,233000125,226000038,64,20221023-082848
0,0,경기76아4651,3,45,233000125,233002216,103,20221023-082848
0,0,경기76아1132,3,39,233000125,233000729,17,20221023-082848
0,0,경기76아1123,3,32,233000125,277103315,44,20221023-082848
0,0,경기76아1122,3,49,233000125,277101688,55,20221023-082903
0,0,경기76아4652,3,42,233000125,226000038,64,20221023-082903
0,0,경기76아1132,3,39,233000125,233000729,17,20221023-082903
0,0,경기76아4651,3,45,233000125,233002223,104,20221023-082903
0,0,경기76아1123,3,32,233000125,277103315,44,20221023-082903
0,0,경기76아1122,3,49,233000125,277101688,55,20221023-082918
0,0,경기76아4652,3,42,233000125,277103314,65,20221023-082918
0,0,경기76아4651,3,45,233000125,233002223,104,20221023-082918
0,0,경기76아1123,3,32,233000125,277103315,44,20221023-082918
0,0,경기76아1132,3,39,233000125,233000729,17,20221023-082918
0,0,경기76아1122,3,49,233000125,277101688,55,20221023-082933
0,0,경기76아4652,3,42,233000125,277103314,65,20221023-082933
0,0,경기76아1123,3,32,233000125,277103315,44,20221023-082933
0,0,경기76아1132,3,39,233000125,233000728,18,20221023-082933
0,0,경기76아4651,3,45,233000125,233002223,104,20221023-082933
0,0,경기76아1122,3,49,233000125,277101688,55,20221023-082948
0,0,경기76아4652,3,42,233000125,277103314,65,20221023-082948
0,0,경기76아1132,3,39,233000125,233000728,18,20221023-082948
0,0,경기76아4651,3,45,233000125,233002223,104,20221023-082948
0,0,경기76아1123,3,32,233000125,277103315,44,20221023-082948
0,0,경기76아1122,3,49,233000125,277101688,55,20221023-083003
0,0,경기76아4652,3,42,233000125,277103314,65,20221023-083003
0,0,경기76아1123,3,32,233000125,277103315,44,20221023-083003
0,0,경기76아4651,3,45,233000125,233002214,105,20221023-083003
0,0,경기76아1132,3,-1,233000125,233000728,18,20221023-083003
0,0,경기76아1122,3,49,233000125,277101688,55,20221023-083018
0,0,경기76아4652,3,42,233000125,277103314,65,20221023-083018
0,0,경기76아4651,3,45,233000125,233002214,105,20221023-083018
0,0,경기76아1123,3,32,233000125,277103315,44,20221023-083018
0,0,경기76아1132,3,38,233000125,233001404,19,20221023-083018
0,0,경기76아1122,3,49,233000125,277101688,55,20221023-083033
0,0,경기76아4652,3,42,233000125,277103314,65,20221023-083033
0,0,경기76아4651,3,45,233000125,233002214,105,20221023-083033
0,0,경기76아1132,3,38,233000125,233001404,19,20221023-083033
0,0,경기76아1123,3,32,233000125,226000039,45,20221023-083033
0,0,경기76아1122,3,49,233000125,277101688,55,20221023-083048
0,0,경기76아4652,3,42,233000125,277103314,65,20221023-083048
0,0,경기76아4651,3,45,233000125,233002214,105,20221023-083048
0,0,경기76아1123,3,32,233000125,226000039,45,20221023-083048
0,0,경기76아1132,3,-1,233000125,233000727,20,20221023-083048
0,0,경기76아1122,3,49,233000125,277101688,55,20221023-083103
0,0,경기76아4652,3,42,233000125,277103314,65,20221023-083103
0,0,경기76아4651,3,45,233000125,233002214,105,20221023-083103
0,0,경기76아1123,3,32,233000125,226000039,45,20221023-083103
0,0,경기76아1132,3,38,233000125,233000727,20,20221023-083103
0,0,경기76아1122,3,49,233000125,277101688,55,20221023-083118
0,0,경기76아4652,3,42,233000125,277103314,65,20221023-083118
0,0,경기76아4651,3,45,233000125,233002214,105,20221023-083118
0,0,경기76아1132,3,38,233000125,233000727,20,20221023-083118
0,0,경기76아1123,3,32,233000125,226000039,45,20221023-083118
0,0,경기76아1122,3,49,233000125,277101688,55,20221023-083133
0,0,경기76아4652,3,42,233000125,277103314,65,20221023-083133
0,0,경기76아4651,3,45,233000125,233002214,105,20221023-083133
0,0,경기76아1132,3,38,233000125,233000727,20,20221023-083133
0,0,경기76아1123,3,32,233000125,226000039,45,20221023-083133
0,0,경기76아1122,3,49,233000125,277101688,55,20221023-083148
0,0,경기76아4652,3,42,233000125,277103316,66,20221023-083148
0,0,경기76아4651,3,45,233000125,233002214,105,20221023-083148
0,0,경기76아1132,3,38,233000125,233000727,20,20221023-083148
0,0,경기76아1123,3,32,233000125,226000039,45,20221023-083148
0,0,경기76아1122,3,49,233000125,277101688,55,20221023-083203
0,0,경기76아4652,3,42,233000125,277103316,66,20221023-083203
0,0,경기76아4651,3,45,233000125,233002214,105,20221023-083203
0,0,경기76아1123,3,32,233000125,226000039,45,20221023-083203
0,0,경기76아1132,3,38,233000125,233000726,21,20221023-083203
0,0,경기76아1122,3,49,233000125,277101688,55,20221023-083218
0,0,경기76아4652,3,42,233000125,277103316,66,20221023-083218
0,0,경기76아4651,3,45,233000125,233002214,105,20221023-083218
0,0,경기76아1132,3,38,233000125,233000726,21,20221023-083218
0,0,경기76아1123,3,32,233000125,277103221,46,20221023-083218
0,0,경기76아1122,3,49,233000125,277101688,55,20221023-083233
0,0,경기76아4652,3,42,233000125,277103316,66,20221023-083233
0,0,경기76아4651,3,45,233000125,233002214,105,20221023-083233
0,0,경기76아1132,3,38,233000125,233000726,21,20221023-083233
0,0,경기76아1123,3,32,233000125,277103221,46,20221023-083233
0,0,경기76아1122,3,49,233000125,277101688,55,20221023-083248
0,0,경기76아4652,3,42,233000125,277103527,67,20221023-083248
0,0,경기76아1132,3,38,233000125,233000726,21,20221023-083248
0,0,경기76아1123,3,32,233000125,277103221,46,20221023-083248
0,0,경기76아4651,3,45,233000125,233002214,105,20221023-083248
0,0,경기76아1122,3,49,233000125,277101688,55,20221023-083302
0,0,경기76아4652,3,42,233000125,277103527,67,20221023-083302
0,0,경기76아1132,3,38,233000125,233000726,21,20221023-083302
0,0,경기76아1123,3,32,233000125,277103221,46,20221023-083302
0,0,경기76아4651,3,45,233000125,233002214,105,20221023-083302
0,0,경기76아1122,3,49,233000125,277101688,55,20221023-083317
0,0,경기76아4652,3,42,233000125,277103527,67,20221023-083317
0,0,경기76아1123,3,32,233000125,277103221,46,20221023-083317
0,0,경기76아4651,3,45,233000125,233002214,105,20221023-083317
0,0,경기76아1132,3,38,233000125,233000726,21,20221023-083317
0,0,경기76아1122,3,49,233000125,277101688,55,20221023-083332
0,0,경기76아4652,3,42,233000125,277103527,67,20221023-083332
0,0,경기76아4651,3,45,233000125,233002214,105,20221023-083332
0,0,경기76아1132,3,38,233000125,233000726,21,20221023-083332
0,0,경기76아1123,3,32,233000125,277103221,46,20221023-083332
0,0,경기76아1122,3,49,233000125,277101688,55,20221023-083347
0,0,경기76아4652,3,42,233000125,277103527,67,20221023-083347
0,0,경기76아4651,3,45,233000125,233002214,105,20221023-083347
0,0,경기76아1123,3,32,233000125,277103221,46,20221023-083347
0,0,경기76아1132,3,38,233000125,233000726,21,20221023-083347
0,0,경기76아1122,3,49,233000125,277101688,55,20221023-083404
0,0,경기76아4652,3,42,233000125,277103527,67,20221023-083404
0,0,경기76아4651,3,45,233000125,233002214,105,20221023-083404
0,0,경기76아1123,3,32,233000125,277103221,46,20221023-083404
0,0,경기76아1132,3,38,233000125,233000726,21,20221023-083404
0,0,경기76아1122,3,49,233000125,277101688,55,20221023-083419
0,0,경기76아4652,3,42,233000125,277103527,67,20221023-083419
0,0,경기76아4651,3,45,233000125,233002214,105,20221023-083419
0,0,경기76아1123,3,32,233000125,277103221,46,20221023-083419
0,0,경기76아1132,3,38,233000125,233000726,21,20221023-083419
0,0,경기76아1122,3,49,233000125,277101688,55,20221023-083434
0,0,경기76아4652,3,42,233000125,277103527,67,20221023-083434
0,0,경기76아1123,3,32,233000125,277103221,46,20221023-083434
0,0,경기76아1132,3,38,233000125,233000726,21,20221023-083434
0,0,경기76아4651,3,45,233000125,233002214,105,20221023-083434
0,0,경기76아1122,3,49,233000125,277101688,55,20221023-083449
0,0,경기76아4652,3,42,233000125,277103527,67,20221023-083449
0,0,경기76아1123,3,32,233000125,277103221,46,20221023-083449
0,0,경기76아1132,3,38,233000125,233000726,21,20221023-083449
0,0,경기76아4651,3,45,233000125,233002214,105,20221023-083449
0,0,경기76아1122,3,49,233000125,277101688,55,20221023-083504
0,0,경기76아4652,3,42,233000125,277103527,67,20221023-083504
0,0,경기76아1123,3,32,233000125,277103221,46,20221023-083504
0,0,경기76아1132,3,37,233000125,233000725,22,20221023-083504
0,0,경기76아1122,3,49,233000125,277101688,55,20221023-083519
0,0,경기76아4652,3,42,233000125,277103527,67,20221023-083519
0,0,경기76아1123,3,32,233000125,277103159,47,20221023-083519
0,0,경기76아1132,3,37,233000125,233000725,22,20221023-083519
0,0,경기76아1122,3,49,233000125,277101688,55,20221023-083534
0,0,경기76아4652,3,42,233000125,277103519,68,20221023-083534
0,0,경기76아1123,3,32,233000125,277103159,47,20221023-083534
0,0,경기76아1132,3,37,233000125,233002118,23,20221023-083534
0,0,경기76아1122,3,49,233000125,277101688,55,20221023-083549
0,0,경기76아4652,3,42,233000125,277103519,68,20221023-083549
0,0,경기76아1123,3,32,233000125,277103159,47,20221023-083549
0,0,경기76아1132,3,37,233000125,233002118,23,20221023-083549
0,0,경기76아1122,3,49,233000125,277101688,55,20221023-083604
0,0,경기76아4652,3,42,233000125,277103519,68,20221023-083604
0,0,경기76아1123,3,32,233000125,277103159,47,20221023-083604
0,0,경기76아1132,3,37,233000125,233002118,23,20221023-083604
0,0,경기76아1122,3,49,233000125,277101688,55,20221023-083619
0,0,경기76아4652,3,42,233000125,277103519,68,20221023-083619
0,0,경기76아1123,3,32,233000125,277103200,48,20221023-083619
0,0,경기76아1132,3,37,233000125,233002118,23,20221023-083619
0,0,경기76아1122,3,49,233000125,277101688,55,20221023-083634
0,0,경기76아4652,3,42,233000125,277103519,68,20221023-083634
0,0,경기76아1123,3,32,233000125,277103200,48,20221023-083634
0,0,경기76아1132,3,37,233000125,233002118,23,20221023-083634
0,0,경기76아1122,3,49,233000125,277101688,55,20221023-083649
0,0,경기76아4652,3,42,233000125,277103519,68,20221023-083649
0,0,경기76아1132,3,37,233000125,233002118,23,20221023-083649
0,0,경기76아1123,3,32,233000125,277103200,48,20221023-083649
0,0,경기76아1122,3,49,233000125,277101688,55,20221023-083703
0,0,경기76아4652,3,42,233000125,277103519,68,20221023-083703
0,0,경기76아1123,3,32,233000125,277103200,48,20221023-083703
0,0,경기76아1132,3,37,233000125,233000724,24,20221023-083703
0,0,경기76아1122,3,49,233000125,277101688,55,20221023-083718
0,0,경기76아4652,3,42,233000125,277103519,68,20221023-083718
0,0,경기76아1123,3,32,233000125,277103200,48,20221023-083718
0,0,경기76아1132,3,37,233000125,233000724,24,20221023-083718
0,0,경기76아1122,3,49,233000125,277101688,55,20221023-083733
0,0,경기76아4652,3,42,233000125,233000781,69,20221023-083733
0,0,경기76아1123,3,32,233000125,277103200,48,20221023-083733
0,0,경기76아1132,3,37,233000125,233000723,25,20221023-083733
0,0,경기76아1122,3,49,233000125,277101688,55,20221023-083748
0,0,경기76아4652,3,42,233000125,233000781,69,20221023-083748
0,0,경기76아1132,3,37,233000125,233000723,25,20221023-083748
0,0,경기76아1123,3,32,233000125,277103200,48,20221023-083748
0,0,경기76아1122,3,49,233000125,277101688,55,20221023-083803
0,0,경기76아4652,3,42,233000125,233000781,69,20221023-083803
0,0,경기76아1123,3,32,233000125,277103200,48,20221023-083803
0,0,경기76아1132,3,37,233000125,233000722,26,20221023-083803
0,0,경기76아1122,3,49,233000125,277101688,55,20221023-083818
0,0,경기76아4652,3,42,233000125,233000781,69,20221023-083818
0,0,경기76아1123,3,32,233000125,277103200,48,20221023-083818
0,0,경기76아1132,3,37,233000125,233000722,26,20221023-083818
0,0,경기76아4652,3,42,233000125,233000849,70,20221023-083833
0,0,경기76아1132,3,36,233000125,233000722,26,20221023-083833
0,0,경기76아1123,3,32,233000125,277103203,49,20221023-083833
0,0,경기76아4652,3,42,233000125,233000849,70,20221023-083848
0,0,경기76아1132,3,36,233000125,233000722,26,20221023-083848
0,0,경기76아1123,3,32,233000125,277103203,49,20221023-083848
0,0,경기76아4652,3,42,233000125,233000848,71,20221023-083903
0,0,경기76아1132,3,36,233000125,233000722,26,20221023-083903
0,0,경기76아1123,3,32,233000125,277103203,49,20221023-083903
0,0,경기76아4652,3,42,233000125,233000848,71,20221023-083918
0,0,경기76아1132,3,36,233000125,233000722,26,20221023-083918
0,0,경기76아1123,3,32,233000125,277103203,49,20221023-083918
0,0,경기76아4652,3,42,233000125,233000848,71,20221023-083933
0,0,경기76아1132,3,36,233000125,233000722,26,20221023-083933
0,0,경기76아1123,3,32,233000125,277103203,49,20221023-083933
0,0,경기76아4652,3,42,233000125,233000847,72,20221023-083948
0,0,경기76아1123,3,32,233000125,277103203,49,20221023-083948
0,0,경기76아1132,3,36,233000125,233000721,27,20221023-083948
0,0,경기76아4652,3,42,233000125,233000847,72,20221023-084003
0,0,경기76아1122,3,49,233000125,119900083,56,20221023-084003
0,0,경기76아1132,3,36,233000125,233000721,27,20221023-084003
0,0,경기76아1123,3,32,233000125,277103203,49,20221023-084003
0,0,경기76아1122,3,49,233000125,119900083,56,20221023-084018
0,0,경기76아4652,3,42,233000125,233002174,73,20221023-084018
0,0,경기76아1132,3,36,233000125,233000721,27,20221023-084018
0,0,경기76아1123,3,32,233000125,277103205,50,20221023-084018
0,0,경기76아1122,3,49,233000125,119900083,56,20221023-084033
0,0,경기76아4652,3,42,233000125,233002174,73,20221023-084033
0,0,경기76아1132,3,36,233000125,233000721,27,20221023-084033
0,0,경기76아1123,3,32,233000125,277103205,50,20221023-084033
0,0,경기76아4652,3,42,233000125,233002174,73,20221023-084048
0,0,경기76아1122,3,43,233000125,119900083,56,20221023-084048
0,0,경기76아1132,3,36,233000125,233000721,27,20221023-084048
0,0,경기76아1123,3,32,233000125,277103205,50,20221023-084048
0,0,경기76아1122,3,43,233000125,119900083,56,20221023-084103
0,0,경기76아4652,3,42,233000125,233000055,74,20221023-084103
0,0,경기76아1132,3,36,233000125,233000721,27,20221023-084103
0,0,경기76아1123,3,32,233000125,277103205,50,20221023-084103
0,0,경기76아1122,3,43,233000125,119900083,56,20221023-084117
0,0,경기76아4652,3,42,233000125,233000846,75,20221023-084117
0,0,경기76아1132,3,36,233000125,233000721,27,20221023-084117
0,0,경기76아4649,3,45,233000125,233002226,1,20221023-084117
0,0,경기76아1123,3,32,233000125,277103205,50,20221023-084117
0,0,경기76아1122,3,43,233000125,119900083,56,20221023-084132
0,0,경기76아4652,3,42,233000125,233000845,76,20221023-084132
0,0,경기76아1123,3,32,233000125,277103205,50,20221023-084132
0,0,경기76아4649,3,45,233000125,233002226,1,20221023-084132
0,0,경기76아1132,3,36,233000125,233000721,27,20221023-084132
0,0,경기76아1122,3,43,233000125,119900083,56,20221023-084147
0,0,경기76아4652,3,42,233000125,233000845,76,20221023-084147
0,0,경기76아1123,3,32,233000125,277103205,50,20221023-084147
0,0,경기76아4649,3,45,233000125,233002226,1,20221023-084147
0,0,경기76아1132,3,36,233000125,233000721,27,20221023-084147
0,0,경기76아1122,3,43,233000125,119900083,56,20221023-084204
0,0,경기76아4652,3,42,233000125,233000845,76,20221023-084204
0,0,경기76아1123,3,32,233000125,277103205,50,20221023-084204
0,0,경기76아4649,3,45,233000125,233002226,1,20221023-084204
0,0,경기76아1132,3,36,233000125,233000720,28,20221023-084204
0,0,경기76아1122,3,43,233000125,119900083,56,20221023-084219
0,0,경기76아4652,3,42,233000125,233002150,77,20221023-084219
0,0,경기76아1123,3,32,233000125,277103205,50,20221023-084219
0,0,경기76아1132,3,36,233000125,233000720,28,20221023-084219
0,0,경기76아4649,3,45,233000125,233002226,1,20221023-084219
0,0,경기76아1122,3,43,233000125,119900083,56,20221023-084234
0,0,경기76아4652,3,42,233000125,233002150,77,20221023-084234
0,0,경기76아1123,3,32,233000125,277103205,50,20221023-084234
0,0,경기76아1132,3,36,233000125,233000720,28,20221023-084234
0,0,경기76아4649,3,45,233000125,277102459,2,20221023-084234
0,0,경기76아1122,3,43,233000125,119900083,56,20221023-084249
0,0,경기76아4652,3,42,233000125,233002150,77,20221023-084249
0,0,경기76아1132,3,36,233000125,233000720,28,20221023-084249
0,0,경기76아4649,3,45,233000125,277102459,2,20221023-084249
0,0,경기76아1123,3,32,233000125,277103205,50,20221023-084249
0,0,경기76아1122,3,43,233000125,119900083,56,20221023-084304
0,0,경기76아4652,3,42,233000125,233002150,77,20221023-084304
0,0,경기76아1132,3,36,233000125,233000720,28,20221023-084304
0,0,경기76아4649,3,45,233000125,277102459,2,20221023-084304
0,0,경기76아1123,3,32,233000125,277103205,50,20221023-084304
0,0,경기76아1122,3,43,233000125,119900083,56,20221023-084319
0,0,경기76아4652,3,42,233000125,233002150,77,20221023-084319
0,0,경기76아4649,3,45,233000125,277102459,2,20221023-084319
0,0,경기76아1132,3,36,233000125,233000720,28,20221023-084319
0,0,경기76아1123,3,32,233000125,277103205,50,20221023-084319
0,0,경기76아1122,3,41,233000125,277103902,53,20221023-084334
0,0,경기76아4652,3,42,233000125,233000844,78,20221023-084334
0,0,경기76아4649,3,45,233000125,277102459,2,20221023-084334
0,0,경기76아1132,3,36,233000125,233000720,28,20221023-084334
0,0,경기76아1123,3,32,233000125,277103205,50,20221023-084334
0,0,경기76아4652,3,42,233000125,233000844,78,20221023-084349
0,0,경기76아1122,3,41,233000125,277102049,57,20221023-084349
0,0,경기76아1123,3,32,233000125,277103205,50,20221023-084349
0,0,경기76아4649,3,45,233000125,277102459,2,20221023-084349
0,0,경기76아1132,3,36,233000125,233000719,29,20221023-084349
0,0,경기76아4652,3,42,233000125,233000844,78,20221023-084404
0,0,경기76아1122,3,41,233000125,277102049,57,20221023-084404
0,0,경기76아1123,3,32,233000125,277103205,50,20221023-084404
0,0,경기76아4649,3,45,233000125,277102459,2,20221023-084404
0,0,경기76아1132,3,36,233000125,233000719,29,20221023-084404
0,0,경기76아1122,3,41,233000125,277102049,57,20221023-084419
0,0,경기76아4652,3,41,233000125,233000844,78,20221023-084419
0,0,경기76아1123,3,32,233000125,277103205,50,20221023-084419
0,0,경기76아4649,3,45,233000125,277102459,2,20221023-084419
0,0,경기76아1132,3,36,233000125,233000719,29,20221023-084419
0,0,경기76아1122,3,41,233000125,277102049,57,20221023-084434
0,0,경기76아4652,3,41,233000125,233000844,78,20221023-084434
0,0,경기76아1123,3,32,233000125,277103205,50,20221023-084434
0,0,경기76아1132,3,36,233000125,233000718,30,20221023-084434
0,0,경기76아4649,3,45,233000125,233002221,3,20221023-084434
0,0,경기76아1122,3,41,233000125,277102049,57,20221023-084449
0,0,경기76아4652,3,41,233000125,233000844,78,20221023-084449
0,0,경기76아1123,3,32,233000125,277103205,50,20221023-084449
0,0,경기76아1132,3,36,233000125,233000718,30,20221023-084449
0,0,경기76아4649,3,45,233000125,233002221,3,20221023-084449
0,0,경기76아1122,3,41,233000125,277102049,57,20221023-084503
0,0,경기76아4652,3,41,233000125,233000844,78,20221023-084503
0,0,경기76아4649,3,45,233000125,233002221,3,20221023-084503
0,0,경기76아1132,3,36,233000125,233000718,30,20221023-084503
0,0,경기76아1123,3,32,233000125,277103903,51,20221023-084503
0,0,경기76아1122,3,41,233000125,277102049,57,20221023-084518
0,0,경기76아4652,3,41,233000125,233000844,78,20221023-084518
0,0,경기76아1132,3,36,233000125,233000718,30,20221023-084518
0,0,경기76아1123,3,32,233000125,277103903,51,20221023-084518
0,0,경기76아4649,3,45,233000125,233002221,3,20221023-084518
0,0,경기76아1122,3,41,233000125,277102049,57,20221023-084533
0,0,경기76아4652,3,41,233000125,233000843,79,20221023-084533
0,0,경기76아4649,3,45,233000125,233002221,3,20221023-084533
0,0,경기76아1123,3,32,233000125,277103903,51,20221023-084533
0,0,경기76아1132,3,36,233000125,233000718,30,20221023-084533
0,0,경기76아1122,3,41,233000125,277102049,57,20221023-084548
0,0,경기76아4652,3,41,233000125,233000843,79,20221023-084548
0,0,경기76아4649,3,45,233000125,233002221,3,20221023-084548
0,0,경기76아1132,3,36,233000125,233000718,30,20221023-084548
0,0,경기76아1123,3,32,233000125,120000671,52,20221023-084548
0,0,경기76아1122,3,41,233000125,277102049,57,20221023-084603
0,0,경기76아4652,3,41,233000125,233000780,80,20221023-084603
0,0,경기76아4649,3,45,233000125,233002221,3,20221023-084603
0,0,경기76아1132,3,36,233000125,233000842,31,20221023-084603
0,0,경기76아1123,3,32,233000125,120000671,52,20221023-084603
0,0,경기76아1122,3,41,233000125,277102049,57,20221023-084618
0,0,경기76아4652,3,41,233000125,233000780,80,20221023-084618
0,0,경기76아4649,3,45,233000125,233002221,3,20221023-084618
0,0,경기76아1132,3,36,233000125,233000842,31,20221023-084618
0,0,경기76아1123,3,33,233000125,120000671,52,20221023-084618
0,0,경기76아1122,3,41,233000125,277102291,58,20221023-084633
0,0,경기76아4652,3,41,233000125,233000780,80,20221023-084633
0,0,경기76아1132,3,36,233000125,233000842,31,20221023-084633
0,0,경기76아4649,3,44,233000125,233002224,4,20221023-084633
0,0,경기76아1123,3,33,233000125,120000671,52,20221023-084633
0,0,경기76아1122,3,41,233000125,277102291,58,20221023-084648
0,0,경기76아4652,3,41,233000125,233000780,80,20221023-084648
0,0,경기76아1123,3,33,233000125,120000671,52,20221023-084648
0,0,경기76아4649,3,44,233000125,233002224,4,20221023-084648
0,0,경기76아1132,3,42,233000125,233000842,31,20221023-084648
0,0,경기76아1122,3,41,233000125,277102291,58,20221023-084703
0,0,경기76아4652,3,41,233000125,233000780,80,20221023-084703
0,0,경기76아1123,3,33,233000125,120000671,52,20221023-084703
0,0,경기76아1132,3,42,233000125,233000842,31,20221023-084703
0,0,경기76아4649,3,44,233000125,233002224,4,20221023-084703
0,0,경기76아1122,3,41,233000125,277102291,58,20221023-084718
0,0,경기76아4652,3,41,233000125,233000779,81,20221023-084718
0,0,경기76아1123,3,33,233000125,120000671,52,20221023-084718
0,0,경기76아1132,3,42,233000125,233000842,31,20221023-084718
0,0,경기76아4649,3,44,233000125,233002225,5,20221023-084718
0,0,경기76아1122,3,41,233000125,277102291,58,20221023-084733
0,0,경기76아4652,3,41,233000125,233000779,81,20221023-084733
0,0,경기76아1123,3,33,233000125,120000671,52,20221023-084733
0,0,경기76아4649,3,44,233000125,233002225,5,20221023-084733
0,0,경기76아1132,3,42,233000125,233000842,31,20221023-084733
0,0,경기76아1122,3,41,233000125,277102291,58,20221023-084748
0,0,경기76아4652,3,41,233000125,233000779,81,20221023-084748
0,0,경기76아1123,3,33,233000125,120000671,52,20221023-084748
0,0,경기76아1132,3,42,233000125,233002149,32,20221023-084748
0,0,경기76아4649,3,44,233000125,233002225,5,20221023-084748
0,0,경기76아1122,3,41,233000125,277102291,58,20221023-084803
0,0,경기76아4652,3,41,233000125,233000779,81,20221023-084803
0,0,경기76아1132,3,42,233000125,233002149,32,20221023-084803
0,0,경기76아4649,3,44,233000125,233002225,5,20221023-084803
0,0,경기76아1123,3,33,233000125,277103902,53,20221023-084803
0,0,경기76아1122,3,41,233000125,277102291,58,20221023-084818
0,0,경기76아4652,3,41,233000125,233000779,81,20221023-084818
0,0,경기76아4649,3,44,233000125,233002225,5,20221023-084818
0,0,경기76아1123,3,33,233000125,277103902,53,20221023-084818
0,0,경기76아1132,3,42,233000125,233000717,33,20221023-084818
0,0,경기76아4652,3,41,233000125,233000779,81,20221023-084833
0,0,경기76아1122,3,41,233000125,277102291,58,20221023-084833
0,0,경기76아4649,3,44,233000125,233002225,5,20221023-084833
0,0,경기76아1123,3,33,233000125,277103902,53,20221023-084833
0,0,경기76아1132,3,42,233000125,233000717,33,20221023-084833
0,0,경기76아4652,3,41,233000125,233000779,81,20221023-084848
0,0,경기76아1122,3,41,233000125,277102291,58,20221023-084848
0,0,경기76아1123,3,33,233000125,277103902,53,20221023-084848
0,0,경기76아4649,3,44,233000125,233002295,6,20221023-084848
0,0,경기76아1132,3,42,233000125,233000716,34,20221023-084848
0,0,경기76아4652,3,41,233000125,233000779,81,20221023-084902
0,0,경기76아1122,3,41,233000125,277102291,58,20221023-084902
0,0,경기76아1123,3,33,233000125,277103902,53,20221023-084902
0,0,경기76아4649,3,44,233000125,233002295,6,20221023-084902
0,0,경기76아1132,3,42,233000125,233000716,34,20221023-084902
0,0,경기76아4652,3,41,233000125,233000779,81,20221023-084917
0,0,경기76아1122,3,41,233000125,277102291,58,20221023-084917
0,0,경기76아1123,3,33,233000125,277103902,53,20221023-084917
0,0,경기76아1132,3,42,233000125,233000059,35,20221023-084917
0,0,경기76아4649,3,44,233000125,233002295,6,20221023-084917
0,0,경기76아1122,3,41,233000125,277102291,58,20221023-084932
0,0,경기76아4652,3,41,233000125,233000779,81,20221023-084932
0,0,경기76아4649,3,44,233000125,233002295,6,20221023-084932
0,0,경기76아1123,3,49,233000125,121001315,54,20221023-084932
0,0,경기76아1132,3,42,233000125,233000891,36,20221023-084932
0,0,경기76아4652,3,41,233000125,233000779,81,20221023-084947
0,0,경기76아1122,3,41,233000125,277102291,58,20221023-084947
0,0,경기76아4649,3,44,233000125,233002295,6,20221023-084947
0,0,경기76아1132,3,42,233000125,233000891,36,20221023-084947
0,0,경기76아1123,3,49,233000125,121001315,54,20221023-084947
0,0,경기76아4652,3,41,233000125,233000779,81,20221023-085004
0,0,경기76아1122,3,41,233000125,277103204,59,20221023-085004
0,0,경기76아4649,3,44,233000125,233002295,6,20221023-085004
0,0,경기76아1132,3,42,233000125,233000891,36,20221023-085004
0,0,경기76아1123,3,49,233000125,121001315,54,20221023-085004
0,0,경기76아4652,3,41,233000125,233000779,81,20221023-085019
0,0,경기76아1122,3,41,233000125,277103204,59,20221023-085019
0,0,경기76아4649,3,44,233000125,233002295,6,20221023-085019
0,0,경기76아1123,3,49,233000125,121001315,54,20221023-085019
0,0,경기76아1132,3,42,233000125,233000891,36,20221023-085019
0,0,경기76아4652,3,41,233000125,233000779,81,20221023-085034
0,0,경기76아1122,3,41,233000125,277103204,59,20221023-085034
0,0,경기76아4649,3,44,233000125,233002295,6,20221023-085034
0,0,경기76아1123,3,49,233000125,121001315,54,20221023-085034
0,0,경기76아1132,3,42,233000125,233000891,36,20221023-085034
0,0,경기76아1122,3,41,233000125,277103204,59,20221023-085049
0,0,경기76아4652,3,41,233000125,233000778,82,20221023-085049
0,0,경기76아4649,3,44,233000125,233002295,6,20221023-085049
0,0,경기76아1123,3,49,233000125,121001315,54,20221023-085049
0,0,경기76아1132,3,42,233000125,233000891,36,20221023-085049
0,0,경기76아1122,3,41,233000125,277103204,59,20221023-085104
0,0,경기76아4652,3,41,233000125,233000778,82,20221023-085104
0,0,경기76아4649,3,44,233000125,233002295,6,20221023-085104
0,0,경기76아1123,3,49,233000125,121001315,54,20221023-085104
0,0,경기76아1132,3,42,233000125,233000715,37,20221023-085104
0,0,경기76아1122,3,41,233000125,277103204,59,20221023-085119
0,0,경기76아4652,3,41,233000125,233000778,82,20221023-085119
0,0,경기76아4649,3,44,233000125,233002295,6,20221023-085119
0,0,경기76아1123,3,49,233000125,121001315,54,20221023-085119
0,0,경기76아1132,3,42,233000125,233000715,37,20221023-085119
0,0,경기76아1122,3,41,233000125,277103204,59,20221023-085134
0,0,경기76아4652,3,41,233000125,233000778,82,20221023-085134
0,0,경기76아1123,3,49,233000125,121001315,54,20221023-085134
0,0,경기76아1132,3,42,233000125,233000715,37,20221023-085134
0,0,경기76아4649,3,44,233000125,233002295,6,20221023-085134
0,0,경기76아1122,3,41,233000125,277103204,59,20221023-085149
0,0,경기76아4652,3,41,233000125,233000777,83,20221023-085149
0,0,경기76아1132,3,42,233000125,233000715,37,20221023-085149
0,0,경기76아4649,3,44,233000125,233001041,7,20221023-085149
0,0,경기76아1123,3,49,233000125,277101688,55,20221023-085149
0,0,경기76아4652,3,41,233000125,233000777,83,20221023-085204
0,0,경기76아1122,3,41,233000125,277103202,60,20221023-085204
0,0,경기76아1132,3,42,233000125,233000715,37,20221023-085204
0,0,경기76아1123,3,49,233000125,277101688,55,20221023-085204
0,0,경기76아4649,3,44,233000125,233002131,8,20221023-085204
0,0,경기76아4652,3,41,233000125,233000776,84,20221023-085219
0,0,경기76아1122,3,41,233000125,277103202,60,20221023-085219
0,0,경기76아1123,3,49,233000125,277101688,55,20221023-085219
0,0,경기76아4649,3,44,233000125,233002131,8,20221023-085219
0,0,경기76아1132,3,42,233000125,233000714,38,20221023-085219
0,0,경기76아4652,3,41,233000125,233000776,84,20221023-085234
0,0,경기76아1122,3,41,233000125,277103202,60,20221023-085234
0,0,경기76아1123,3,49,233000125,277101688,55,20221023-085234
0,0,경기76아4649,3,44,233000125,233000148,9,20221023-085234
0,0,경기76아1132,3,42,233000125,233000713,39,20221023-085234
0,0,경기76아1122,3,41,233000125,277103202,60,20221023-085249
0,0,경기76아4652,3,41,233000125,233000774,85,20221023-085249
0,0,경기76아1123,3,49,233000125,277101688,55,20221023-085249
0,0,경기76아4649,3,44,233000125,233000148,9,20221023-085249
0,0,경기76아1132,3,42,233000125,233000713,39,20221023-085249
0,0,경기76아1122,3,41,233000125,277103202,60,20221023-085303
0,0,경기76아4652,3,41,233000125,233000774,85,20221023-085303
0,0,경기76아1123,3,49,233000125,277101688,55,20221023-085303
0,0,경기76아4649,3,44,233000125,233000148,9,20221023-085303
0,0,경기76아1132,3,42,233000125,233000713,39,20221023-085303
0,0,경기76아1122,3,41,233000125,277103202,60,20221023-085319
0,0,경기76아4652,3,41,233000125,233000774,85,20221023-085319
0,0,경기76아1123,3,49,233000125,277101688,55,20221023-085319
0,0,경기76아4649,3,44,233000125,233000191,10,20221023-085319
0,0,경기76아1132,3,42,233000125,233000713,39,20221023-085319
0,0,경기76아1122,3,41,233000125,277103202,60,20221023-085333
0,0,경기76아4652,3,41,233000125,233000774,85,20221023-085333
0,0,경기76아1123,3,49,233000125,277101688,55,20221023-085333
0,0,경기76아4649,3,44,233000125,233000191,10,20221023-085333
0,0,경기76아1132,3,42,233000125,233000713,39,20221023-085333
0,0,경기76아4652,3,41,233000125,233000774,85,20221023-085348
0,0,경기76아1122,3,41,233000125,277103201,61,20221023-085348
0,0,경기76아1123,3,49,233000125,277101688,55,20221023-085348
0,0,경기76아1132,3,42,233000125,233000712,40,20221023-085348
0,0,경기76아4649,3,40,233000125,233000191,10,20221023-085348
0,0,경기76아4652,3,41,233000125,233000774,85,20221023-085403
0,0,경기76아1122,3,41,233000125,277103201,61,20221023-085403
0,0,경기76아1132,3,42,233000125,233000712,40,20221023-085403
0,0,경기76아4649,3,40,233000125,233000191,10,20221023-085403
0,0,경기76아1123,3,49,233000125,119900083,56,20221023-085403
0,0,경기76아1122,3,41,233000125,277103201,61,20221023-085418
0,0,경기76아4652,3,41,233000125,233000773,86,20221023-085418
0,0,경기76아4649,3,40,233000125,233000191,10,20221023-085418
0,0,경기76아1123,3,49,233000125,119900083,56,20221023-085418
0,0,경기76아1132,3,40,233000125,233000712,40,20221023-085418
0,0,경기76아1122,3,41,233000125,277103201,61,20221023-085433
0,0,경기76아4652,3,41,233000125,233000773,86,20221023-085433
0,0,경기76아4649,3,40,233000125,233000191,10,20221023-085433
0,0,경기76아1123,3,49,233000125,119900083,56,20221023-085433
0,0,경기76아1132,3,40,233000125,233000712,40,20221023-085433
0,0,경기76아1122,3,41,233000125,277103201,61,20221023-085448
0,0,경기76아4652,3,41,233000125,233000773,86,20221023-085448
0,0,경기76아4649,3,40,233000125,233000191,10,20221023-085448
0,0,경기76아1123,3,49,233000125,119900083,56,20221023-085448
0,0,경기76아1132,3,40,233000125,233000712,40,20221023-085448
0,0,경기76아1122,3,41,233000125,277103201,61,20221023-085503
0,0,경기76아4652,3,41,233000125,233003082,87,20221023-085503
0,0,경기76아4649,3,40,233000125,233000191,10,20221023-085503
0,0,경기76아1123,3,49,233000125,119900083,56,20221023-085503
0,0,경기76아1132,3,40,233000125,233000712,40,20221023-085503
0,0,경기76아1122,3,41,233000125,277103201,61,20221023-085518
0,0,경기76아4652,3,41,233000125,233003082,87,20221023-085518
0,0,경기76아1123,3,49,233000125,119900083,56,20221023-085518
0,0,경기76아1132,3,40,233000125,233000712,40,20221023-085518
0,0,경기76아4649,3,40,233000125,233000190,11,20221023-085518
0,0,경기76아4652,3,41,233000125,233003082,87,20221023-085533
0,0,경기76아1122,3,41,233000125,277103201,61,20221023-085533
0,0,경기76아1123,3,49,233000125,119900083,56,20221023-085533
0,0,경기76아1132,3,40,233000125,233000712,40,20221023-085533
0,0,경기76아4649,3,40,233000125,233000190,11,20221023-085533
0,0,경기76아4652,3,41,233000125,233003082,87,20221023-085548
0,0,경기76아1122,3,41,233000125,277103201,61,20221023-085548
0,0,경기76아1123,3,49,233000125,119900083,56,20221023-085548
0,0,경기76아1132,3,40,233000125,233000712,40,20221023-085548
0,0,경기76아4649,3,40,233000125,233000190,11,20221023-085548
0,0,경기76아4652,3,41,233000125,233003082,87,20221023-085603
0,0,경기76아1122,3,41,233000125,277103201,61,20221023-085603
0,0,경기76아1123,3,49,233000125,119900083,56,20221023-085603
0,0,경기76아4649,3,40,233000125,233000190,11,20221023-085603
0,0,경기76아1132,3,40,233000125,233000712,40,20221023-085603
0,0,경기76아4652,3,41,233000125,233003082,87,20221023-085617
0,0,경기76아1122,3,41,233000125,277103201,61,20221023-085617
0,0,경기76아1123,3,49,233000125,119900083,56,20221023-085617
0,0,경기76아4649,3,40,233000125,233000190,11,20221023-085617
0,0,경기76아1132,3,40,233000125,233000712,40,20221023-085617
0,0,경기76아4652,3,41,233000125,233003082,87,20221023-085632
0,0,경기76아1122,3,41,233000125,277103201,61,20221023-085632
0,0,경기76아1123,3,49,233000125,119900083,56,20221023-085632
0,0,경기76아1132,3,40,233000125,233000712,40,20221023-085632
0,0,경기76아4649,3,40,233000125,233000189,12,20221023-085632
0,0,경기76아4652,3,41,233000125,233003082,87,20221023-085647
0,0,경기76아1122,3,41,233000125,277103158,62,20221023-085647
0,0,경기76아1123,3,49,233000125,119900083,56,20221023-085647
0,0,경기76아1132,3,40,233000125,233000712,40,20221023-085647
0,0,경기76아4649,3,40,233000125,233000189,12,20221023-085647
0,0,경기76아1122,3,41,233000125,277103158,62,20221023-085702
0,0,경기76아4652,3,41,233000125,233000772,88,20221023-085702
0,0,경기76아1123,3,49,233000125,119900083,56,20221023-085702
0,0,경기76아1132,3,40,233000125,233000712,40,20221023-085702
0,0,경기76아4649,3,40,233000125,233000189,12,20221023-085702
0,0,경기76아4652,3,41,233000125,233000772,88,20221023-085717
0,0,경기76아1122,3,41,233000125,277103158,62,20221023-085717
0,0,경기76아1123,3,49,233000125,119900083,56,20221023-085717
0,0,경기76아1132,3,40,233000125,233000712,40,20221023-085717
0,0,경기76아4649,3,40,233000125,233000189,12,20221023-085717
0,0,경기76아4652,3,41,233000125,233000772,88,20221023-085732
0,0,경기76아1122,3,41,233000125,277103158,62,20221023-085732
0,0,경기76아1123,3,49,233000125,119900083,56,20221023-085732
0,0,경기76아1132,3,40,233000125,233000712,40,20221023-085732
0,0,경기76아4649,3,40,233000125,233001943,13,20221023-085732
0,0,경기76아4652,3,41,233000125,233000772,88,20221023-085747
0,0,경기76아1122,3,41,233000125,277103158,62,20221023-085747
0,0,경기76아1123,3,49,233000125,119900083,56,20221023-085747
0,0,경기76아1132,3,40,233000125,233000712,40,20221023-085747
0,0,경기76아4649,3,40,233000125,233001943,13,20221023-085747
0,0,경기76아1122,3,41,233000125,277103158,62,20221023-085804
0,0,경기76아4652,3,41,233000125,233000772,88,20221023-085804
0,0,경기76아1123,3,49,233000125,119900083,56,20221023-085804
0,0,경기76아1132,3,40,233000125,233000712,40,20221023-085804
0,0,경기76아4649,3,40,233000125,233001943,13,20221023-085804
0,0,경기76아4652,3,41,233000125,233000771,89,20221023-085819
0,0,경기76아1122,3,41,233000125,277103220,63,20221023-085819
0,0,경기76아1123,3,49,233000125,119900083,56,20221023-085819
0,0,경기76아1132,3,40,233000125,233000712,40,20221023-085819
0,0,경기76아4649,3,36,233000125,233001943,13,20221023-085819
0,0,경기76아4652,3,41,233000125,233000771,89,20221023-085834
0,0,경기76아1122,3,41,233000125,277103220,63,20221023-085834
0,0,경기76아1123,3,49,233000125,119900083,56,20221023-085834
0,0,경기76아4649,3,36,233000125,233000188,14,20221023-085834
0,0,경기76아1132,3,40,233000125,233000712,40,20221023-085834
0,0,경기76아1122,3,41,233000125,277103220,63,20221023-085849
0,0,경기76아4652,3,41,233000125,233000771,89,20221023-085849
0,0,경기76아1123,3,49,233000125,119900083,56,20221023-085849
0,0,경기76아4649,3,36,233000125,233000188,14,20221023-085849
0,0,경기76아1132,3,40,233000125,277103520,41,20221023-085849
0,0,경기76아1122,3,41,233000125,277103220,63,20221023-085904
0,0,경기76아4652,3,41,233000125,233000770,90,20221023-085904
0,0,경기76아1123,3,49,233000125,119900083,56,20221023-085904
0,0,경기76아1132,3,40,233000125,277103520,41,20221023-085904
0,0,경기76아4649,3,33,233000125,233000188,14,20221023-085904
0,0,경기76아1122,3,41,233000125,277103220,63,20221023-085919
0,0,경기76아4652,3,41,233000125,233000770,90,20221023-085919
0,0,경기76아1123,3,49,233000125,119900083,56,20221023-085919
0,0,경기76아4649,3,33,233000125,233000188,14,20221023-085919
0,0,경기76아1132,3,40,233000125,277103520,41,20221023-085919
0,0,경기76아1122,3,41,233000125,277103220,63,20221023-085934
0,0,경기76아4652,3,41,233000125,233000770,90,20221023-085934
0,0,경기76아1123,3,49,233000125,119900083,56,20221023-085934
0,0,경기76아4649,3,33,233000125,233000188,14,20221023-085934
0,0,경기76아1132,3,40,233000125,277103520,41,20221023-085934
0,0,경기76아1122,3,41,233000125,277103220,63,20221023-085949
0,0,경기76아4652,3,41,233000125,233000770,90,20221023-085949
0,0,경기76아1123,3,49,233000125,119900083,56,20221023-085949
0,0,경기76아4649,3,33,233000125,233000188,14,20221023-085949
0,0,경기76아1132,3,40,233000125,277103520,41,20221023-085949
0,0,경기76아1122,3,41,233000125,277103220,63,20221023-090005
0,0,경기76아4652,3,41,233000125,233000770,90,20221023-090005
0,0,경기76아1123,3,49,233000125,119900083,56,20221023-090005
0,0,경기76아4649,3,33,233000125,233000188,14,20221023-090005
0,0,경기76아1132,3,40,233000125,277103520,41,20221023-090005
0,0,경기76아4652,3,41,233000125,233000770,90,20221023-090019
0,0,경기76아1122,3,41,233000125,277103220,63,20221023-090019
0,0,경기76아1123,3,49,233000125,119900083,56,20221023-090019
0,0,경기76아1132,3,40,233000125,277103520,41,20221023-090019
0,0,경기76아4649,3,33,233000125,233001318,15,20221023-090019
0,0,경기76아4652,3,41,233000125,233000770,90,20221023-090034
0,0,경기76아1122,3,41,233000125,277103220,63,20221023-090034
0,0,경기76아1123,3,49,233000125,119900083,56,20221023-090034
0,0,경기76아1132,3,40,233000125,277103520,41,20221023-090034
0,0,경기76아4649,3,33,233000125,233001318,15,20221023-090034
0,0,경기76아4652,3,41,233000125,233000770,90,20221023-090049
0,0,경기76아1122,3,41,233000125,226000038,64,20221023-090049
0,0,경기76아1123,3,49,233000125,119900083,56,20221023-090049
0,0,경기76아1132,3,40,233000125,277103520,41,20221023-090049
0,0,경기76아4649,3,33,233000125,233001318,15,20221023-090049
0,0,경기76아4652,3,41,233000125,233000770,90,20221023-090104
0,0,경기76아1122,3,41,233000125,226000038,64,20221023-090104
0,0,경기76아1123,3,49,233000125,119900083,56,20221023-090104
0,0,경기76아1132,3,40,233000125,277103520,41,20221023-090104
0,0,경기76아4649,3,33,233000125,233000730,16,20221023-090104
0,0,경기76아1122,3,41,233000125,226000038,64,20221023-090118
0,0,경기76아4652,3,41,233000125,233000770,90,20221023-090118
0,0,경기76아1123,3,49,233000125,119900083,56,20221023-090118
0,0,경기76아1132,3,40,233000125,277103520,41,20221023-090118
0,0,경기76아4649,3,33,233000125,233000730,16,20221023-090118
0,0,경기76아1122,3,41,233000125,226000038,64,20221023-090133
0,0,경기76아4652,3,41,233000125,233000769,91,20221023-090133
0,0,경기76아1123,3,49,233000125,119900083,56,20221023-090133
0,0,경기76아1132,3,40,233000125,277103520,41,20221023-090133
0,0,경기76아4649,3,33,233000125,233000730,16,20221023-090133
0,0,경기76아1122,3,41,233000125,226000038,64,20221023-090148
0,0,경기76아4652,3,41,233000125,233000769,91,20221023-090148
0,0,경기76아1123,3,49,233000125,119900083,56,20221023-090148
0,0,경기76아1132,3,40,233000125,277103520,41,20221023-090148
0,0,경기76아4649,3,33,233000125,233000730,16,20221023-090148
0,0,경기76아1122,3,41,233000125,226000038,64,20221023-090204
0,0,경기76아4652,3,41,233000125,233000769,91,20221023-090204
0,0,경기76아1123,3,49,233000125,119900083,56,20221023-090204
0,0,경기76아1132,3,40,233000125,277103520,41,20221023-090204
0,0,경기76아4649,3,29,233000125,233000730,16,20221023-090204
0,0,경기76아1122,3,41,233000125,226000038,64,20221023-090218
0,0,경기76아4652,3,41,233000125,233000768,92,20221023-090218
0,0,경기76아1123,3,49,233000125,119900083,56,20221023-090218
0,0,경기76아1132,3,40,233000125,277103520,41,20221023-090218
0,0,경기76아4649,3,29,233000125,233000730,16,20221023-090218
0,0,경기76아1122,3,41,233000125,226000038,64,20221023-090233
0,0,경기76아4652,3,41,233000125,233000768,92,20221023-090233
0,0,경기76아1123,3,49,233000125,119900083,56,20221023-090233
0,0,경기76아1132,3,40,233000125,277103520,41,20221023-090233
0,0,경기76아4649,3,29,233000125,233000730,16,20221023-090233
0,0,경기76아1122,3,41,233000125,226000038,64,20221023-090248
0,0,경기76아4652,3,43,233000125,233000768,92,20221023-090248
0,0,경기76아1123,3,49,233000125,119900083,56,20221023-090248
0,0,경기76아4649,3,29,233000125,233000729,17,20221023-090248
0,0,경기76아1132,3,40,233000125,277103528,42,20221023-090248
0,0,경기76아4652,3,43,233000125,233000768,92,20221023-090303
0,0,경기76아1122,3,41,233000125,277103314,65,20221023-090303
0,0,경기76아1123,3,49,233000125,119900083,56,20221023-090303
0,0,경기76아4649,3,29,233000125,233000729,17,20221023-090303
0,0,경기76아1132,3,40,233000125,277103528,42,20221023-090303
0,0,경기76아1122,3,41,233000125,277103314,65,20221023-090318
0,0,경기76아4652,3,43,233000125,233000768,92,20221023-090318
0,0,경기76아1123,3,49,233000125,119900083,56,20221023-090318
0,0,경기76아4649,3,29,233000125,233000729,17,20221023-090318
0,0,경기76아1132,3,40,233000125,277103528,42,20221023-090318
0,0,경기76아4652,3,43,233000125,233001749,93,20221023-090333
0,0,경기76아1122,3,41,233000125,277103314,65,20221023-090333
0,0,경기76아1123,3,49,233000125,119900083,56,20221023-090333
0,0,경기76아4649,3,29,233000125,233000729,17,20221023-090333
0,0,경기76아1132,3,40,233000125,277103528,42,20221023-090333
0,0,경기76아1122,3,41,233000125,277103314,65,20221023-090348
0,0,경기76아4652,3,43,233000125,233001749,93,20221023-090348
0,0,경기76아1123,3,49,233000125,119900083,56,20221023-090348
0,0,경기76아4649,3,29,233000125,233000729,17,20221023-090348
0,0,경기76아1132,3,40,233000125,277103528,42,20221023-090348
0,0,경기76아1122,3,41,233000125,277103314,65,20221023-090403
0,0,경기76아4652,3,43,233000125,233002159,94,20221023-090403
0,0,경기76아1123,3,49,233000125,119900083,56,20221023-090403
0,0,경기76아4649,3,29,233000125,233000729,17,20221023-090403
0,0,경기76아1132,3,40,233000125,277103528,42,20221023-090403
0,0,경기76아1122,3,41,233000125,277103314,65,20221023-090418
0,0,경기76아4652,3,43,233000125,233001828,95,20221023-090418
0,0,경기76아1123,3,49,233000125,119900083,56,20221023-090418
0,0,경기76아4649,3,29,233000125,233000729,17,20221023-090418
0,0,경기76아1132,3,40,233000125,277103317,43,20221023-090418
0,0,경기76아1122,3,41,233000125,277103314,65,20221023-090433
0,0,경기76아4652,3,43,233000125,233001828,95,20221023-090433
0,0,경기76아1123,3,49,233000125,119900083,56,20221023-090433
0,0,경기76아4649,3,29,233000125,233000729,17,20221023-090433
0,0,경기76아1132,3,40,233000125,277103317,43,20221023-090433
0,0,경기76아1122,3,41,233000125,277103314,65,20221023-090448
0,0,경기76아4652,3,43,233000125,233001828,95,20221023-090448
0,0,경기76아1123,3,49,233000125,119900083,56,20221023-090448
0,0,경기76아4649,3,29,233000125,233000729,17,20221023-090448
0,0,경기76아1132,3,40,233000125,277103317,43,20221023-090448
0,0,경기76아1122,3,41,233000125,277103314,65,20221023-090503
0,0,경기76아4652,3,43,233000125,233001828,95,20221023-090503
0,0,경기76아1123,3,49,233000125,119900083,56,20221023-090503
0,0,경기76아4649,3,29,233000125,233000729,17,20221023-090503
0,0,경기76아1132,3,40,233000125,277103317,43,20221023-090503
0,0,경기76아1122,3,41,233000125,277103314,65,20221023-090517
0,0,경기76아4652,3,43,233000125,233001828,95,20221023-090517
0,0,경기76아1123,3,49,233000125,119900083,56,20221023-090517
0,0,경기76아1132,3,40,233000125,277103317,43,20221023-090517
0,0,경기76아4649,3,29,233000125,233000729,17,20221023-090517
0,0,경기76아1122,3,41,233000125,277103314,65,20221023-090532
0,0,경기76아4652,3,43,233000125,233001828,95,20221023-090532
0,0,경기76아1123,3,49,233000125,119900083,56,20221023-090532
0,0,경기76아1132,3,40,233000125,277103317,43,20221023-090532
0,0,경기76아4649,3,29,233000125,233000728,18,20221023-090532
0,0,경기76아4652,3,43,233000125,233001828,95,20221023-090547
0,0,경기76아1122,3,41,233000125,277103314,65,20221023-090547
0,0,경기76아1123,3,49,233000125,119900083,56,20221023-090547
0,0,경기76아1132,3,40,233000125,277103317,43,20221023-090547
0,0,경기76아4649,3,28,233000125,233000728,18,20221023-090547
0,0,경기76아4652,3,43,233000125,233001828,95,20221023-090604
0,0,경기76아1122,3,41,233000125,277103316,66,20221023-090604
0,0,경기76아1123,3,49,233000125,119900083,56,20221023-090604
0,0,경기76아1132,3,40,233000125,277103317,43,20221023-090604
0,0,경기76아4649,3,28,233000125,233000728,18,20221023-090604
0,0,경기76아4652,3,43,233000125,233001828,95,20221023-090619
0,0,경기76아1122,3,41,233000125,277103316,66,20221023-090619
0,0,경기76아1123,3,49,233000125,119900083,56,20221023-090619
0,0,경기76아1132,3,40,233000125,277103317,43,20221023-090619
0,0,경기76아4649,3,28,233000125,233000728,18,20221023-090619
0,0,경기76아4652,3,43,233000125,233001828,95,20221023-090634
0,0,경기76아1122,3,41,233000125,277103316,66,20221023-090634
0,0,경기76아1123,3,49,233000125,119900083,56,20221023-090634
0,0,경기76아1132,3,40,233000125,277103317,43,20221023-090634
0,0,경기76아4649,3,28,233000125,233000728,18,20221023-090634
0,0,경기76아1122,3,41,233000125,277103316,66,20221023-090649
0,0,경기76아4652,3,43,233000125,233001435,96,20221023-090649
0,0,경기76아1123,3,49,233000125,119900083,56,20221023-090649
0,0,경기76아1132,3,40,233000125,277103317,43,20221023-090649
0,0,경기76아4649,3,28,233000125,233000728,18,20221023-090649
0,0,경기76아1122,3,41,233000125,277103527,67,20221023-090704
0,0,경기76아4652,3,43,233000125,233000208,97,20221023-090704
0,0,경기76아1123,3,49,233000125,119900083,56,20221023-090704
0,0,경기76아1132,3,40,233000125,277103317,43,20221023-090704
0,0,경기76아4649,3,28,233000125,233000728,18,20221023-090704
0,0,경기76아4652,3,43,233000125,233000208,97,20221023-090719
0,0,경기76아1122,3,41,233000125,277103527,67,20221023-090719
0,0,경기76아1123,3,49,233000125,119900083,56,20221023-090719
0,0,경기76아1132,3,40,233000125,277103317,43,20221023-090719
0,0,경기76아4649,3,28,233000125,233000728,18,20221023-090719
0,0,경기76아1122,3,41,233000125,277103527,67,20221023-090734
0,0,경기76아4652,3,44,233000125,233001043,98,20221023-090734
0,0,경기76아1123,3,49,233000125,119900083,56,20221023-090734
0,0,경기76아4649,3,28,233000125,233000728,18,20221023-090734
0,0,경기76아1132,3,40,233000125,277103317,43,20221023-090734
0,0,경기76아4652,3,44,233000125,233001043,98,20221023-090749
0,0,경기76아1122,3,41,233000125,277103527,67,20221023-090749
0,0,경기76아1123,3,49,233000125,119900083,56,20221023-090749
0,0,경기76아4649,3,28,233000125,233000728,18,20221023-090749
0,0,경기76아1132,3,40,233000125,277103317,43,20221023-090749
0,0,경기76아1122,3,41,233000125,277103527,67,20221023-090804
0,0,경기76아4652,3,45,233000125,233001043,98,20221023-090804
0,0,경기76아1123,3,49,233000125,119900083,56,20221023-090804
0,0,경기76아4649,3,28,233000125,233000728,18,20221023-090804
0,0,경기76아1132,3,40,233000125,277103315,44,20221023-090804
0,0,경기76아1122,3,41,233000125,277103527,67,20221023-090819
0,0,경기76아4652,3,45,233000125,233001043,98,20221023-090819
0,0,경기76아1123,3,49,233000125,119900083,56,20221023-090819
0,0,경기76아4649,3,28,233000125,233000728,18,20221023-090819
0,0,경기76아1132,3,40,233000125,277103315,44,20221023-090819
0,0,경기76아1122,3,41,233000125,277103527,67,20221023-090834
0,0,경기76아4652,3,45,233000125,233001043,98,20221023-090834
0,0,경기76아1123,3,49,233000125,119900083,56,20221023-090834
0,0,경기76아1132,3,40,233000125,277103315,44,20221023-090834
0,0,경기76아4649,3,28,233000125,233000728,18,20221023-090834
0,0,경기76아4652,3,45,233000125,233001043,98,20221023-090849
0,0,경기76아1122,3,41,233000125,277103527,67,20221023-090849
0,0,경기76아1123,3,49,233000125,119900083,56,20221023-090849
0,0,경기76아1132,3,40,233000125,277103315,44,20221023-090849
0,0,경기76아4649,3,28,233000125,233001404,19,20221023-090849
0,0,경기76아4652,3,45,233000125,233001043,98,20221023-090903
0,0,경기76아1122,3,41,233000125,277103527,67,20221023-090903
0,0,경기76아1132,3,40,233000125,277103315,44,20221023-090903
0,0,경기76아4649,3,28,233000125,233000727,20,20221023-090903
0,0,경기76아4652,3,45,233000125,233001043,98,20221023-090918
0,0,경기76아1122,3,41,233000125,277103527,67,20221023-090918
0,0,경기76아1132,3,40,233000125,277103315,44,20221023-090918
0,0,경기76아4649,3,28,233000125,233000727,20,20221023-090918
0,0,경기76아4652,3,45,233000125,233001043,98,20221023-090933
0,0,경기76아1122,3,41,233000125,277103527,67,20221023-090933
0,0,경기76아1132,3,40,233000125,277103315,44,20221023-090933
0,0,경기76아4649,3,28,233000125,233000727,20,20221023-090933
0,0,경기76아1122,3,41,233000125,277103527,67,20221023-090948
0,0,경기76아4652,3,45,233000125,233002130,99,20221023-090948
0,0,경기76아1132,3,40,233000125,277103315,44,20221023-090948
0,0,경기76아4649,3,28,233000125,233000727,20,20221023-090948
0,0,경기76아4652,3,45,233000125,233002130,99,20221023-091003
0,0,경기76아1122,3,41,233000125,277103519,68,20221023-091003
0,0,경기76아4649,3,28,233000125,233000726,21,20221023-091003
0,0,경기76아1132,3,40,233000125,277103315,44,20221023-091003
0,0,경기76아1122,3,41,233000125,277103519,68,20221023-091018
0,0,경기76아4652,3,45,233000125,233001042,100,20221023-091018
0,0,경기76아4649,3,28,233000125,233000726,21,20221023-091018
0,0,경기76아1123,3,36,233000125,119900083,56,20221023-091018
0,0,경기76아1132,3,40,233000125,277103315,44,20221023-091018
0,0,경기76아4652,3,45,233000125,233001042,100,20221023-091033
0,0,경기76아1122,3,41,233000125,277103519,68,20221023-091033
0,0,경기76아4649,3,28,233000125,233000726,21,20221023-091033
0,0,경기76아1123,3,36,233000125,119900083,56,20221023-091033
0,0,경기76아1132,3,40,233000125,226000039,45,20221023-091033
0,0,경기76아4652,3,45,233000125,233001042,100,20221023-091048
0,0,경기76아1122,3,41,233000125,277103519,68,20221023-091048
0,0,경기76아4649,3,28,233000125,233000726,21,20221023-091048
0,0,경기76아1123,3,36,233000125,119900083,56,20221023-091048
0,0,경기76아1132,3,40,233000125,226000039,45,20221023-091048
0,0,경기76아1122,3,41,233000125,277103519,68,20221023-091103
0,0,경기76아4652,3,45,233000125,233002296,101,20221023-091103
0,0,경기76아1123,3,36,233000125,119900083,56,20221023-091103
0,0,경기76아4649,3,28,233000125,233000726,21,20221023-091103
0,0,경기76아1132,3,40,233000125,226000039,45,20221023-091103
0,0,경기76아1122,3,41,233000125,277103519,68,20221023-091118
0,0,경기76아4652,3,45,233000125,233000207,102,20221023-091118
0,0,경기76아1123,3,36,233000125,119900083,56,20221023-091118
0,0,경기76아1132,3,40,233000125,226000039,45,20221023-091118
0,0,경기76아4649,3,28,233000125,233000726,21,20221023-091118
0,0,경기76아1122,3,41,233000125,277103519,68,20221023-091133
0,0,경기76아4652,3,45,233000125,233000207,102,20221023-091133
0,0,경기76아1123,3,36,233000125,119900083,56,20221023-091133
0,0,경기76아4649,3,28,233000125,233000726,21,20221023-091133
0,0,경기76아1132,3,40,233000125,226000039,45,20221023-091133
0,0,경기76아1122,3,41,233000125,277103519,68,20221023-091148
0,0,경기76아4652,3,45,233000125,233002216,103,20221023-091148
0,0,경기76아1123,3,36,233000125,119900083,56,20221023-091148
0,0,경기76아4649,3,28,233000125,233000726,21,20221023-091148
0,0,경기76아1132,3,40,233000125,226000039,45,20221023-091148
0,0,경기76아1122,3,41,233000125,277103519,68,20221023-091203
0,0,경기76아4652,3,45,233000125,233002216,103,20221023-091203
0,0,경기76아1123,3,36,233000125,119900083,56,20221023-091203
0,0,경기76아4649,3,28,233000125,233000726,21,20221023-091203
0,0,경기76아1132,3,40,233000125,226000039,45,20221023-091203
0,0,경기76아4652,3,45,233000125,233002216,103,20221023-091218
0,0,경기76아1122,3,41,233000125,233000781,69,20221023-091218
0,0,경기76아1123,3,36,233000125,119900083,56,20221023-091218
0,0,경기76아4649,3,28,233000125,233000726,21,20221023-091218
0,0,경기76아1132,3,40,233000125,226000039,45,20221023-091218
0,0,경기76아1122,3,41,233000125,233000781,69,20221023-091233
0,0,경기76아4652,3,45,233000125,233002223,104,20221023-091233
0,0,경기76아1123,3,36,233000125,119900083,56,20221023-091233
0,0,경기76아4649,3,28,233000125,233000726,21,20221023-091233
0,0,경기76아1132,3,40,233000125,226000039,45,20221023-091233
0,0,경기76아4652,3,45,233000125,233002223,104,20221023-091248
0,0,경기76아1122,3,41,233000125,233000781,69,20221023-091248
0,0,경기76아1123,3,36,233000125,119900083,56,20221023-091248
0,0,경기76아4649,3,28,233000125,233000726,21,20221023-091248
0,0,경기76아1132,3,40,233000125,277103221,46,20221023-091248
0,0,경기76아4652,3,45,233000125,233002223,104,20221023-091303
0,0,경기76아1122,3,41,233000125,233000781,69,20221023-091303
0,0,경기76아1123,3,36,233000125,119900083,56,20221023-091303
0,0,경기76아4649,3,28,233000125,233000726,21,20221023-091303
0,0,경기76아1132,3,40,233000125,277103221,46,20221023-091303
0,0,경기76아1122,3,41,233000125,233000781,69,20221023-091318
0,0,경기76아4652,3,45,233000125,233002223,104,20221023-091318
0,0,경기76아1123,3,36,233000125,119900083,56,20221023-091318
0,0,경기76아1132,3,40,233000125,277103221,46,20221023-091318
0,0,경기76아4649,3,28,233000125,233000725,22,20221023-091318
0,0,경기76아1122,3,41,233000125,233000781,69,20221023-091333
0,0,경기76아4652,3,45,233000125,233002223,104,20221023-091333
0,0,경기76아1123,3,36,233000125,119900083,56,20221023-091333
0,0,경기76아1132,3,40,233000125,277103221,46,20221023-091333
0,0,경기76아4649,3,28,233000125,233000725,22,20221023-091333
0,0,경기76아4652,3,45,233000125,233002214,105,20221023-091348
0,0,경기76아1122,3,41,233000125,233000849,70,20221023-091348
0,0,경기76아1123,3,36,233000125,119900083,56,20221023-091348
0,0,경기76아1132,3,40,233000125,277103221,46,20221023-091348
0,0,경기76아4649,3,28,233000125,233002118,23,20221023-091348
0,0,경기76아4652,3,45,233000125,233002214,105,20221023-091402
0,0,경기76아1122,3,41,233000125,233000848,71,20221023-091402
0,0,경기76아1123,3,36,233000125,277103902,53,20221023-091402
0,0,경기76아1132,3,40,233000125,277103221,46,20221023-091402
0,0,경기76아4649,3,28,233000125,233002118,23,20221023-091402
0,0,경기76아4652,3,45,233000125,233002214,105,20221023-091417
0,0,경기76아1122,3,42,233000125,233000848,71,20221023-091417
0,0,경기76아4649,3,28,233000125,233002118,23,20221023-091417
0,0,경기76아1123,3,36,233000125,277102049,57,20221023-091417
0,0,경기76아1132,3,40,233000125,277103221,46,20221023-091417
0,0,경기76아4652,3,45,233000125,233002214,105,20221023-091432
0,0,경기76아1122,3,42,233000125,233000848,71,20221023-091432
0,0,경기76아1123,3,36,233000125,277102049,57,20221023-091432
0,0,경기76아1132,3,40,233000125,277103221,46,20221023-091432
0,0,경기76아4649,3,28,233000125,233002118,23,20221023-091432
0,0,경기76아4652,3,45,233000125,233002214,105,20221023-091447
0,0,경기76아1122,3,42,233000125,233000848,71,20221023-091447
0,0,경기76아1123,3,36,233000125,277102049,57,20221023-091447
0,0,경기76아1132,3,40,233000125,277103221,46,20221023-091447
0,0,경기76아4649,3,28,233000125,233002118,23,20221023-091447
0,0,경기76아4652,3,45,233000125,233002214,105,20221023-091502
0,0,경기76아1122,3,42,233000125,233000848,71,20221023-091502
0,0,경기76아1123,3,36,233000125,277102049,57,20221023-091502
0,0,경기76아1132,3,40,233000125,277103221,46,20221023-091502
0,0,경기76아4649,3,28,233000125,233000724,24,20221023-091502
0,0,경기76아1122,3,42,233000125,233000848,71,20221023-091517
0,0,경기76아4652,3,45,233000125,233002214,105,20221023-091517
0,0,경기76아1123,3,36,233000125,277102049,57,20221023-091517
0,0,경기76아1132,3,40,233000125,277103221,46,20221023-091517
0,0,경기76아4649,3,28,233000125,233000723,25,20221023-091517
0,0,경기76아1122,3,42,233000125,233000847,72,20221023-091532
0,0,경기76아1123,3,36,233000125,277102049,57,20221023-091532
0,0,경기76아1132,3,40,233000125,277103221,46,20221023-091532
0,0,경기76아4649,3,28,233000125,233000723,25,20221023-091532
0,0,경기76아1122,3,42,233000125,233000847,72,20221023-091547
0,0,경기76아1123,3,36,233000125,277102049,57,20221023-091547
0,0,경기76아4649,3,28,233000125,233000722,26,20221023-091547
0,0,경기76아1132,3,40,233000125,277103221,46,20221023-091547
0,0,경기76아1122,3,42,233000125,233002174,73,20221023-091604
0,0,경기76아1123,3,36,233000125,277102049,57,20221023-091604
0,0,경기76아4649,3,28,233000125,233000722,26,20221023-091604
0,0,경기76아1132,3,40,233000125,277103221,46,20221023-091604
0,0,경기76아1122,3,42,233000125,233002174,73,20221023-091619
0,0,경기76아1123,3,36,233000125,277102049,57,20221023-091619
0,0,경기76아4649,3,28,233000125,233000722,26,20221023-091619
0,0,경기76아1132,3,40,233000125,277103221,46,20221023-091619
0,0,경기76아1122,3,42,233000125,233002174,73,20221023-091634
0,0,경기76아1123,3,36,233000125,277102049,57,20221023-091634
0,0,경기76아1132,3,40,233000125,277103159,47,20221023-091634
0,0,경기76아4649,3,28,233000125,233000722,26,20221023-091634
0,0,경기76아1122,3,42,233000125,233000055,74,20221023-091649
0,0,경기76아4649,3,28,233000125,233000721,27,20221023-091649
0,0,경기76아1123,3,36,233000125,277102291,58,20221023-091649
0,0,경기76아1132,3,40,233000125,277103159,47,20221023-091649
0,0,경기76아1122,3,42,233000125,233000846,75,20221023-091704
0,0,경기76아1132,3,40,233000125,277103159,47,20221023-091704
0,0,경기76아4649,3,28,233000125,233000721,27,20221023-091704
0,0,경기76아1123,3,36,233000125,277102291,58,20221023-091704
0,0,경기76아1122,3,42,233000125,233000845,76,20221023-091719
0,0,경기76아1123,3,36,233000125,277102291,58,20221023-091719
0,0,경기76아4649,3,28,233000125,233000721,27,20221023-091719
0,0,경기76아1132,3,40,233000125,277103159,47,20221023-091719
0,0,경기76아1122,3,42,233000125,233000845,76,20221023-091734
0,0,경기76아1123,3,36,233000125,277102291,58,20221023-091734
0,0,경기76아1132,3,40,233000125,277103159,47,20221023-091734
0,0,경기76아4649,3,28,233000125,233000721,27,20221023-091734
0,0,경기76아1122,3,42,233000125,233000845,76,20221023-091749
0,0,경기76아1132,3,40,233000125,277103200,48,20221023-091749
0,0,경기76아1123,3,36,233000125,277102291,58,20221023-091749
0,0,경기76아4649,3,28,233000125,233000721,27,20221023-091749
0,0,경기76아1122,3,42,233000125,233002150,77,20221023-091803
0,0,경기76아1132,3,40,233000125,277103200,48,20221023-091803
0,0,경기76아1123,3,36,233000125,277102291,58,20221023-091803
0,0,경기76아4649,3,28,233000125,233000720,28,20221023-091803
0,0,경기76아1122,3,42,233000125,233002150,77,20221023-091818
0,0,경기76아1132,3,40,233000125,277103200,48,20221023-091818
0,0,경기76아1123,3,36,233000125,277102291,58,20221023-091818
0,0,경기76아4649,3,28,233000125,233000720,28,20221023-091818
0,0,경기76아1122,3,42,233000125,233002150,77,20221023-091833
0,0,경기76아1123,3,36,233000125,277102291,58,20221023-091833
0,0,경기76아4649,3,28,233000125,233000720,28,20221023-091833
0,0,경기76아1132,3,40,233000125,277103200,48,20221023-091833
0,0,경기76아1122,3,42,233000125,233002150,77,20221023-091848
0,0,경기76아4649,3,28,233000125,233000720,28,20221023-091848
0,0,경기76아1132,3,40,233000125,277103200,48,20221023-091848
0,0,경기76아1123,3,36,233000125,277102291,58,20221023-091848
0,0,경기76아1122,3,42,233000125,233000844,78,20221023-091903
0,0,경기76아1132,3,40,233000125,277103200,48,20221023-091903
0,0,경기76아1123,3,36,233000125,277103204,59,20221023-091903
0,0,경기76아4649,3,28,233000125,233000720,28,20221023-091903
0,0,경기76아1122,3,42,233000125,233000844,78,20221023-091918
0,0,경기76아1132,3,40,233000125,277103200,48,20221023-091918
0,0,경기76아4649,3,28,233000125,233000720,28,20221023-091918
0,0,경기76아1123,3,36,233000125,277103204,59,20221023-091918
0,0,경기76아1122,3,42,233000125,233000844,78,20221023-091933
0,0,경기76아4649,3,28,233000125,233000720,28,20221023-091933
0,0,경기76아1132,3,40,233000125,277103200,48,20221023-091933
0,0,경기76아1123,3,36,233000125,277103204,59,20221023-091933
0,0,경기76아1122,3,42,233000125,233000844,78,20221023-091948
0,0,경기76아4649,3,28,233000125,233000720,28,20221023-091948
0,0,경기76아1123,3,36,233000125,277103204,59,20221023-091948
0,0,경기76아1132,3,40,233000125,277103200,48,20221023-091948
0,0,경기76아1122,3,42,233000125,233000844,78,20221023-092003
0,0,경기76아1123,3,36,233000125,277103204,59,20221023-092003
0,0,경기76아4649,3,28,233000125,233000720,28,20221023-092003
0,0,경기76아1132,3,40,233000125,277103200,48,20221023-092003
0,0,경기76아1122,3,42,233000125,233000844,78,20221023-092018
0,0,경기76아1123,3,36,233000125,277103204,59,20221023-092018
0,0,경기76아4649,3,28,233000125,233000719,29,20221023-092018
0,0,경기76아1132,3,40,233000125,277103203,49,20221023-092018
0,0,경기76아1122,3,42,233000125,233000843,79,20221023-092033
0,0,경기76아4649,3,28,233000125,233000719,29,20221023-092033
0,0,경기76아1123,3,36,233000125,277103204,59,20221023-092033
0,0,경기76아1132,3,40,233000125,277103203,49,20221023-092033
0,0,경기76아1122,3,42,233000125,233000843,79,20221023-092048
0,0,경기76아4650,3,45,233000125,233002226,1,20221023-092048
0,0,경기76아1123,3,36,233000125,277103202,60,20221023-092048
0,0,경기76아1132,3,40,233000125,277103203,49,20221023-092048
0,0,경기76아4649,3,-1,233000125,233000718,30,20221023-092048
0,0,경기76아4650,3,45,233000125,233002226,1,20221023-092103
0,0,경기76아1122,3,42,233000125,233000780,80,20221023-092103
0,0,경기76아1132,3,40,233000125,277103203,49,20221023-092103
0,0,경기76아4649,3,-1,233000125,233000718,30,20221023-092103
0,0,경기76아1123,3,36,233000125,277103202,60,20221023-092103
0,0,경기76아1122,3,42,233000125,233000780,80,20221023-092117
0,0,경기76아4650,3,45,233000125,277102459,2,20221023-092117
0,0,경기76아1132,3,40,233000125,277103203,49,20221023-092117
0,0,경기76아4649,3,28,233000125,233000718,30,20221023-092117
0,0,경기76아1123,3,36,233000125,277103202,60,20221023-092117
0,0,경기76아4650,3,45,233000125,277102459,2,20221023-092132
0,0,경기76아1122,3,42,233000125,233000780,80,20221023-092132
0,0,경기76아1132,3,40,233000125,277103203,49,20221023-092132
0,0,경기76아4649,3,28,233000125,233000718,30,20221023-092132
0,0,경기76아1123,3,36,233000125,277103202,60,20221023-092132
0,0,경기76아4650,3,45,233000125,277102459,2,20221023-092147
0,0,경기76아1122,3,42,233000125,233000780,80,20221023-092147
0,0,경기76아1132,3,40,233000125,277103203,49,20221023-092147
0,0,경기76아1123,3,36,233000125,277103202,60,20221023-092147
0,0,경기76아4649,3,28,233000125,233000842,31,20221023-092147
0,0,경기76아4650,3,45,233000125,277102459,2,20221023-092204
0,0,경기76아1122,3,42,233000125,233000780,80,20221023-092204
0,0,경기76아4649,3,28,233000125,233000842,31,20221023-092204
0,0,경기76아1132,3,40,233000125,277103203,49,20221023-092204
0,0,경기76아1123,3,36,233000125,277103201,61,20221023-092204
0,0,경기76아4650,3,45,233000125,277102459,2,20221023-092219
0,0,경기76아1122,3,42,233000125,233000779,81,20221023-092219
0,0,경기76아1123,3,36,233000125,277103201,61,20221023-092219
0,0,경기76아4649,3,29,233000125,233000842,31,20221023-092219
0,0,경기76아1132,3,40,233000125,277103203,49,20221023-092219
0,0,경기76아1122,3,42,233000125,233000779,81,20221023-092234
0,0,경기76아4650,3,45,233000125,233002221,3,20221023-092234
0,0,경기76아1123,3,36,233000125,277103201,61,20221023-092234
0,0,경기76아4649,3,29,233000125,233000842,31,20221023-092234
0,0,경기76아1132,3,40,233000125,277103205,50,20221023-092234
0,0,경기76아1122,3,42,233000125,233000779,81,20221023-092249
0,0,경기76아4650,3,45,233000125,233002221,3,20221023-092249
0,0,경기76아1123,3,36,233000125,277103201,61,20221023-092249
0,0,경기76아1132,3,40,233000125,277103205,50,20221023-092249
0,0,경기76아4649,3,29,233000125,233000842,31,20221023-092249
0,0,경기76아1122,3,42,233000125,233000779,81,20221023-092304
0,0,경기76아4650,3,45,233000125,233002221,3,20221023-092304
0,0,경기76아1123,3,36,233000125,277103201,61,20221023-092304
0,0,경기76아1132,3,40,233000125,277103205,50,20221023-092304
0,0,경기76아4649,3,29,233000125,233002149,32,20221023-092304
0,0,경기76아1122,3,42,233000125,233000779,81,20221023-092319
0,0,경기76아4650,3,45,233000125,233002221,3,20221023-092319
0,0,경기76아1132,3,40,233000125,277103205,50,20221023-092319
0,0,경기76아1123,3,36,233000125,277103201,61,20221023-092319
0,0,경기76아4649,3,29,233000125,233002149,32,20221023-092319
0,0,경기76아1122,3,42,233000125,233000779,81,20221023-092334
0,0,경기76아4650,3,45,233000125,233002221,3,20221023-092334
0,0,경기76아1132,3,40,233000125,277103205,50,20221023-092334
0,0,경기76아4649,3,29,233000125,233002149,32,20221023-092334
0,0,경기76아1123,3,36,233000125,277103201,61,20221023-092334
0,0,경기76아1122,3,42,233000125,233000779,81,20221023-092349
0,0,경기76아4650,3,45,233000125,233002224,4,20221023-092349
0,0,경기76아1132,3,40,233000125,277103205,50,20221023-092349
0,0,경기76아4649,3,29,233000125,233000717,33,20221023-092349
0,0,경기76아1123,3,36,233000125,277103201,61,20221023-092349
0,0,경기76아1122,3,42,233000125,233000779,81,20221023-092404
0,0,경기76아4650,3,45,233000125,233002224,4,20221023-092404
0,0,경기76아1123,3,36,233000125,277103201,61,20221023-092404
0,0,경기76아1132,3,40,233000125,277103205,50,20221023-092404
0,0,경기76아4649,3,29,233000125,233000717,33,20221023-092404
0,0,경기76아1122,3,42,233000125,233000779,81,20221023-092419
0,0,경기76아4650,3,45,233000125,233002224,4,20221023-092419
0,0,경기76아1123,3,36,233000125,277103201,61,20221023-092419
0,0,경기76아1132,3,40,233000125,277103205,50,20221023-092419
0,0,경기76아4649,3,29,233000125,233000716,34,20221023-092419
0,0,경기76아4650,3,45,233000125,233002224,4,20221023-092434
0,0,경기76아1122,3,42,233000125,233000779,81,20221023-092434
0,0,경기76아1123,3,36,233000125,277103201,61,20221023-092434
0,0,경기76아1132,3,40,233000125,277103205,50,20221023-092434
0,0,경기76아4649,3,29,233000125,233000059,35,20221023-092434
0,0,경기76아1122,3,42,233000125,233000779,81,20221023-092449
0,0,경기76아4650,3,45,233000125,233002225,5,20221023-092449
0,0,경기76아1132,3,40,233000125,277103205,50,20221023-092449
0,0,경기76아4649,3,29,233000125,233000891,36,20221023-092449
0,0,경기76아1123,3,36,233000125,277103158,62,20221023-092449
0,0,경기76아1122,3,42,233000125,233000779,81,20221023-092503
0,0,경기76아4650,3,45,233000125,233002225,5,20221023-092503
0,0,경기76아1132,3,40,233000125,277103205,50,20221023-092503
0,0,경기76아4649,3,28,233000125,233000891,36,20221023-092503
0,0,경기76아1123,3,36,233000125,277103158,62,20221023-092503
0,0,경기76아1122,3,42,233000125,233000779,81,20221023-092518
0,0,경기76아4650,3,45,233000125,233002225,5,20221023-092518
0,0,경기76아1132,3,40,233000125,277103205,50,20221023-092518
0,0,경기76아1123,3,36,233000125,277103158,62,20221023-092518
0,0,경기76아4649,3,28,233000125,233000891,36,20221023-092518
0,0,경기76아1122,3,42,233000125,233000779,81,20221023-092533
0,0,경기76아4650,3,45,233000125,233002225,5,20221023-092533
0,0,경기76아1132,3,40,233000125,277103205,50,20221023-092533
0,0,경기76아4649,3,28,233000125,233000891,36,20221023-092533
0,0,경기76아1123,3,36,233000125,277103158,62,20221023-092533
0,0,경기76아4650,3,45,233000125,233002225,5,20221023-092548
0,0,경기76아1122,3,42,233000125,233000779,81,20221023-092548
0,0,경기76아1132,3,40,233000125,277103205,50,20221023-092548
0,0,경기76아4649,3,28,233000125,233000715,37,20221023-092548
0,0,경기76아1123,3,36,233000125,277103158,62,20221023-092548
0,0,경기76아4650,3,45,233000125,233002225,5,20221023-092603
0,0,경기76아1122,3,42,233000125,233000779,81,20221023-092603
0,0,경기76아4649,3,28,233000125,233000715,37,20221023-092603
0,0,경기76아1123,3,36,233000125,277103220,63,20221023-092603
0,0,경기76아1132,3,40,233000125,277103903,51,20221023-092603
0,0,경기76아1122,3,42,233000125,233000779,81,20221023-092618
0,0,경기76아4650,3,45,233000125,233002295,6,20221023-092618
0,0,경기76아4649,3,28,233000125,233000715,37,20221023-092618
0,0,경기76아1123,3,36,233000125,277103220,63,20221023-092618
0,0,경기76아1132,3,40,233000125,277103903,51,20221023-092618
0,0,경기76아4650,3,45,233000125,233002295,6,20221023-092633
0,0,경기76아1122,3,42,233000125,233000778,82,20221023-092633
0,0,경기76아1123,3,36,233000125,277103220,63,20221023-092633
0,0,경기76아1132,3,40,233000125,120000671,52,20221023-092633
0,0,경기76아4649,3,28,233000125,233000714,38,20221023-092633
0,0,경기76아4650,3,45,233000125,233002295,6,20221023-092648
0,0,경기76아1122,3,42,233000125,233000778,82,20221023-092648
0,0,경기76아1132,3,40,233000125,120000671,52,20221023-092648
0,0,경기76아4649,3,28,233000125,233000714,38,20221023-092648
0,0,경기76아1123,3,36,233000125,277103220,63,20221023-092648
0,0,경기76아4650,3,45,233000125,233002295,6,20221023-092703
0,0,경기76아1122,3,42,233000125,233000778,82,20221023-092703
0,0,경기76아1132,3,40,233000125,120000671,52,20221023-092703
0,0,경기76아1123,3,36,233000125,277103220,63,20221023-092703
0,0,경기76아4649,3,28,233000125,233000713,39,20221023-092703
0,0,경기76아4650,3,45,233000125,233002295,6,20221023-092718
0,0,경기76아1122,3,42,233000125,233000778,82,20221023-092718
0,0,경기76아1132,3,40,233000125,120000671,52,20221023-092718
0,0,경기76아1123,3,36,233000125,277103220,63,20221023-092718
0,0,경기76아4649,3,28,233000125,233000713,39,20221023-092718
0,0,경기76아4650,3,45,233000125,233002295,6,20221023-092733
0,0,경기76아1122,3,42,233000125,233000778,82,20221023-092733
0,0,경기76아1132,3,40,233000125,120000671,52,20221023-092733
0,0,경기76아4649,3,28,233000125,233000713,39,20221023-092733
0,0,경기76아1123,3,36,233000125,277103220,63,20221023-092733
0,0,경기76아4650,3,45,233000125,233002295,6,20221023-092748
0,0,경기76아1122,3,42,233000125,233000777,83,20221023-092748
0,0,경기76아1132,3,40,233000125,120000671,52,20221023-092748
0,0,경기76아1123,3,36,233000125,226000038,64,20221023-092748
0,0,경기76아4649,3,28,233000125,233000712,40,20221023-092748
0,0,경기76아4650,3,45,233000125,233002295,6,20221023-092803
0,0,경기76아1122,3,41,233000125,233000777,83,20221023-092803
0,0,경기76아1123,3,36,233000125,226000038,64,20221023-092803
0,0,경기76아4649,3,28,233000125,233000712,40,20221023-092803
0,0,경기76아1132,3,40,233000125,120000671,52,20221023-092803
0,0,경기76아1122,3,41,233000125,233000777,83,20221023-092818
0,0,경기76아4650,3,45,233000125,233002295,6,20221023-092818
0,0,경기76아4649,3,28,233000125,233000712,40,20221023-092818
0,0,경기76아1123,3,35,233000125,226000038,64,20221023-092818
0,0,경기76아1132,3,40,233000125,277103902,53,20221023-092818
0,0,경기76아1122,3,41,233000125,233000776,84,20221023-092833
0,0,경기76아4650,3,45,233000125,233001041,7,20221023-092833
0,0,경기76아4649,3,28,233000125,233000712,40,20221023-092833
0,0,경기76아1132,3,40,233000125,277103902,53,20221023-092833
0,0,경기76아1123,3,35,233000125,226000038,64,20221023-092833
0,0,경기76아1122,3,41,233000125,233000776,84,20221023-092848
0,0,경기76아4650,3,45,233000125,233001041,7,20221023-092848
0,0,경기76아4649,3,28,233000125,233000712,40,20221023-092848
0,0,경기76아1132,3,40,233000125,277103902,53,20221023-092848
0,0,경기76아1123,3,35,233000125,226000038,64,20221023-092848
0,0,경기76아4650,3,45,233000125,233002131,8,20221023-092902
0,0,경기76아1122,3,41,233000125,233000774,85,20221023-092902
0,0,경기76아4649,3,28,233000125,233000712,40,20221023-092902
0,0,경기76아1132,3,40,233000125,277103902,53,20221023-092902
0,0,경기76아1123,3,35,233000125,226000038,64,20221023-092902
0,0,경기76아1122,3,41,233000125,233000774,85,20221023-092917
0,0,경기76아4650,3,45,233000125,233000148,9,20221023-092917
0,0,경기76아4649,3,28,233000125,233000712,40,20221023-092917
0,0,경기76아1132,3,40,233000125,277103902,53,20221023-092917
0,0,경기76아1123,3,35,233000125,226000038,64,20221023-092917
0,0,경기76아4650,3,45,233000125,233000148,9,20221023-092932
0,0,경기76아1122,3,41,233000125,233000774,85,20221023-092932
0,0,경기76아4649,3,28,233000125,233000712,40,20221023-092932
0,0,경기76아1132,3,40,233000125,277103902,53,20221023-092932
0,0,경기76아1123,3,35,233000125,226000038,64,20221023-092932
0,0,경기76아4650,3,45,233000125,233000148,9,20221023-092947
0,0,경기76아1122,3,41,233000125,233000774,85,20221023-092947
0,0,경기76아1132,3,40,233000125,277103902,53,20221023-092947
0,0,경기76아1123,3,35,233000125,226000038,64,20221023-092947
0,0,경기76아4649,3,28,233000125,233000712,40,20221023-092947
0,0,경기76아4650,3,45,233000125,233000148,9,20221023-093004
0,0,경기76아1122,3,41,233000125,233000774,85,20221023-093004
0,0,경기76아4649,3,28,233000125,233000712,40,20221023-093004
0,0,경기76아1132,3,40,233000125,121001315,54,20221023-093004
0,0,경기76아1123,3,35,233000125,277103314,65,20221023-093004
0,0,경기76아4650,3,45,233000125,233000148,9,20221023-093019
0,0,경기76아1122,3,41,233000125,233000774,85,20221023-093019
0,0,경기76아4649,3,28,233000125,233000712,40,20221023-093019
0,0,경기76아1132,3,40,233000125,121001315,54,20221023-093019
0,0,경기76아1123,3,35,233000125,277103314,65,20221023-093019
0,0,경기76아4650,3,45,233000125,233000148,9,20221023-093034
0,0,경기76아1122,3,41,233000125,233000773,86,20221023-093034
0,0,경기76아4649,3,28,233000125,233000712,40,20221023-093034
0,0,경기76아1132,3,40,233000125,121001315,54,20221023-093034
0,0,경기76아1123,3,35,233000125,277103314,65,20221023-093034
0,0,경기76아4650,3,45,233000125,233000148,9,20221023-093049
0,0,경기76아1122,3,41,233000125,233000773,86,20221023-093049
0,0,경기76아1132,3,40,233000125,121001315,54,20221023-093049
0,0,경기76아1123,3,35,233000125,277103314,65,20221023-093049
0,0,경기76아4649,3,28,233000125,233000712,40,20221023-093049
0,0,경기76아4650,3,45,233000125,233000191,10,20221023-093104
0,0,경기76아1122,3,41,233000125,233003082,87,20221023-093104
0,0,경기76아1132,3,40,233000125,121001315,54,20221023-093104
0,0,경기76아1123,3,35,233000125,277103314,65,20221023-093104
0,0,경기76아4649,3,28,233000125,233000712,40,20221023-093104
0,0,경기76아4650,3,45,233000125,233000191,10,20221023-093119
0,0,경기76아1122,3,41,233000125,233003082,87,20221023-093119
0,0,경기76아1123,3,35,233000125,277103314,65,20221023-093119
0,0,경기76아4649,3,28,233000125,233000712,40,20221023-093119
0,0,경기76아1132,3,49,233000125,121001315,54,20221023-093119
0,0,경기76아1122,3,41,233000125,233003082,87,20221023-093134
0,0,경기76아4650,3,43,233000125,233000191,10,20221023-093134
0,0,경기76아1123,3,35,233000125,277103314,65,20221023-093134
0,0,경기76아4649,3,28,233000125,233000712,40,20221023-093134
0,0,경기76아1132,3,49,233000125,121001315,54,20221023-093134
0,0,경기76아1122,3,41,233000125,233003082,87,20221023-093149
0,0,경기76아4650,3,43,233000125,233000190,11,20221023-093149
0,0,경기76아1123,3,35,233000125,277103314,65,20221023-093149
0,0,경기76아1132,3,49,233000125,121001315,54,20221023-093149
0,0,경기76아4649,3,28,233000125,233000712,40,20221023-093149
0,0,경기76아1122,3,41,233000125,233003082,87,20221023-093204
0,0,경기76아4650,3,43,233000125,233000190,11,20221023-093204
0,0,경기76아1123,3,35,233000125,277103314,65,20221023-093204
0,0,경기76아1132,3,49,233000125,121001315,54,20221023-093204
0,0,경기76아4649,3,28,233000125,277103520,41,20221023-093204
0,0,경기76아1122,3,41,233000125,233003082,87,20221023-093219
0,0,경기76아4650,3,43,233000125,233000190,11,20221023-093219
0,0,경기76아1132,3,49,233000125,121001315,54,20221023-093219
0,0,경기76아1123,3,35,233000125,277103314,65,20221023-093219
0,0,경기76아4649,3,28,233000125,277103520,41,20221023-093219
0,0,경기76아1122,3,41,233000125,233003082,87,20221023-093234
0,0,경기76아4650,3,43,233000125,233000189,12,20221023-093234
0,0,경기76아1132,3,49,233000125,121001315,54,20221023-093234
0,0,경기76아4649,3,28,233000125,277103520,41,20221023-093234
0,0,경기76아1123,3,35,233000125,277103316,66,20221023-093234
0,0,경기76아1122,3,41,233000125,233003082,87,20221023-093249
0,0,경기76아4650,3,43,233000125,233000189,12,20221023-093249
0,0,경기76아1132,3,49,233000125,121001315,54,20221023-093249
0,0,경기76아4649,3,28,233000125,277103520,41,20221023-093249
0,0,경기76아1123,3,35,233000125,277103316,66,20221023-093249
0,0,경기76아1122,3,41,233000125,233003082,87,20221023-093303
0,0,경기76아4650,3,41,233000125,233000189,12,20221023-093303
0,0,경기76아4649,3,28,233000125,277103520,41,20221023-093303
0,0,경기76아1123,3,35,233000125,277103316,66,20221023-093303
0,0,경기76아1132,3,49,233000125,277101688,55,20221023-093303
0,0,경기76아1122,3,41,233000125,233003082,87,20221023-093318
0,0,경기76아4650,3,41,233000125,233000189,12,20221023-093318
0,0,경기76아4649,3,28,233000125,277103520,41,20221023-093318
0,0,경기76아1123,3,35,233000125,277103316,66,20221023-093318
0,0,경기76아1132,3,49,233000125,277101688,55,20221023-093318
0,0,경기76아1122,3,41,233000125,233003082,87,20221023-093333
0,0,경기76아4650,3,41,233000125,233000189,12,20221023-093333
0,0,경기76아1132,3,49,233000125,277101688,55,20221023-093333
0,0,경기76아1123,3,35,233000125,277103527,67,20221023-093333
0,0,경기76아4649,3,28,233000125,277103520,41,20221023-093333
0,0,경기76아4650,3,41,233000125,233001943,13,20221023-093348
0,0,경기76아1122,3,42,233000125,233000772,88,20221023-093348
0,0,경기76아1132,3,49,233000125,277101688,55,20221023-093348
0,0,경기76아4649,3,28,233000125,277103520,41,20221023-093348
0,0,경기76아1123,3,35,233000125,277103527,67,20221023-093348
0,0,경기76아1122,3,42,233000125,233000772,88,20221023-093403
0,0,경기76아4650,3,40,233000125,233001943,13,20221023-093403
0,0,경기76아1132,3,49,233000125,277101688,55,20221023-093403
0,0,경기76아4649,3,28,233000125,277103520,41,20221023-093403
0,0,경기76아1123,3,35,233000125,277103527,67,20221023-093403
0,0,경기76아4650,3,40,233000125,233000188,14,20221023-093418
0,0,경기76아1122,3,42,233000125,233000772,88,20221023-093418
0,0,경기76아1132,3,49,233000125,277101688,55,20221023-093418
0,0,경기76아4649,3,28,233000125,277103520,41,20221023-093418
0,0,경기76아1123,3,35,233000125,277103527,67,20221023-093418
0,0,경기76아4650,3,40,233000125,233000188,14,20221023-093433
0,0,경기76아1122,3,42,233000125,233000772,88,20221023-093433
0,0,경기76아1132,3,49,233000125,277101688,55,20221023-093433
0,0,경기76아1123,3,35,233000125,277103527,67,20221023-093433
0,0,경기76아4649,3,28,233000125,277103520,41,20221023-093433
0,0,경기76아4650,3,40,233000125,233000188,14,20221023-093448
0,0,경기76아1122,3,42,233000125,233000772,88,20221023-093448
0,0,경기76아1132,3,49,233000125,277101688,55,20221023-093448
0,0,경기76아1123,3,35,233000125,277103527,67,20221023-093448
0,0,경기76아4649,3,28,233000125,277103520,41,20221023-093448
0,0,경기76아1122,3,42,233000125,233000772,88,20221023-093503
0,0,경기76아4650,3,32,233000125,233000188,14,20221023-093503
0,0,경기76아1132,3,49,233000125,277101688,55,20221023-093503
0,0,경기76아4649,3,28,233000125,277103528,42,20221023-093503
0,0,경기76아1123,3,35,233000125,277103527,67,20221023-093503
0,0,경기76아4650,3,32,233000125,233000188,14,20221023-093518
0,0,경기76아1122,3,42,233000125,233000772,88,20221023-093518
0,0,경기76아4649,3,28,233000125,277103528,42,20221023-093518
0,0,경기76아1123,3,35,233000125,277103527,67,20221023-093518
0,0,경기76아1132,3,49,233000125,119900083,56,20221023-093518
0,0,경기76아4650,3,32,233000125,233000188,14,20221023-093533
0,0,경기76아1122,3,42,233000125,233000771,89,20221023-093533
0,0,경기76아1123,3,35,233000125,277103527,67,20221023-093533
0,0,경기76아1132,3,49,233000125,119900083,56,20221023-093533
0,0,경기76아4649,3,28,233000125,277103528,42,20221023-093533
0,0,경기76아4650,3,32,233000125,233000188,14,20221023-093548
0,0,경기76아1122,3,43,233000125,233000771,89,20221023-093548
0,0,경기76아1123,3,35,233000125,277103527,67,20221023-093548
0,0,경기76아1132,3,49,233000125,119900083,56,20221023-093548
0,0,경기76아4649,3,28,233000125,277103528,42,20221023-093548
0,0,경기76아4650,3,32,233000125,233000188,14,20221023-093602
0,0,경기76아1122,3,43,233000125,233000771,89,20221023-093602
0,0,경기76아1123,3,35,233000125,277103527,67,20221023-093602
0,0,경기76아1132,3,49,233000125,119900083,56,20221023-093602
0,0,경기76아4649,3,28,233000125,277103528,42,20221023-093602
0,0,경기76아1122,3,43,233000125,233000771,89,20221023-093618
0,0,경기76아4650,3,32,233000125,233001318,15,20221023-093618
0,0,경기76아1132,3,49,233000125,119900083,56,20221023-093618
0,0,경기76아4649,3,28,233000125,277103317,43,20221023-093618
0,0,경기76아1123,3,35,233000125,277103519,68,20221023-093618
0,0,경기76아1122,3,43,233000125,233000771,89,20221023-093633
0,0,경기76아4650,3,32,233000125,233001318,15,20221023-093633
0,0,경기76아1132,3,49,233000125,119900083,56,20221023-093633
0,0,경기76아1123,3,35,233000125,277103519,68,20221023-093633
0,0,경기76아4649,3,28,233000125,277103317,43,20221023-093633
0,0,경기76아1122,3,43,233000125,233000771,89,20221023-093648
0,0,경기76아4650,3,32,233000125,233001318,15,20221023-093648
0,0,경기76아1132,3,49,233000125,119900083,56,20221023-093648
0,0,경기76아1123,3,35,233000125,277103519,68,20221023-093648
0,0,경기76아4649,3,28,233000125,277103317,43,20221023-093648
0,0,경기76아4650,3,32,233000125,233000730,16,20221023-093702
0,0,경기76아1122,3,43,233000125,233000770,90,20221023-093702
0,0,경기76아1132,3,49,233000125,119900083,56,20221023-093702
0,0,경기76아1123,3,35,233000125,277103519,68,20221023-093702
0,0,경기76아4649,3,28,233000125,277103317,43,20221023-093702
0,0,경기76아4650,3,32,233000125,233000730,16,20221023-093717
0,0,경기76아1122,3,43,233000125,233000770,90,20221023-093717
0,0,경기76아1132,3,49,233000125,119900083,56,20221023-093717
0,0,경기76아4649,3,28,233000125,277103317,43,20221023-093717
0,0,경기76아1123,3,35,233000125,277103519,68,20221023-093717
0,0,경기76아4650,3,32,233000125,233000730,16,20221023-093732
0,0,경기76아1122,3,43,233000125,233000770,90,20221023-093732
0,0,경기76아1132,3,49,233000125,119900083,56,20221023-093732
0,0,경기76아4649,3,28,233000125,277103317,43,20221023-093732
0,0,경기76아1123,3,35,233000125,277103519,68,20221023-093732
0,0,경기76아1122,3,43,233000125,233000770,90,20221023-093747
0,0,경기76아4650,3,23,233000125,233000730,16,20221023-093747
0,0,경기76아1132,3,49,233000125,119900083,56,20221023-093747
0,0,경기76아4649,3,28,233000125,277103317,43,20221023-093747
0,0,경기76아1123,3,35,233000125,277103519,68,20221023-093747
0,0,경기76아1122,3,43,233000125,233000770,90,20221023-093804
0,0,경기76아4650,3,23,233000125,233000730,16,20221023-093804
0,0,경기76아1132,3,49,233000125,119900083,56,20221023-093804
0,0,경기76아4649,3,28,233000125,277103317,43,20221023-093804
0,0,경기76아1123,3,35,233000125,277103519,68,20221023-093804
0,0,경기76아1122,3,43,233000125,233000770,90,20221023-093819
0,0,경기76아4650,3,23,233000125,233000729,17,20221023-093819
0,0,경기76아1132,3,49,233000125,119900083,56,20221023-093819
0,0,경기76아4649,3,28,233000125,277103317,43,20221023-093819
0,0,경기76아1123,3,35,233000125,233000781,69,20221023-093819
0,0,경기76아4650,3,23,233000125,233000729,17,20221023-093834
0,0,경기76아1122,3,43,233000125,233000770,90,20221023-093834
0,0,경기76아1132,3,49,233000125,119900083,56,20221023-093834
0,0,경기76아4649,3,28,233000125,277103317,43,20221023-093834
0,0,경기76아1123,3,35,233000125,233000781,69,20221023-093834
0,0,경기76아4650,3,23,233000125,233000729,17,20221023-093849
0,0,경기76아1122,3,43,233000125,233000770,90,20221023-093849
0,0,경기76아1132,3,49,233000125,119900083,56,20221023-093849
0,0,경기76아1123,3,35,233000125,233000781,69,20221023-093849
0,0,경기76아4649,3,28,233000125,277103317,43,20221023-093849
0,0,경기76아1122,3,43,233000125,233000770,90,20221023-093904
0,0,경기76아4650,3,23,233000125,233000728,18,20221023-093904
0,0,경기76아1132,3,49,233000125,119900083,56,20221023-093904
0,0,경기76아4649,3,28,233000125,277103317,43,20221023-093904
0,0,경기76아1123,3,35,233000125,233000849,70,20221023-093904
0,0,경기76아1122,3,43,233000125,233000770,90,20221023-093919
0,0,경기76아4650,3,23,233000125,233000728,18,20221023-093919
0,0,경기76아1132,3,49,233000125,119900083,56,20221023-093919
0,0,경기76아1123,3,35,233000125,233000849,70,20221023-093919
0,0,경기76아4649,3,28,233000125,277103315,44,20221023-093919
0,0,경기76아1122,3,43,233000125,233000770,90,20221023-093934
0,0,경기76아4650,3,21,233000125,233000728,18,20221023-093934
0,0,경기76아1132,3,49,233000125,119900083,56,20221023-093934
0,0,경기76아1123,3,35,233000125,233000849,70,20221023-093934
0,0,경기76아4649,3,28,233000125,277103315,44,20221023-093934
0,0,경기76아1122,3,43,233000125,233000770,90,20221023-093949
0,0,경기76아4650,3,21,233000125,233000728,18,20221023-093949
0,0,경기76아1132,3,49,233000125,119900083,56,20221023-093949
0,0,경기76아4649,3,28,233000125,277103315,44,20221023-093949
0,0,경기76아1123,3,37,233000125,233000848,71,20221023-093949
0,0,경기76아1122,3,43,233000125,233000770,90,20221023-094004
0,0,경기76아4650,3,21,233000125,233000728,18,20221023-094004
0,0,경기76아1132,3,49,233000125,119900083,56,20221023-094004
0,0,경기76아1123,3,37,233000125,233000848,71,20221023-094004
0,0,경기76아4649,3,28,233000125,277103315,44,20221023-094004
0,0,경기76아4650,3,21,233000125,233000728,18,20221023-094019
0,0,경기76아1122,3,43,233000125,233000770,90,20221023-094019
0,0,경기76아1132,3,49,233000125,119900083,56,20221023-094019
0,0,경기76아1123,3,37,233000125,233000848,71,20221023-094019
0,0,경기76아4649,3,28,233000125,277103315,44,20221023-094019
0,0,경기76아4650,3,21,233000125,233000728,18,20221023-094034
0,0,경기76아1122,3,43,233000125,233000769,91,20221023-094034
0,0,경기76아1132,3,49,233000125,119900083,56,20221023-094034
0,0,경기76아1123,3,37,233000125,233000848,71,20221023-094034
0,0,경기76아4649,3,28,233000125,277103315,44,20221023-094034
0,0,경기76아4650,3,21,233000125,233000728,18,20221023-094049
0,0,경기76아1122,3,44,233000125,233000769,91,20221023-094049
0,0,경기76아1132,3,49,233000125,119900083,56,20221023-094049
0,0,경기76아4649,3,28,233000125,277103315,44,20221023-094049
0,0,경기76아1123,3,37,233000125,233000847,72,20221023-094049
0,0,경기76아4650,3,21,233000125,233000728,18,20221023-094103
0,0,경기76아1122,3,44,233000125,233000769,91,20221023-094103
0,0,경기76아1132,3,49,233000125,119900083,56,20221023-094103
0,0,경기76아1123,3,37,233000125,233000847,72,20221023-094103
0,0,경기76아4649,3,28,233000125,277103315,44,20221023-094103
0,0,경기76아4650,3,21,233000125,233000728,18,20221023-094118
0,0,경기76아1122,3,44,233000125,233000769,91,20221023-094118
0,0,경기76아1132,3,49,233000125,119900083,56,20221023-094118
0,0,경기76아1123,3,37,233000125,233002174,73,20221023-094118
0,0,경기76아4649,3,28,233000125,226000039,45,20221023-094118
0,0,경기76아1122,3,44,233000125,233000768,92,20221023-094133
0,0,경기76아4650,3,21,233000125,233000728,18,20221023-094133
0,0,경기76아1132,3,49,233000125,119900083,56,20221023-094133
0,0,경기76아4649,3,28,233000125,226000039,45,20221023-094133
0,0,경기76아1123,3,36,233000125,233002174,73,20221023-094133
0,0,경기76아1122,3,44,233000125,233000768,92,20221023-094148
0,0,경기76아4650,3,21,233000125,233001404,19,20221023-094148
0,0,경기76아1132,3,49,233000125,119900083,56,20221023-094148
0,0,경기76아4649,3,28,233000125,226000039,45,20221023-094148
0,0,경기76아1123,3,36,233000125,233002174,73,20221023-094148
0,0,경기76아1122,3,-1,233000125,233000768,92,20221023-094203
0,0,경기76아4650,3,21,233000125,233000727,20,20221023-094203
0,0,경기76아1132,3,49,233000125,119900083,56,20221023-094203
0,0,경기76아4649,3,29,233000125,226000039,45,20221023-094203
0,0,경기76아1123,3,36,233000125,233002174,73,20221023-094203
0,0,경기76아4650,3,21,233000125,233000727,20,20221023-094218
0,0,경기76아1122,3,47,233000125,233000768,92,20221023-094218
0,0,경기76아1132,3,49,233000125,119900083,56,20221023-094218
0,0,경기76아4649,3,29,233000125,226000039,45,20221023-094218
0,0,경기76아1123,3,36,233000125,233000055,74,20221023-094218
0,0,경기76아4650,3,21,233000125,233000727,20,20221023-094233
0,0,경기76아1122,3,47,233000125,233001749,93,20221023-094233
0,0,경기76아1132,3,49,233000125,119900083,56,20221023-094233
0,0,경기76아4649,3,29,233000125,226000039,45,20221023-094233
0,0,경기76아1123,3,36,233000125,233000055,74,20221023-094233
0,0,경기76아4650,3,21,233000125,233000727,20,20221023-094248
0,0,경기76아1122,3,47,233000125,233001749,93,20221023-094248
0,0,경기76아1132,3,49,233000125,119900083,56,20221023-094248
0,0,경기76아4649,3,29,233000125,226000039,45,20221023-094248
0,0,경기76아1123,3,36,233000125,233000846,75,20221023-094248
0,0,경기76아4650,3,21,233000125,233000727,20,20221023-094303
0,0,경기76아1122,3,47,233000125,233001749,93,20221023-094303
0,0,경기76아1132,3,49,233000125,119900083,56,20221023-094303
0,0,경기76아1123,3,36,233000125,233000845,76,20221023-094303
0,0,경기76아4649,3,29,233000125,226000039,45,20221023-094303
0,0,경기76아4650,3,21,233000125,233000727,20,20221023-094318
0,0,경기76아1122,3,47,233000125,233002159,94,20221023-094318
0,0,경기76아1123,3,36,233000125,233000845,76,20221023-094318
0,0,경기76아4649,3,29,233000125,226000039,45,20221023-094318
0,0,경기76아1132,3,42,233000125,119900083,56,20221023-094318
0,0,경기76아4650,3,21,233000125,233000726,21,20221023-094333
0,0,경기76아1122,3,47,233000125,233001828,95,20221023-094333
0,0,경기76아1132,3,42,233000125,119900083,56,20221023-094333
0,0,경기76아4649,3,29,233000125,277103221,46,20221023-094333
0,0,경기76아1123,3,36,233000125,233002150,77,20221023-094333
0,0,경기76아4650,3,21,233000125,233000726,21,20221023-094348
0,0,경기76아1122,3,47,233000125,233001828,95,20221023-094348
0,0,경기76아1132,3,42,233000125,119900083,56,20221023-094348
0,0,경기76아4649,3,29,233000125,277103221,46,20221023-094348
0,0,경기76아1123,3,36,233000125,233002150,77,20221023-094348
0,0,경기76아4650,3,21,233000125,233000726,21,20221023-094403
0,0,경기76아1122,3,47,233000125,233001828,95,20221023-094403
0,0,경기76아1132,3,42,233000125,119900083,56,20221023-094403
0,0,경기76아4649,3,29,233000125,277103221,46,20221023-094403
0,0,경기76아1123,3,36,233000125,233002150,77,20221023-094403
0,0,경기76아4650,3,21,233000125,233000726,21,20221023-094418
0,0,경기76아1122,3,47,233000125,233001828,95,20221023-094418
0,0,경기76아1132,3,42,233000125,119900083,56,20221023-094418
0,0,경기76아4649,3,29,233000125,277103221,46,20221023-094418
0,0,경기76아1123,3,36,233000125,233000844,78,20221023-094418
0,0,경기76아4650,3,21,233000125,233000726,21,20221023-094433
0,0,경기76아1122,3,47,233000125,233001828,95,20221023-094433
0,0,경기76아1132,3,42,233000125,119900083,56,20221023-094433
0,0,경기76아1123,3,36,233000125,233000844,78,20221023-094433
0,0,경기76아4649,3,29,233000125,277103221,46,20221023-094433
0,0,경기76아1122,3,47,233000125,233001828,95,20221023-094448
0,0,경기76아4650,3,22,233000125,233000726,21,20221023-094448
0,0,경기76아1132,3,42,233000125,119900083,56,20221023-094448
0,0,경기76아4649,3,29,233000125,277103221,46,20221023-094448
0,0,경기76아1123,3,35,233000125,233000844,78,20221023-094448
0,0,경기76아1122,3,47,233000125,233001828,95,20221023-094502
0,0,경기76아4650,3,22,233000125,233000726,21,20221023-094502
0,0,경기76아1132,3,42,233000125,119900083,56,20221023-094502
0,0,경기76아1123,3,35,233000125,233000844,78,20221023-094502
0,0,경기76아4649,3,29,233000125,277103221,46,20221023-094502
0,0,경기76아4650,3,22,233000125,233000726,21,20221023-094517
0,0,경기76아1122,3,47,233000125,233001828,95,20221023-094517
0,0,경기76아1132,3,42,233000125,119900083,56,20221023-094517
0,0,경기76아4649,3,29,233000125,277103221,46,20221023-094517
0,0,경기76아1123,3,35,233000125,233000844,78,20221023-094517
0,0,경기76아4650,3,22,233000125,233000725,22,20221023-094532
0,0,경기76아1122,3,47,233000125,233001435,96,20221023-094532
0,0,경기76아1132,3,42,233000125,119900083,56,20221023-094532
0,0,경기76아4649,3,29,233000125,277103221,46,20221023-094532
0,0,경기76아1123,3,35,233000125,233000844,78,20221023-094532
0,0,경기76아1122,3,47,233000125,233001435,96,20221023-094547
0,0,경기76아4650,3,22,233000125,233002118,23,20221023-094547
0,0,경기76아1132,3,42,233000125,119900083,56,20221023-094547
0,0,경기76아4649,3,29,233000125,277103221,46,20221023-094547
0,0,경기76아1123,3,35,233000125,233000843,79,20221023-094547
0,0,경기76아4650,3,22,233000125,233002118,23,20221023-094602
0,0,경기76아1122,3,47,233000125,233000208,97,20221023-094602
0,0,경기76아1132,3,42,233000125,119900083,56,20221023-094602
0,0,경기76아4649,3,29,233000125,277103221,46,20221023-094602
0,0,경기76아1123,3,35,233000125,233000843,79,20221023-094602
0,0,경기76아1122,3,47,233000125,233000208,97,20221023-094617
0,0,경기76아4650,3,22,233000125,233002118,23,20221023-094617
0,0,경기76아1132,3,42,233000125,119900083,56,20221023-094617
0,0,경기76아4649,3,29,233000125,277103221,46,20221023-094617
0,0,경기76아1123,3,35,233000125,233000780,80,20221023-094617
0,0,경기76아1122,3,47,233000125,233001043,98,20221023-094632
0,0,경기76아4650,3,22,233000125,233002118,23,20221023-094632
0,0,경기76아1132,3,42,233000125,119900083,56,20221023-094632
0,0,경기76아1123,3,35,233000125,233000780,80,20221023-094632
0,0,경기76아4649,3,29,233000125,277103159,47,20221023-094632
0,0,경기76아1122,3,47,233000125,233001043,98,20221023-094647
0,0,경기76아4650,3,22,233000125,233002118,23,20221023-094647
0,0,경기76아1132,3,42,233000125,119900083,56,20221023-094647
0,0,경기76아4649,3,29,233000125,277103159,47,20221023-094647
0,0,경기76아1123,3,35,233000125,233000780,80,20221023-094647
0,0,경기76아1122,3,47,233000125,233001043,98,20221023-094704
0,0,경기76아4650,3,22,233000125,233002118,23,20221023-094704
0,0,경기76아4649,3,29,233000125,277103159,47,20221023-094704
0,0,경기76아1123,3,35,233000125,233000780,80,20221023-094704
0,0,경기76아1132,3,42,233000125,277103902,53,20221023-094704
0,0,경기76아1122,3,47,233000125,233001043,98,20221023-094719
0,0,경기76아4650,3,22,233000125,233000724,24,20221023-094719
0,0,경기76아4649,3,29,233000125,277103159,47,20221023-094719
0,0,경기76아1132,3,42,233000125,277103902,53,20221023-094719
0,0,경기76아1123,3,35,233000125,233000780,80,20221023-094719
0,0,경기76아1122,3,47,233000125,233002130,99,20221023-094734
0,0,경기76아4650,3,21,233000125,233000724,24,20221023-094734
0,0,경기76아4649,3,29,233000125,277103159,47,20221023-094734
0,0,경기76아1123,3,35,233000125,233000779,81,20221023-094734
0,0,경기76아1132,3,42,233000125,277102049,57,20221023-094734
0,0,경기76아1122,3,47,233000125,233002130,99,20221023-094749
0,0,경기76아4650,3,21,233000125,233000723,25,20221023-094749
0,0,경기76아4649,3,29,233000125,277103159,47,20221023-094749
0,0,경기76아1123,3,35,233000125,233000779,81,20221023-094749
0,0,경기76아1132,3,42,233000125,277102049,57,20221023-094749
0,0,경기76아4650,3,21,233000125,233000723,25,20221023-094804
0,0,경기76아1122,3,47,233000125,233001042,100,20221023-094804
0,0,경기76아1123,3,35,233000125,233000779,81,20221023-094804
0,0,경기76아1132,3,42,233000125,277102049,57,20221023-094804
0,0,경기76아4649,3,29,233000125,277103159,47,20221023-094804
0,0,경기76아1122,3,47,233000125,233001042,100,20221023-094819
0,0,경기76아4650,3,21,233000125,233000722,26,20221023-094819
0,0,경기76아1123,3,35,233000125,233000779,81,20221023-094819
0,0,경기76아1132,3,42,233000125,277102049,57,20221023-094819
0,0,경기76아4649,3,29,233000125,277103159,47,20221023-094819
0,0,경기76아1122,3,47,233000125,233001042,100,20221023-094834
0,0,경기76아4650,3,21,233000125,233000722,26,20221023-094834
0,0,경기76아1123,3,35,233000125,233000779,81,20221023-094834
0,0,경기76아1132,3,42,233000125,277102049,57,20221023-094834
0,0,경기76아4649,3,29,233000125,277103159,47,20221023-094834
0,0,경기76아4650,3,21,233000125,233000722,26,20221023-094849
0,0,경기76아1122,3,47,233000125,233002296,101,20221023-094849
0,0,경기76아1123,3,35,233000125,233000779,81,20221023-094849
0,0,경기76아1132,3,42,233000125,277102049,57,20221023-094849
0,0,경기76아4649,3,29,233000125,277103159,47,20221023-094849
0,0,경기76아4650,3,21,233000125,233000722,26,20221023-094903
0,0,경기76아1122,3,47,233000125,233002296,101,20221023-094903
0,0,경기76아1132,3,42,233000125,277102049,57,20221023-094903
0,0,경기76아4649,3,29,233000125,277103159,47,20221023-094903
0,0,경기76아1123,3,35,233000125,233000779,81,20221023-094903
0,0,경기76아4650,3,21,233000125,233000722,26,20221023-094918
0,0,경기76아1122,3,47,233000125,233000207,102,20221023-094918
0,0,경기76아1132,3,42,233000125,277102049,57,20221023-094918
0,0,경기76아4649,3,29,233000125,277103159,47,20221023-094918
0,0,경기76아1123,3,35,233000125,233000779,81,20221023-094918
0,0,경기76아1122,3,47,233000125,233000207,102,20221023-094933
0,0,경기76아4650,3,21,233000125,233000721,27,20221023-094933
0,0,경기76아4649,3,29,233000125,277103159,47,20221023-094933
0,0,경기76아1123,3,35,233000125,233000779,81,20221023-094933
0,0,경기76아1132,3,42,233000125,277102291,58,20221023-094933
0,0,경기76아4650,3,21,233000125,233000721,27,20221023-094948
0,0,경기76아1122,3,47,233000125,233002216,103,20221023-094948
0,0,경기76아1123,3,35,233000125,233000779,81,20221023-094948
0,0,경기76아1132,3,42,233000125,277102291,58,20221023-094948
0,0,경기76아4649,3,29,233000125,277103159,47,20221023-094948
0,0,경기76아4650,3,21,233000125,233000721,27,20221023-095004
0,0,경기76아1122,3,47,233000125,233002216,103,20221023-095004
0,0,경기76아1132,3,42,233000125,277102291,58,20221023-095004
0,0,경기76아4649,3,29,233000125,277103159,47,20221023-095004
0,0,경기76아1123,3,35,233000125,233000779,81,20221023-095004
0,0,경기76아4650,3,21,233000125,233000721,27,20221023-095018
0,0,경기76아1122,3,47,233000125,233002216,103,20221023-095018
0,0,경기76아1132,3,42,233000125,277102291,58,20221023-095018
0,0,경기76아4649,3,29,233000125,277103159,47,20221023-095018
0,0,경기76아1123,3,35,233000125,233000779,81,20221023-095018
0,0,경기76아4650,3,21,233000125,233000721,27,20221023-095033
0,0,경기76아1122,3,47,233000125,233002216,103,20221023-095033
0,0,경기76아4649,3,29,233000125,277103159,47,20221023-095033
0,0,경기76아1132,3,42,233000125,277102291,58,20221023-095033
0,0,경기76아1123,3,35,233000125,233000778,82,20221023-095033
0,0,경기76아4650,3,21,233000125,233000721,27,20221023-095048
0,0,경기76아1122,3,47,233000125,233002223,104,20221023-095048
0,0,경기76아4649,3,29,233000125,277103159,47,20221023-095048
0,0,경기76아1123,3,35,233000125,233000778,82,20221023-095048
0,0,경기76아1132,3,42,233000125,277102291,58,20221023-095048
0,0,경기76아4650,3,21,233000125,233000721,27,20221023-095103
0,0,경기76아1122,3,47,233000125,233002223,104,20221023-095103
0,0,경기76아4649,3,29,233000125,277103159,47,20221023-095103
0,0,경기76아1123,3,35,233000125,233000778,82,20221023-095103
0,0,경기76아1132,3,42,233000125,277102291,58,20221023-095103
0,0,경기76아4650,3,21,233000125,233000721,27,20221023-095118
0,0,경기76아1122,3,47,233000125,233002223,104,20221023-095118
0,0,경기76아1123,3,35,233000125,233000778,82,20221023-095118
0,0,경기76아1132,3,42,233000125,277102291,58,20221023-095118
0,0,경기76아4649,3,29,233000125,277103200,48,20221023-095118
0,0,경기76아1122,3,47,233000125,233002223,104,20221023-095133
0,0,경기76아4650,3,21,233000125,233000721,27,20221023-095133
0,0,경기76아1123,3,35,233000125,233000778,82,20221023-095133
0,0,경기76아4649,3,29,233000125,277103200,48,20221023-095133
0,0,경기76아1132,3,42,233000125,277102291,58,20221023-095133
0,0,경기76아1122,3,-1,233000125,233002214,105,20221023-095148
0,0,경기76아4650,3,21,233000125,233000720,28,20221023-095148
0,0,경기76아4649,3,29,233000125,277103200,48,20221023-095148
0,0,경기76아1132,3,42,233000125,277103204,59,20221023-095148
0,0,경기76아1123,3,35,233000125,233000777,83,20221023-095148
0,0,경기76아1122,3,47,233000125,233002214,105,20221023-095203
0,0,경기76아4650,3,21,233000125,233000720,28,20221023-095203
0,0,경기76아4649,3,29,233000125,277103200,48,20221023-095203
0,0,경기76아1132,3,42,233000125,277103204,59,20221023-095203
0,0,경기76아1123,3,35,233000125,233000776,84,20221023-095203
0,0,경기76아1122,3,47,233000125,233002214,105,20221023-095218
0,0,경기76아4650,3,21,233000125,233000720,28,20221023-095218
0,0,경기76아4649,3,29,233000125,277103200,48,20221023-095218
0,0,경기76아1123,3,35,233000125,233000776,84,20221023-095218
0,0,경기76아1132,3,42,233000125,277103204,59,20221023-095218
0,0,경기76아1122,3,47,233000125,233002214,105,20221023-095233
0,0,경기76아4650,3,21,233000125,233000720,28,20221023-095233
0,0,경기76아4649,3,29,233000125,277103200,48,20221023-095233
0,0,경기76아1132,3,42,233000125,277103204,59,20221023-095233
0,0,경기76아1123,3,35,233000125,233000774,85,20221023-095233
0,0,경기76아1122,3,47,233000125,233002214,105,20221023-095248
0,0,경기76아4650,3,21,233000125,233000720,28,20221023-095248
0,0,경기76아1132,3,42,233000125,277103204,59,20221023-095248
0,0,경기76아1123,3,35,233000125,233000774,85,20221023-095248
0,0,경기76아4649,3,29,233000125,277103200,48,20221023-095248
0,0,경기76아1122,3,47,233000125,233002214,105,20221023-095303
0,0,경기76아4650,3,21,233000125,233000720,28,20221023-095303
0,0,경기76아1132,3,42,233000125,277103204,59,20221023-095303
0,0,경기76아4649,3,29,233000125,277103200,48,20221023-095303
0,0,경기76아1123,3,35,233000125,233000774,85,20221023-095303
0,0,경기76아4650,3,21,233000125,233000720,28,20221023-095318
0,0,경기76아1122,3,47,233000125,233002214,105,20221023-095318
0,0,경기76아4649,3,29,233000125,277103200,48,20221023-095318
0,0,경기76아1123,3,35,233000125,233000774,85,20221023-095318
0,0,경기76아1132,3,42,233000125,277103202,60,20221023-095318
0,0,경기76아4650,3,21,233000125,233000719,29,20221023-095333
0,0,경기76아1132,3,42,233000125,277103202,60,20221023-095333
0,0,경기76아1123,3,35,233000125,233000774,85,20221023-095333
0,0,경기76아4649,3,29,233000125,277103203,49,20221023-095333
0,0,경기76아4650,3,21,233000125,233000719,29,20221023-095348
0,0,경기76아1123,3,35,233000125,233000774,85,20221023-095348
0,0,경기76아1132,3,42,233000125,277103202,60,20221023-095348
0,0,경기76아4649,3,29,233000125,277103203,49,20221023-095348
0,0,경기76아4650,3,21,233000125,233000719,29,20221023-095403
0,0,경기76아1123,3,35,233000125,233000774,85,20221023-095403
0,0,경기76아4649,3,29,233000125,277103203,49,20221023-095403
0,0,경기76아1132,3,42,233000125,277103202,60,20221023-095403
0,0,경기76아4650,3,21,233000125,233000718,30,20221023-095418
0,0,경기76아1123,3,35,233000125,233000774,85,20221023-095418
0,0,경기76아1132,3,42,233000125,277103202,60,20221023-095418
0,0,경기76아4649,3,29,233000125,277103203,49,20221023-095418
0,0,경기76아4650,3,21,233000125,233000718,30,20221023-095433
0,0,경기76아1123,3,35,233000125,233000774,85,20221023-095433
0,0,경기76아4649,3,29,233000125,277103203,49,20221023-095433
0,0,경기76아1132,3,42,233000125,277103202,60,20221023-095433
0,0,경기76아4650,3,21,233000125,233000718,30,20221023-095448
0,0,경기76아4649,3,29,233000125,277103203,49,20221023-095448
0,0,경기76아1123,3,35,233000125,233000773,86,20221023-095448
0,0,경기76아1132,3,42,233000125,277103201,61,20221023-095448
0,0,경기76아4650,3,21,233000125,233000718,30,20221023-095504
0,0,경기76아1132,3,42,233000125,277103201,61,20221023-095504
0,0,경기76아1123,3,35,233000125,233003082,87,20221023-095504
0,0,경기76아4649,3,29,233000125,277103205,50,20221023-095504
0,0,경기76아4650,3,21,233000125,233000718,30,20221023-095517
0,0,경기76아1132,3,42,233000125,277103201,61,20221023-095517
0,0,경기76아1123,3,35,233000125,233003082,87,20221023-095517
0,0,경기76아4649,3,29,233000125,277103205,50,20221023-095517
0,0,경기76아4650,3,21,233000125,233000718,30,20221023-095532
0,0,경기76아1132,3,42,233000125,277103201,61,20221023-095532
0,0,경기76아1123,3,35,233000125,233003082,87,20221023-095532
0,0,경기76아4649,3,29,233000125,277103205,50,20221023-095532
0,0,경기76아4650,3,21,233000125,233000718,30,20221023-095547
0,0,경기76아4649,3,29,233000125,277103205,50,20221023-095547
0,0,경기76아1123,3,35,233000125,233003082,87,20221023-095547
0,0,경기76아1132,3,42,233000125,277103201,61,20221023-095547
0,0,경기76아4650,3,21,233000125,233000842,31,20221023-095605
0,0,경기76아4649,3,29,233000125,277103205,50,20221023-095605
0,0,경기76아1123,3,35,233000125,233003082,87,20221023-095605
0,0,경기76아1132,3,42,233000125,277103201,61,20221023-095605
0,0,경기76아4650,3,22,233000125,233000842,31,20221023-095619
0,0,경기76아1123,3,35,233000125,233003082,87,20221023-095619
0,0,경기76아4649,3,29,233000125,277103205,50,20221023-095619
0,0,경기76아1132,3,42,233000125,277103201,61,20221023-095619
0,0,경기76아4650,3,22,233000125,233000842,31,20221023-095634
0,0,경기76아1132,3,42,233000125,277103201,61,20221023-095634
0,0,경기76아1123,3,35,233000125,233000772,88,20221023-095634
0,0,경기76아4649,3,29,233000125,277103205,50,20221023-095634
0,0,경기76아4650,3,22,233000125,233000842,31,20221023-095649
0,0,경기76아1132,3,42,233000125,277103201,61,20221023-095649
0,0,경기76아1123,3,35,233000125,233000772,88,20221023-095649
0,0,경기76아4649,3,29,233000125,277103205,50,20221023-095649
0,0,경기76아4650,3,22,233000125,233002149,32,20221023-095704
0,0,경기76아4649,3,29,233000125,277103205,50,20221023-095704
0,0,경기76아1123,3,35,233000125,233000772,88,20221023-095704
0,0,경기76아1132,3,42,233000125,277103158,62,20221023-095704
0,0,경기76아4650,3,22,233000125,233002149,32,20221023-095719
0,0,경기76아4649,3,29,233000125,277103205,50,20221023-095719
0,0,경기76아1123,3,35,233000125,233000772,88,20221023-095719
0,0,경기76아1132,3,42,233000125,277103158,62,20221023-095719
0,0,경기76아4650,3,22,233000125,233002149,32,20221023-095734
0,0,경기76아4649,3,29,233000125,277103205,50,20221023-095734
0,0,경기76아1132,3,42,233000125,277103158,62,20221023-095734
0,0,경기76아1123,3,35,233000125,233000772,88,20221023-095734
0,0,경기76아4650,3,22,233000125,233000717,33,20221023-095749
0,0,경기76아4649,3,29,233000125,277103903,51,20221023-095749
0,0,경기76아1132,3,42,233000125,277103158,62,20221023-095749
0,0,경기76아1123,3,35,233000125,233000771,89,20221023-095749
0,0,경기76아4650,3,22,233000125,233000717,33,20221023-095804
0,0,경기76아1123,3,35,233000125,233000771,89,20221023-095804
0,0,경기76아4649,3,29,233000125,277103903,51,20221023-095804
0,0,경기76아1132,3,42,233000125,277103158,62,20221023-095804
0,0,경기76아4650,3,22,233000125,233000059,35,20221023-095819
0,0,경기76아4649,3,29,233000125,277103903,51,20221023-095819
0,0,경기76아1123,3,35,233000125,233000771,89,20221023-095819
0,0,경기76아1132,3,42,233000125,277103220,63,20221023-095819
0,0,경기76아4650,3,22,233000125,233000059,35,20221023-095834
0,0,경기76아4649,3,29,233000125,277103903,51,20221023-095834
0,0,경기76아1132,3,42,233000125,277103220,63,20221023-095834
0,0,경기76아1123,3,35,233000125,233000770,90,20221023-095834
0,0,경기76아4650,3,22,233000125,233000891,36,20221023-095849
0,0,경기76아1132,3,42,233000125,277103220,63,20221023-095849
0,0,경기76아4649,3,30,233000125,120000671,52,20221023-095849
0,0,경기76아1123,3,36,233000125,233000770,90,20221023-095849
0,0,경기76아4650,3,22,233000125,233000891,36,20221023-095904
0,0,경기76아1123,3,36,233000125,233000770,90,20221023-095904
0,0,경기76아1132,3,42,233000125,277103220,63,20221023-095904
0,0,경기76아4649,3,30,233000125,120000671,52,20221023-095904
0,0,경기76아4650,3,22,233000125,233000891,36,20221023-095919
0,0,경기76아1123,3,36,233000125,233000770,90,20221023-095919
0,0,경기76아4649,3,30,233000125,120000671,52,20221023-095919
0,0,경기76아1132,3,42,233000125,277103220,63,20221023-095919
0,0,경기76아4650,3,22,233000125,233000715,37,20221023-095933
0,0,경기76아1123,3,36,233000125,233000770,90,20221023-095933
0,0,경기76아4649,3,30,233000125,120000671,52,20221023-095933
0,0,경기76아1132,3,42,233000125,277103220,63,20221023-095933
0,0,경기76아4650,3,22,233000125,233000715,37,20221023-095949
0,0,경기76아4649,3,30,233000125,120000671,52,20221023-095949
0,0,경기76아1123,3,36,233000125,233000770,90,20221023-095949
0,0,경기76아1132,3,42,233000125,277103220,63,20221023-095949
0,0,경기76아4650,3,22,233000125,233000715,37,20221023-100004
0,0,경기76아4649,3,30,233000125,120000671,52,20221023-100004
0,0,경기76아1123,3,36,233000125,233000770,90,20221023-100004
0,0,경기76아1132,3,42,233000125,226000038,64,20221023-100004
0,0,경기76아4650,3,22,233000125,233000715,37,20221023-100018
0,0,경기76아1123,3,36,233000125,233000770,90,20221023-100018
0,0,경기76아1132,3,42,233000125,226000038,64,20221023-100018
0,0,경기76아4649,3,30,233000125,277103902,53,20221023-100018
0,0,경기76아4650,3,22,233000125,233000714,38,20221023-100033
0,0,경기76아1123,3,36,233000125,233000770,90,20221023-100033
0,0,경기76아1132,3,41,233000125,226000038,64,20221023-100033
0,0,경기76아4649,3,30,233000125,277103902,53,20221023-100033
0,0,경기76아4650,3,22,233000125,233000713,39,20221023-100048
0,0,경기76아1123,3,36,233000125,233000770,90,20221023-100048
0,0,경기76아4649,3,30,233000125,277103902,53,20221023-100048
0,0,경기76아1132,3,41,233000125,226000038,64,20221023-100048
0,0,경기76아4650,3,22,233000125,233000713,39,20221023-100103
0,0,경기76아1123,3,36,233000125,233000770,90,20221023-100103
0,0,경기76아1132,3,41,233000125,226000038,64,20221023-100103
0,0,경기76아4649,3,30,233000125,277103902,53,20221023-100103
0,0,경기76아4651,3,44,233000125,233002226,1,20221023-100103
0,0,경기76아4650,3,22,233000125,233000713,39,20221023-100118
0,0,경기76아4649,3,30,233000125,277103902,53,20221023-100118
0,0,경기76아1132,3,41,233000125,226000038,64,20221023-100118
0,0,경기76아1123,3,36,233000125,233000769,91,20221023-100118
0,0,경기76아4651,3,44,233000125,233002226,1,20221023-100118
0,0,경기76아4650,3,22,233000125,233000713,39,20221023-100133
0,0,경기76아4649,3,30,233000125,277103902,53,20221023-100133
0,0,경기76아4651,3,44,233000125,277102459,2,20221023-100133
0,0,경기76아1132,3,41,233000125,226000038,64,20221023-100133
0,0,경기76아1123,3,36,233000125,233000769,91,20221023-100133
0,0,경기76아4650,3,22,233000125,233000712,40,20221023-100148
0,0,경기76아4649,3,30,233000125,277103902,53,20221023-100148
0,0,경기76아1132,3,41,233000125,226000038,64,20221023-100148
0,0,경기76아4651,3,44,233000125,277102459,2,20221023-100148
0,0,경기76아1123,3,37,233000125,233000769,91,20221023-100148
0,0,경기76아4650,3,22,233000125,233000712,40,20221023-100203
0,0,경기76아4649,3,30,233000125,277103902,53,20221023-100203
0,0,경기76아4651,3,44,233000125,277102459,2,20221023-100203
0,0,경기76아1132,3,41,233000125,226000038,64,20221023-100203
0,0,경기76아1123,3,37,233000125,233000769,91,20221023-100203
0,0,경기76아4650,3,21,233000125,233000712,40,20221023-100218
0,0,경기76아4649,3,30,233000125,277103902,53,20221023-100218
0,0,경기76아1132,3,41,233000125,277103314,65,20221023-100218
0,0,경기76아1123,3,37,233000125,233000768,92,20221023-100218
0,0,경기76아4651,3,44,233000125,277102459,2,20221023-100218
0,0,경기76아4650,3,21,233000125,233000712,40,20221023-100233
0,0,경기76아4649,3,30,233000125,277103902,53,20221023-100233
0,0,경기76아1123,3,37,233000125,233000768,92,20221023-100233
0,0,경기76아4651,3,44,233000125,277102459,2,20221023-100233
0,0,경기76아1132,3,41,233000125,277103314,65,20221023-100233
0,0,경기76아4650,3,21,233000125,233000712,40,20221023-100248
0,0,경기76아4649,3,30,233000125,277103902,53,20221023-100248
0,0,경기76아1123,3,37,233000125,233000768,92,20221023-100248
0,0,경기76아4651,3,44,233000125,233002221,3,20221023-100248
0,0,경기76아1132,3,41,233000125,277103314,65,20221023-100248
0,0,경기76아4650,3,21,233000125,233000712,40,20221023-100302
0,0,경기76아4649,3,30,233000125,277103902,53,20221023-100302
0,0,경기76아1132,3,41,233000125,277103314,65,20221023-100302
0,0,경기76아4651,3,44,233000125,233002221,3,20221023-100302
0,0,경기76아1123,3,43,233000125,233000768,92,20221023-100302
0,0,경기76아4650,3,21,233000125,233000712,40,20221023-100317
0,0,경기76아4649,3,30,233000125,277103902,53,20221023-100317
0,0,경기76아4651,3,44,233000125,233002221,3,20221023-100317
0,0,경기76아1132,3,41,233000125,277103314,65,20221023-100317
0,0,경기76아1123,3,43,233000125,233000768,92,20221023-100317
0,0,경기76아4650,3,21,233000125,233000712,40,20221023-100332
0,0,경기76아1132,3,41,233000125,277103314,65,20221023-100332
0,0,경기76아1123,3,43,233000125,233000768,92,20221023-100332
0,0,경기76아4651,3,44,233000125,233002221,3,20221023-100332
0,0,경기76아4649,3,45,233000125,121001315,54,20221023-100332
0,0,경기76아4650,3,21,233000125,233000712,40,20221023-100347
0,0,경기76아1132,3,41,233000125,277103314,65,20221023-100347
0,0,경기76아1123,3,43,233000125,233000768,92,20221023-100347
0,0,경기76아4651,3,44,233000125,233002221,3,20221023-100347
0,0,경기76아4649,3,45,233000125,121001315,54,20221023-100347
0,0,경기76아4650,3,21,233000125,233000712,40,20221023-100403
0,0,경기76아1132,3,41,233000125,277103314,65,20221023-100403
0,0,경기76아1123,3,43,233000125,233000768,92,20221023-100403
0,0,경기76아4651,3,44,233000125,233002221,3,20221023-100403
0,0,경기76아4649,3,45,233000125,121001315,54,20221023-100403
0,0,경기76아4650,3,21,233000125,233000712,40,20221023-100417
0,0,경기76아1123,3,43,233000125,233000768,92,20221023-100417
0,0,경기76아4651,3,43,233000125,233002224,4,20221023-100417
0,0,경기76아4649,3,45,233000125,121001315,54,20221023-100417
0,0,경기76아1132,3,41,233000125,277103314,65,20221023-100417
0,0,경기76아4650,3,21,233000125,233000712,40,20221023-100432
0,0,경기76아1123,3,43,233000125,233000768,92,20221023-100432
0,0,경기76아4649,3,45,233000125,121001315,54,20221023-100432
0,0,경기76아4651,3,43,233000125,233002224,4,20221023-100432
0,0,경기76아1132,3,41,233000125,277103316,66,20221023-100432
0,0,경기76아4650,3,21,233000125,233000712,40,20221023-100447
0,0,경기76아1123,3,43,233000125,233000768,92,20221023-100447
0,0,경기76아1132,3,41,233000125,277103316,66,20221023-100447
0,0,경기76아4649,3,45,233000125,121001315,54,20221023-100447
0,0,경기76아4651,3,43,233000125,233002224,4,20221023-100447
0,0,경기76아4650,3,21,233000125,233000712,40,20221023-100504
0,0,경기76아1123,3,43,233000125,233000768,92,20221023-100504
0,0,경기76아4649,3,45,233000125,121001315,54,20221023-100504
0,0,경기76아4651,3,43,233000125,233002224,4,20221023-100504
0,0,경기76아1132,3,41,233000125,277103316,66,20221023-100504
0,0,경기76아4650,3,21,233000125,233000712,40,20221023-100519
0,0,경기76아4649,3,45,233000125,121001315,54,20221023-100519
0,0,경기76아4651,3,42,233000125,233002225,5,20221023-100519
0,0,경기76아1132,3,41,233000125,277103316,66,20221023-100519
0,0,경기76아1123,3,43,233000125,233000768,92,20221023-100519
0,0,경기76아4650,3,21,233000125,233000712,40,20221023-100534
0,0,경기76아4649,3,45,233000125,121001315,54,20221023-100534
0,0,경기76아1123,3,43,233000125,233000768,92,20221023-100534
0,0,경기76아1132,3,41,233000125,277103527,67,20221023-100534
0,0,경기76아4651,3,42,233000125,233002225,5,20221023-100534
0,0,경기76아4650,3,21,233000125,233000712,40,20221023-100549
0,0,경기76아4649,3,45,233000125,121001315,54,20221023-100549
0,0,경기76아1132,3,41,233000125,277103527,67,20221023-100549
0,0,경기76아4651,3,42,233000125,233002225,5,20221023-100549
0,0,경기76아1123,3,43,233000125,233001749,93,20221023-100549
0,0,경기76아4650,3,21,233000125,233000712,40,20221023-100604
0,0,경기76아4649,3,45,233000125,121001315,54,20221023-100604
0,0,경기76아1123,3,43,233000125,233001749,93,20221023-100604
0,0,경기76아4651,3,42,233000125,233002225,5,20221023-100604
0,0,경기76아1132,3,41,233000125,277103527,67,20221023-100604
0,0,경기76아4650,3,21,233000125,277103520,41,20221023-100620
0,0,경기76아4649,3,45,233000125,121001315,54,20221023-100620
0,0,경기76아1123,3,-1,233000125,233001749,93,20221023-100620
0,0,경기76아4651,3,42,233000125,233002295,6,20221023-100620
0,0,경기76아1132,3,41,233000125,277103527,67,20221023-100620
0,0,경기76아4650,3,21,233000125,277103520,41,20221023-100634
0,0,경기76아1132,3,41,233000125,277103527,67,20221023-100634
0,0,경기76아4651,3,42,233000125,233002295,6,20221023-100634
0,0,경기76아1123,3,44,233000125,233002159,94,20221023-100634
0,0,경기76아4649,3,45,233000125,277101688,55,20221023-100634
0,0,경기76아4650,3,21,233000125,277103520,41,20221023-100649
0,0,경기76아1132,3,41,233000125,277103527,67,20221023-100649
0,0,경기76아4651,3,42,233000125,233002295,6,20221023-100649
0,0,경기76아4649,3,45,233000125,277101688,55,20221023-100649
0,0,경기76아1123,3,44,233000125,233002159,94,20221023-100649
0,0,경기76아4650,3,21,233000125,277103520,41,20221023-100703
0,0,경기76아4651,3,42,233000125,233002295,6,20221023-100703
0,0,경기76아4649,3,45,233000125,277101688,55,20221023-100703
0,0,경기76아1123,3,45,233000125,233002159,94,20221023-100703
0,0,경기76아1132,3,41,233000125,277103527,67,20221023-100703
0,0,경기76아4650,3,21,233000125,277103520,41,20221023-100718
0,0,경기76아4651,3,42,233000125,233002295,6,20221023-100718
0,0,경기76아4649,3,45,233000125,277101688,55,20221023-100718
0,0,경기76아1132,3,41,233000125,277103527,67,20221023-100718
0,0,경기76아1123,3,45,233000125,233002159,94,20221023-100718
0,0,경기76아4650,3,21,233000125,277103520,41,20221023-100733
0,0,경기76아4651,3,42,233000125,233002295,6,20221023-100733
0,0,경기76아4649,3,45,233000125,277101688,55,20221023-100733
0,0,경기76아1123,3,45,233000125,233002159,94,20221023-100733
0,0,경기76아1132,3,41,233000125,277103527,67,20221023-100733
0,0,경기76아4650,3,21,233000125,277103520,41,20221023-100750
0,0,경기76아4651,3,42,233000125,233002295,6,20221023-100750
0,0,경기76아4649,3,45,233000125,277101688,55,20221023-100750
0,0,경기76아1123,3,45,233000125,233002159,94,20221023-100750
0,0,경기76아1132,3,41,233000125,277103527,67,20221023-100750
0,0,경기76아4650,3,21,233000125,277103520,41,20221023-100803
0,0,경기76아4649,3,45,233000125,277101688,55,20221023-100803
0,0,경기76아1123,3,45,233000125,233002159,94,20221023-100803
0,0,경기76아4651,3,42,233000125,233001041,7,20221023-100803
0,0,경기76아1132,3,41,233000125,277103519,68,20221023-100803
0,0,경기76아4650,3,21,233000125,277103520,41,20221023-100818
0,0,경기76아4649,3,45,233000125,277101688,55,20221023-100818
0,0,경기76아1123,3,45,233000125,233002159,94,20221023-100818
0,0,경기76아4651,3,42,233000125,233001041,7,20221023-100818
0,0,경기76아1132,3,41,233000125,277103519,68,20221023-100818
0,0,경기76아4650,3,21,233000125,277103520,41,20221023-100833
0,0,경기76아4649,3,45,233000125,277101688,55,20221023-100833
0,0,경기76아1123,3,45,233000125,233002159,94,20221023-100833
0,0,경기76아4651,3,42,233000125,233002131,8,20221023-100833
0,0,경기76아1132,3,41,233000125,277103519,68,20221023-100833
0,0,경기76아4650,3,-1,233000125,277103520,41,20221023-100848
0,0,경기76아4649,3,45,233000125,277101688,55,20221023-100848
0,0,경기76아1132,3,41,233000125,277103519,68,20221023-100848
0,0,경기76아4651,3,42,233000125,233002131,8,20221023-100848
0,0,경기76아1123,3,46,233000125,233001828,95,20221023-100848
0,0,경기76아4650,3,-1,233000125,277103520,41,20221023-100903
0,0,경기76아4649,3,45,233000125,277101688,55,20221023-100903
0,0,경기76아1123,3,46,233000125,233001828,95,20221023-100903
0,0,경기76아4651,3,41,233000125,233002131,8,20221023-100903
0,0,경기76아1132,3,41,233000125,277103519,68,20221023-100903
0,0,경기76아4650,3,21,233000125,277103528,42,20221023-100918
0,0,경기76아4649,3,45,233000125,277101688,55,20221023-100918
0,0,경기76아1132,3,41,233000125,277103519,68,20221023-100918
0,0,경기76아1123,3,48,233000125,233001828,95,20221023-100918
0,0,경기76아4651,3,41,233000125,233000148,9,20221023-100918
0,0,경기76아4650,3,21,233000125,277103528,42,20221023-100933
0,0,경기76아4649,3,45,233000125,277101688,55,20221023-100933
0,0,경기76아1132,3,41,233000125,277103519,68,20221023-100933
0,0,경기76아4651,3,41,233000125,233000148,9,20221023-100933
0,0,경기76아1123,3,48,233000125,233001828,95,20221023-100933
0,0,경기76아4650,3,21,233000125,277103528,42,20221023-100948
0,0,경기76아4649,3,45,233000125,277101688,55,20221023-100948
0,0,경기76아1123,3,48,233000125,233001828,95,20221023-100948
0,0,경기76아1132,3,41,233000125,233000781,69,20221023-100948
0,0,경기76아4651,3,40,233000125,233000148,9,20221023-100948
0,0,경기76아4650,3,21,233000125,277103528,42,20221023-101003
0,0,경기76아4649,3,45,233000125,277101688,55,20221023-101003
0,0,경기76아1123,3,48,233000125,233001828,95,20221023-101003
0,0,경기76아4651,3,40,233000125,233000148,9,20221023-101003
0,0,경기76아1132,3,41,233000125,233000781,69,20221023-101003
0,0,경기76아4650,3,21,233000125,277103528,42,20221023-101018
0,0,경기76아1123,3,48,233000125,233001828,95,20221023-101018
0,0,경기76아4651,3,40,233000125,233000148,9,20221023-101018
0,0,경기76아1132,3,41,233000125,233000781,69,20221023-101018
0,0,경기76아4649,3,45,233000125,119900083,56,20221023-101018
0,0,경기76아4650,3,21,233000125,277103317,43,20221023-101033
0,0,경기76아1123,3,48,233000125,233001828,95,20221023-101033
0,0,경기76아4649,3,45,233000125,119900083,56,20221023-101033
0,0,경기76아1132,3,41,233000125,233000781,69,20221023-101033
0,0,경기76아4651,3,40,233000125,233000191,10,20221023-101033
0,0,경기76아4650,3,21,233000125,277103317,43,20221023-101048
0,0,경기76아1123,3,48,233000125,233001828,95,20221023-101048
0,0,경기76아4649,3,45,233000125,119900083,56,20221023-101048
0,0,경기76아4651,3,40,233000125,233000191,10,20221023-101048
0,0,경기76아1132,3,41,233000125,233000849,70,20221023-101048
0,0,경기76아4650,3,21,233000125,277103317,43,20221023-101103
0,0,경기76아1123,3,48,233000125,233001828,95,20221023-101103
0,0,경기76아4649,3,45,233000125,119900083,56,20221023-101103
0,0,경기76아4651,3,40,233000125,233000191,10,20221023-101103
0,0,경기76아1132,3,41,233000125,233000849,70,20221023-101103
0,0,경기76아4650,3,21,233000125,277103317,43,20221023-101117
0,0,경기76아4649,3,45,233000125,119900083,56,20221023-101117
0,0,경기76아4651,3,40,233000125,233000191,10,20221023-101117
0,0,경기76아1123,3,49,233000125,233001828,95,20221023-101117
0,0,경기76아1132,3,41,233000125,233000848,71,20221023-101117
0,0,경기76아4650,3,21,233000125,277103317,43,20221023-101132
0,0,경기76아4649,3,45,233000125,119900083,56,20221023-101132
0,0,경기76아4651,3,40,233000125,233000191,10,20221023-101132
0,0,경기76아1132,3,41,233000125,233000848,71,20221023-101132
0,0,경기76아1123,3,49,233000125,233001435,96,20221023-101132
0,0,경기76아4650,3,21,233000125,277103317,43,20221023-101147
0,0,경기76아4649,3,45,233000125,119900083,56,20221023-101147
0,0,경기76아4651,3,40,233000125,233000191,10,20221023-101147
0,0,경기76아1123,3,49,233000125,233001435,96,20221023-101147
0,0,경기76아1132,3,41,233000125,233000848,71,20221023-101147
0,0,경기76아4650,3,21,233000125,277103317,43,20221023-101204
0,0,경기76아4649,3,45,233000125,119900083,56,20221023-101204
0,0,경기76아4651,3,37,233000125,233000191,10,20221023-101204
0,0,경기76아1123,3,49,233000125,233000208,97,20221023-101204
0,0,경기76아1132,3,41,233000125,233000847,72,20221023-101204
0,0,경기76아4650,3,21,233000125,277103317,43,20221023-101219
0,0,경기76아4649,3,45,233000125,119900083,56,20221023-101219
0,0,경기76아1132,3,41,233000125,233000847,72,20221023-101219
0,0,경기76아1123,3,49,233000125,233001043,98,20221023-101219
0,0,경기76아4651,3,37,233000125,233000190,11,20221023-101219
0,0,경기76아4650,3,21,233000125,277103317,43,20221023-101234
0,0,경기76아1132,3,41,233000125,233000847,72,20221023-101234
0,0,경기76아4651,3,37,233000125,233000190,11,20221023-101234
0,0,경기76아1123,3,49,233000125,233001043,98,20221023-101234
0,0,경기76아4649,3,39,233000125,119900083,56,20221023-101234
0,0,경기76아4650,3,21,233000125,277103317,43,20221023-101249
0,0,경기76아4651,3,37,233000125,233000190,11,20221023-101249
0,0,경기76아1123,3,49,233000125,233001043,98,20221023-101249
0,0,경기76아4649,3,39,233000125,119900083,56,20221023-101249
0,0,경기76아1132,3,41,233000125,233002174,73,20221023-101249
0,0,경기76아4650,3,21,233000125,277103317,43,20221023-101304
0,0,경기76아4651,3,37,233000125,233000190,11,20221023-101304
0,0,경기76아1123,3,49,233000125,233001043,98,20221023-101304
0,0,경기76아4649,3,39,233000125,119900083,56,20221023-101304
0,0,경기76아1132,3,42,233000125,233002174,73,20221023-101304
0,0,경기76아4650,3,21,233000125,277103317,43,20221023-101319
0,0,경기76아4651,3,37,233000125,233000190,11,20221023-101319
0,0,경기76아4649,3,39,233000125,119900083,56,20221023-101319
0,0,경기76아1123,3,49,233000125,233002130,99,20221023-101319
0,0,경기76아1132,3,42,233000125,233002174,73,20221023-101319
0,0,경기76아4650,3,21,233000125,277103315,44,20221023-101334
0,0,경기76아4651,3,37,233000125,233000190,11,20221023-101334
0,0,경기76아4649,3,39,233000125,119900083,56,20221023-101334
0,0,경기76아1132,3,42,233000125,233002174,73,20221023-101334
0,0,경기76아1123,3,49,233000125,233001042,100,20221023-101334
0,0,경기76아4650,3,21,233000125,277103315,44,20221023-101349
0,0,경기76아4651,3,37,233000125,233000190,11,20221023-101349
0,0,경기76아4649,3,39,233000125,119900083,56,20221023-101349
0,0,경기76아1132,3,42,233000125,233002174,73,20221023-101349
0,0,경기76아1123,3,49,233000125,233001042,100,20221023-101349
0,0,경기76아4650,3,21,233000125,277103315,44,20221023-101404
0,0,경기76아1132,3,42,233000125,233002174,73,20221023-101404
0,0,경기76아1123,3,49,233000125,233001042,100,20221023-101404
0,0,경기76아4649,3,39,233000125,277103902,53,20221023-101404
0,0,경기76아4651,3,37,233000125,233000189,12,20221023-101404
0,0,경기76아4650,3,21,233000125,277103315,44,20221023-101419
0,0,경기76아1132,3,42,233000125,233002174,73,20221023-101419
0,0,경기76아4651,3,37,233000125,233000189,12,20221023-101419
0,0,경기76아1123,3,49,233000125,233002296,101,20221023-101419
0,0,경기76아4649,3,39,233000125,277102049,57,20221023-101419
0,0,경기76아4650,3,21,233000125,277103315,44,20221023-101434
0,0,경기76아1123,3,49,233000125,233002296,101,20221023-101434
0,0,경기76아4649,3,39,233000125,277102049,57,20221023-101434
0,0,경기76아1132,3,42,233000125,233000055,74,20221023-101434
0,0,경기76아4651,3,35,233000125,233000189,12,20221023-101434
0,0,경기76아4650,3,21,233000125,277103315,44,20221023-101449
0,0,경기76아4649,3,39,233000125,277102049,57,20221023-101449
0,0,경기76아4651,3,35,233000125,233000189,12,20221023-101449
0,0,경기76아1132,3,42,233000125,233000846,75,20221023-101449
0,0,경기76아1123,3,49,233000125,233000207,102,20221023-101449
0,0,경기76아4650,3,21,233000125,277103315,44,20221023-101503
0,0,경기76아4649,3,39,233000125,277102049,57,20221023-101503
0,0,경기76아4651,3,35,233000125,233001943,13,20221023-101503
0,0,경기76아1123,3,49,233000125,233000207,102,20221023-101503
0,0,경기76아1132,3,42,233000125,233000845,76,20221023-101503
0,0,경기76아4650,3,21,233000125,277103315,44,20221023-101519
0,0,경기76아4649,3,39,233000125,277102049,57,20221023-101519
0,0,경기76아4651,3,35,233000125,233001943,13,20221023-101519
0,0,경기76아1132,3,42,233000125,233000845,76,20221023-101519
0,0,경기76아1123,3,49,233000125,233002216,103,20221023-101519
0,0,경기76아4650,3,21,233000125,226000039,45,20221023-101533
0,0,경기76아4649,3,39,233000125,277102049,57,20221023-101533
0,0,경기76아1123,3,49,233000125,233002216,103,20221023-101533
0,0,경기76아4651,3,34,233000125,233001943,13,20221023-101533
0,0,경기76아1132,3,42,233000125,233002150,77,20221023-101533
0,0,경기76아4650,3,21,233000125,226000039,45,20221023-101548
0,0,경기76아4649,3,39,233000125,277102049,57,20221023-101548
0,0,경기76아4651,3,34,233000125,233001943,13,20221023-101548
0,0,경기76아1132,3,42,233000125,233002150,77,20221023-101548
0,0,경기76아1123,3,49,233000125,233002223,104,20221023-101548
0,0,경기76아4650,3,21,233000125,226000039,45,20221023-101603
0,0,경기76아4651,3,34,233000125,233001943,13,20221023-101603
0,0,경기76아1132,3,42,233000125,233002150,77,20221023-101603
0,0,경기76아4649,3,39,233000125,277102291,58,20221023-101603
0,0,경기76아1123,3,-1,233000125,233002223,104,20221023-101603
0,0,경기76아4650,3,22,233000125,226000039,45,20221023-101618
0,0,경기76아4651,3,34,233000125,233001943,13,20221023-101618
0,0,경기76아1123,3,-1,233000125,233002223,104,20221023-101618
0,0,경기76아4649,3,39,233000125,277102291,58,20221023-101618
0,0,경기76아1132,3,42,233000125,233002150,77,20221023-101618
0,0,경기76아4650,3,22,233000125,226000039,45,20221023-101633
0,0,경기76아4651,3,34,233000125,233001943,13,20221023-101633
0,0,경기76아4649,3,39,233000125,277102291,58,20221023-101633
0,0,경기76아1123,3,49,233000125,233002223,104,20221023-101633
0,0,경기76아1132,3,42,233000125,233000844,78,20221023-101633
0,0,경기76아4650,3,22,233000125,226000039,45,20221023-101648
0,0,경기76아4651,3,34,233000125,233001943,13,20221023-101648
0,0,경기76아4649,3,39,233000125,277102291,58,20221023-101648
0,0,경기76아1132,3,42,233000125,233000844,78,20221023-101648
0,0,경기76아1123,3,49,233000125,233002214,105,20221023-101648
0,0,경기76아4650,3,22,233000125,226000039,45,20221023-101703
0,0,경기76아4649,3,39,233000125,277102291,58,20221023-101703
0,0,경기76아1132,3,45,233000125,233000844,78,20221023-101703
0,0,경기76아1123,3,49,233000125,233002214,105,20221023-101703
0,0,경기76아4651,3,34,233000125,233001943,13,20221023-101703
0,0,경기76아4650,3,22,233000125,226000039,45,20221023-101718
0,0,경기76아4649,3,39,233000125,277102291,58,20221023-101718
0,0,경기76아1123,3,49,233000125,233002214,105,20221023-101718
0,0,경기76아4651,3,34,233000125,233000188,14,20221023-101718
0,0,경기76아1132,3,45,233000125,233000844,78,20221023-101718
0,0,경기76아4650,3,22,233000125,226000039,45,20221023-101733
0,0,경기76아1123,3,49,233000125,233002214,105,20221023-101733
0,0,경기76아4649,3,39,233000125,277102291,58,20221023-101733
0,0,경기76아4651,3,33,233000125,233000188,14,20221023-101733
0,0,경기76아1132,3,45,233000125,233000844,78,20221023-101733
0,0,경기76아4650,3,22,233000125,226000039,45,20221023-101748
0,0,경기76아1123,3,49,233000125,233002214,105,20221023-101748
0,0,경기76아4649,3,39,233000125,277102291,58,20221023-101748
0,0,경기76아1132,3,45,233000125,233000844,78,20221023-101748
0,0,경기76아4651,3,33,233000125,233000188,14,20221023-101748
0,0,경기76아4650,3,22,233000125,277103221,46,20221023-101803
0,0,경기76아4649,3,39,233000125,277102291,58,20221023-101803
0,0,경기76아4651,3,33,233000125,233001318,15,20221023-101803
0,0,경기76아1132,3,45,233000125,233000843,79,20221023-101803
0,0,경기76아1123,3,49,233000125,233002214,105,20221023-101803
0,0,경기76아4650,3,22,233000125,277103221,46,20221023-101818
0,0,경기76아4649,3,39,233000125,277102291,58,20221023-101818
0,0,경기76아4651,3,33,233000125,233001318,15,20221023-101818
0,0,경기76아1132,3,45,233000125,233000843,79,20221023-101818
0,0,경기76아1123,3,49,233000125,233002214,105,20221023-101818
0,0,경기76아4650,3,22,233000125,277103221,46,20221023-101833
0,0,경기76아4649,3,39,233000125,277102291,58,20221023-101833
0,0,경기76아4651,3,33,233000125,233001318,15,20221023-101833
0,0,경기76아1132,3,45,233000125,233000843,79,20221023-101833
0,0,경기76아1123,3,49,233000125,233002214,105,20221023-101833
0,0,경기76아4650,3,22,233000125,277103221,46,20221023-101848
0,0,경기76아4649,3,39,233000125,277102291,58,20221023-101848
0,0,경기76아4651,3,33,233000125,233001318,15,20221023-101848
0,0,경기76아1123,3,49,233000125,233002214,105,20221023-101848
0,0,경기76아1132,3,45,233000125,233000780,80,20221023-101848
0,0,경기76아4650,3,22,233000125,277103221,46,20221023-101902
0,0,경기76아4651,3,33,233000125,233001318,15,20221023-101902
0,0,경기76아1123,3,49,233000125,233002214,105,20221023-101902
0,0,경기76아1132,3,45,233000125,233000780,80,20221023-101902
0,0,경기76아4649,3,39,233000125,277102291,58,20221023-101902
0,0,경기76아4650,3,-1,233000125,277103221,46,20221023-101917
0,0,경기76아4651,3,33,233000125,233001318,15,20221023-101917
0,0,경기76아1123,3,49,233000125,233002214,105,20221023-101917
0,0,경기76아1132,3,45,233000125,233000780,80,20221023-101917
0,0,경기76아4649,3,39,233000125,277103204,59,20221023-101917
0,0,경기76아4650,3,-1,233000125,277103221,46,20221023-101932
0,0,경기76아4651,3,33,233000125,233001318,15,20221023-101932
0,0,경기76아1123,3,49,233000125,233002214,105,20221023-101932
0,0,경기76아4649,3,39,233000125,277103204,59,20221023-101932
0,0,경기76아1132,3,45,233000125,233000780,80,20221023-101932
0,0,경기76아4650,3,22,233000125,277103221,46,20221023-101947
0,0,경기76아1123,3,49,233000125,233002214,105,20221023-101947
0,0,경기76아1132,3,45,233000125,233000780,80,20221023-101947
0,0,경기76아4649,3,39,233000125,277103204,59,20221023-101947
0,0,경기76아4651,3,33,233000125,233001318,15,20221023-101947
0,0,경기76아4650,3,22,233000125,277103221,46,20221023-102004
0,0,경기76아1123,3,49,233000125,233002214,105,20221023-102004
0,0,경기76아4649,3,39,233000125,277103204,59,20221023-102004
0,0,경기76아1132,3,45,233000125,233000780,80,20221023-102004
0,0,경기76아4651,3,33,233000125,233001318,15,20221023-102004
0,0,경기76아4650,3,22,233000125,277103221,46,20221023-102019
0,0,경기76아1123,3,49,233000125,233002214,105,20221023-102019
0,0,경기76아4649,3,39,233000125,277103204,59,20221023-102019
0,0,경기76아4651,3,33,233000125,233001318,15,20221023-102019
0,0,경기76아1132,3,45,233000125,233000780,80,20221023-102019
0,0,경기76아4650,3,22,233000125,277103221,46,20221023-102034
0,0,경기76아1123,3,49,233000125,233002214,105,20221023-102034
0,0,경기76아4649,3,39,233000125,277103204,59,20221023-102034
0,0,경기76아4651,3,33,233000125,233000730,16,20221023-102034
0,0,경기76아1132,3,45,233000125,233000779,81,20221023-102034
0,0,경기76아4650,3,22,233000125,277103221,46,20221023-102049
0,0,경기76아1123,3,49,233000125,233002214,105,20221023-102049
0,0,경기76아4651,3,33,233000125,233000730,16,20221023-102049
0,0,경기76아4649,3,39,233000125,277103202,60,20221023-102049
0,0,경기76아1132,3,45,233000125,233000779,81,20221023-102049
0,0,경기76아4650,3,22,233000125,277103221,46,20221023-102104
0,0,경기76아1123,3,49,233000125,233002214,105,20221023-102104
0,0,경기76아4651,3,33,233000125,233000730,16,20221023-102104
0,0,경기76아1132,3,45,233000125,233000779,81,20221023-102104
0,0,경기76아4649,3,39,233000125,277103202,60,20221023-102104
0,0,경기76아4650,3,22,233000125,277103221,46,20221023-102119
0,0,경기76아1123,3,49,233000125,233002214,105,20221023-102119
0,0,경기76아4651,3,33,233000125,233000730,16,20221023-102119
0,0,경기76아4649,3,39,233000125,277103202,60,20221023-102119
0,0,경기76아1132,3,45,233000125,233000779,81,20221023-102119
0,0,경기76아4650,3,22,233000125,277103221,46,20221023-102134
0,0,경기76아1123,3,49,233000125,233002214,105,20221023-102134
0,0,경기76아1132,3,45,233000125,233000779,81,20221023-102134
0,0,경기76아4651,3,27,233000125,233000730,16,20221023-102134
0,0,경기76아4649,3,39,233000125,277103202,60,20221023-102134
0,0,경기76아4650,3,22,233000125,277103221,46,20221023-102149
0,0,경기76아1123,3,49,233000125,233002214,105,20221023-102149
0,0,경기76아1132,3,45,233000125,233000779,81,20221023-102149
0,0,경기76아4651,3,27,233000125,233000730,16,20221023-102149
0,0,경기76아4649,3,39,233000125,277103202,60,20221023-102149
0,0,경기76아4650,3,22,233000125,277103221,46,20221023-102204
0,0,경기76아1123,3,49,233000125,233002214,105,20221023-102204
0,0,경기76아4649,3,39,233000125,277103202,60,20221023-102204
0,0,경기76아1132,3,47,233000125,233000779,81,20221023-102204
0,0,경기76아4651,3,27,233000125,233000729,17,20221023-102204
0,0,경기76아4650,3,22,233000125,277103221,46,20221023-102219
0,0,경기76아1123,3,49,233000125,233002214,105,20221023-102219
0,0,경기76아4651,3,27,233000125,233000729,17,20221023-102219
0,0,경기76아1132,3,47,233000125,233000779,81,20221023-102219
0,0,경기76아4649,3,39,233000125,277103201,61,20221023-102219
0,0,경기76아4650,3,22,233000125,277103221,46,20221023-102234
0,0,경기76아1123,3,49,233000125,233002214,105,20221023-102234
0,0,경기76아4651,3,27,233000125,233000729,17,20221023-102234
0,0,경기76아1132,3,47,233000125,233000779,81,20221023-102234
0,0,경기76아4649,3,39,233000125,277103201,61,20221023-102234
0,0,경기76아4650,3,22,233000125,277103221,46,20221023-102249
0,0,경기76아1123,3,49,233000125,233002214,105,20221023-102249
0,0,경기76아4651,3,27,233000125,233000729,17,20221023-102249
0,0,경기76아4649,3,39,233000125,277103201,61,20221023-102249
0,0,경기76아1132,3,47,233000125,233000778,82,20221023-102249
0,0,경기76아4650,3,22,233000125,277103221,46,20221023-102303
0,0,경기76아1123,3,49,233000125,233002214,105,20221023-102303
0,0,경기76아4651,3,27,233000125,233000729,17,20221023-102303
0,0,경기76아1132,3,47,233000125,233000778,82,20221023-102303
0,0,경기76아4649,3,39,233000125,277103201,61,20221023-102303
0,0,경기76아4650,3,22,233000125,277103221,46,20221023-102318
0,0,경기76아1123,3,49,233000125,233002214,105,20221023-102318
0,0,경기76아4651,3,27,233000125,233000729,17,20221023-102318
0,0,경기76아4649,3,39,233000125,277103201,61,20221023-102318
0,0,경기76아1132,3,47,233000125,233000778,82,20221023-102318
0,0,경기76아4650,3,22,233000125,277103221,46,20221023-102334
0,0,경기76아1123,3,49,233000125,233002214,105,20221023-102334
0,0,경기76아4651,3,27,233000125,233000729,17,20221023-102334
0,0,경기76아1132,3,47,233000125,233000778,82,20221023-102334
0,0,경기76아4649,3,39,233000125,277103201,61,20221023-102334
0,0,경기76아4650,3,22,233000125,277103221,46,20221023-102348
0,0,경기76아1123,3,49,233000125,233002214,105,20221023-102348
0,0,경기76아4651,3,24,233000125,233000729,17,20221023-102348
0,0,경기76아1132,3,47,233000125,233000777,83,20221023-102348
0,0,경기76아4649,3,39,233000125,277103201,61,20221023-102348
0,0,경기76아4650,3,22,233000125,277103221,46,20221023-102403
0,0,경기76아1123,3,49,233000125,233002214,105,20221023-102403
0,0,경기76아4649,3,39,233000125,277103201,61,20221023-102403
0,0,경기76아4651,3,24,233000125,233000729,17,20221023-102403
0,0,경기76아1132,3,47,233000125,233000777,83,20221023-102403
0,0,경기76아4650,3,22,233000125,277103221,46,20221023-102418
0,0,경기76아1123,3,49,233000125,233002214,105,20221023-102418
0,0,경기76아4649,3,39,233000125,277103201,61,20221023-102418
0,0,경기76아4651,3,24,233000125,233000729,17,20221023-102418
0,0,경기76아1132,3,47,233000125,233000776,84,20221023-102418
0,0,경기76아4650,3,22,233000125,277103221,46,20221023-102433
0,0,경기76아1123,3,49,233000125,233002214,105,20221023-102433
0,0,경기76아4649,3,39,233000125,277103201,61,20221023-102433
0,0,경기76아1132,3,47,233000125,233000776,84,20221023-102433
0,0,경기76아4651,3,24,233000125,233000729,17,20221023-102433
0,0,경기76아4650,3,22,233000125,277103221,46,20221023-102448
0,0,경기76아1123,3,49,233000125,233002214,105,20221023-102448
0,0,경기76아4651,3,24,233000125,233000728,18,20221023-102448
0,0,경기76아4649,3,39,233000125,277103158,62,20221023-102448
0,0,경기76아1132,3,47,233000125,233000774,85,20221023-102448
0,0,경기76아4650,3,22,233000125,277103221,46,20221023-102503
0,0,경기76아1123,3,49,233000125,233002214,105,20221023-102503
0,0,경기76아4651,3,24,233000125,233000728,18,20221023-102503
0,0,경기76아4649,3,39,233000125,277103158,62,20221023-102503
0,0,경기76아1132,3,47,233000125,233000774,85,20221023-102503
0,0,경기76아4650,3,22,233000125,277103221,46,20221023-102518
0,0,경기76아1123,3,49,233000125,233002214,105,20221023-102518
0,0,경기76아4649,3,39,233000125,277103158,62,20221023-102518
0,0,경기76아4651,3,23,233000125,233000728,18,20221023-102518
0,0,경기76아1132,3,47,233000125,233000774,85,20221023-102518
0,0,경기76아4650,3,22,233000125,277103221,46,20221023-102533
0,0,경기76아1123,3,49,233000125,233002214,105,20221023-102533
0,0,경기76아4649,3,39,233000125,277103158,62,20221023-102533
0,0,경기76아1132,3,47,233000125,233000774,85,20221023-102533
0,0,경기76아4651,3,23,233000125,233001404,19,20221023-102533
0,0,경기76아4650,3,22,233000125,277103221,46,20221023-102548
0,0,경기76아1123,3,49,233000125,233002214,105,20221023-102548
0,0,경기76아4651,3,23,233000125,233001404,19,20221023-102548
0,0,경기76아4649,3,39,233000125,277103158,62,20221023-102548
0,0,경기76아1132,3,47,233000125,233000774,85,20221023-102548
0,0,경기76아4650,3,22,233000125,277103221,46,20221023-102602
0,0,경기76아1123,3,49,233000125,233002214,105,20221023-102602
0,0,경기76아1132,3,47,233000125,233000774,85,20221023-102602
0,0,경기76아4651,3,21,233000125,233001404,19,20221023-102602
0,0,경기76아4649,3,39,233000125,277103220,63,20221023-102602
0,0,경기76아4650,3,22,233000125,277103221,46,20221023-102617
0,0,경기76아1123,3,49,233000125,233002214,105,20221023-102617
0,0,경기76아1132,3,47,233000125,233000774,85,20221023-102617
0,0,경기76아4651,3,21,233000125,233000727,20,20221023-102617
0,0,경기76아4649,3,39,233000125,277103220,63,20221023-102617
0,0,경기76아4650,3,22,233000125,277103221,46,20221023-102632
0,0,경기76아1123,3,49,233000125,233002214,105,20221023-102632
0,0,경기76아4649,3,39,233000125,277103220,63,20221023-102632
0,0,경기76아1132,3,47,233000125,233000773,86,20221023-102632
0,0,경기76아4651,3,21,233000125,233000727,20,20221023-102632
0,0,경기76아4650,3,22,233000125,277103221,46,20221023-102647
0,0,경기76아1123,3,49,233000125,233002214,105,20221023-102647
0,0,경기76아4649,3,39,233000125,277103220,63,20221023-102647
0,0,경기76아1132,3,47,233000125,233003082,87,20221023-102647
0,0,경기76아4651,3,21,233000125,233000727,20,20221023-102647
0,0,경기76아4650,3,22,233000125,277103159,47,20221023-102704
0,0,경기76아1123,3,49,233000125,233002214,105,20221023-102704
0,0,경기76아4651,3,21,233000125,233000727,20,20221023-102704
0,0,경기76아4649,3,39,233000125,277103220,63,20221023-102704
0,0,경기76아1132,3,47,233000125,233003082,87,20221023-102704
0,0,경기76아4650,3,22,233000125,277103159,47,20221023-102719
0,0,경기76아1123,3,49,233000125,233002214,105,20221023-102719
0,0,경기76아4649,3,39,233000125,277103220,63,20221023-102719
0,0,경기76아4651,3,21,233000125,233000726,21,20221023-102719
0,0,경기76아1132,3,47,233000125,233003082,87,20221023-102719
0,0,경기76아4650,3,22,233000125,277103159,47,20221023-102734
0,0,경기76아1123,3,49,233000125,233002214,105,20221023-102734
0,0,경기76아1132,3,47,233000125,233003082,87,20221023-102734
0,0,경기76아4651,3,21,233000125,233000726,21,20221023-102734
0,0,경기76아4649,3,39,233000125,277103220,63,20221023-102734
0,0,경기76아4650,3,22,233000125,277103159,47,20221023-102749
0,0,경기76아1123,3,49,233000125,233002214,105,20221023-102749
0,0,경기76아1132,3,47,233000125,233003082,87,20221023-102749
0,0,경기76아4649,3,39,233000125,226000038,64,20221023-102749
0,0,경기76아4651,3,21,233000125,233000726,21,20221023-102749
0,0,경기76아4650,3,22,233000125,277103159,47,20221023-102804
0,0,경기76아1123,3,49,233000125,233002214,105,20221023-102804
0,0,경기76아1132,3,47,233000125,233003082,87,20221023-102804
0,0,경기76아4651,3,21,233000125,233000726,21,20221023-102804
0,0,경기76아4649,3,39,233000125,226000038,64,20221023-102804
0,0,경기76아4650,3,22,233000125,277103159,47,20221023-102819
0,0,경기76아1123,3,49,233000125,233002214,105,20221023-102819
0,0,경기76아1132,3,47,233000125,233003082,87,20221023-102819
0,0,경기76아4649,3,39,233000125,226000038,64,20221023-102819
0,0,경기76아4651,3,21,233000125,233000726,21,20221023-102819
0,0,경기76아4650,3,22,233000125,277103159,47,20221023-102834
0,0,경기76아1123,3,49,233000125,233002214,105,20221023-102834
0,0,경기76아1132,3,47,233000125,233003082,87,20221023-102834
0,0,경기76아4651,3,21,233000125,233000726,21,20221023-102834
0,0,경기76아4649,3,39,233000125,226000038,64,20221023-102834
0,0,경기76아4650,3,22,233000125,277103159,47,20221023-102849
0,0,경기76아1123,3,49,233000125,233002214,105,20221023-102849
0,0,경기76아1132,3,47,233000125,233003082,87,20221023-102849
0,0,경기76아4651,3,21,233000125,233000726,21,20221023-102849
0,0,경기76아4649,3,39,233000125,226000038,64,20221023-102849
0,0,경기76아4650,3,22,233000125,277103159,47,20221023-102904
0,0,경기76아1123,3,49,233000125,233002214,105,20221023-102904
0,0,경기76아1132,3,47,233000125,233003082,87,20221023-102904
0,0,경기76아4649,3,39,233000125,226000038,64,20221023-102904
0,0,경기76아4651,3,21,233000125,233000726,21,20221023-102904
0,0,경기76아4650,3,22,233000125,277103159,47,20221023-102919
0,0,경기76아1123,3,49,233000125,233002214,105,20221023-102919
0,0,경기76아1132,3,47,233000125,233003082,87,20221023-102919
0,0,경기76아4649,3,39,233000125,226000038,64,20221023-102919
0,0,경기76아4651,3,21,233000125,233000726,21,20221023-102919
0,0,경기76아4650,3,22,233000125,277103159,47,20221023-102934
0,0,경기76아1123,3,49,233000125,233002214,105,20221023-102934
0,0,경기76아4651,3,21,233000125,233000726,21,20221023-102934
0,0,경기76아1132,3,47,233000125,233000772,88,20221023-102934
0,0,경기76아4649,3,39,233000125,226000038,64,20221023-102934
0,0,경기76아4650,3,22,233000125,277103159,47,20221023-102949
0,0,경기76아1123,3,49,233000125,233002214,105,20221023-102949
0,0,경기76아4651,3,21,233000125,233000726,21,20221023-102949
0,0,경기76아1132,3,47,233000125,233000772,88,20221023-102949
0,0,경기76아4649,3,39,233000125,277103314,65,20221023-102949
0,0,경기76아4650,3,22,233000125,277103159,47,20221023-103006
0,0,경기76아1123,3,49,233000125,233002214,105,20221023-103006
0,0,경기76아4651,3,21,233000125,233000726,21,20221023-103006
0,0,경기76아4649,3,39,233000125,277103314,65,20221023-103006
0,0,경기76아1132,3,47,233000125,233000772,88,20221023-103006
0,0,경기76아4650,3,22,233000125,277103159,47,20221023-103019
0,0,경기76아1123,3,49,233000125,233002214,105,20221023-103019
0,0,경기76아4651,3,21,233000125,233000726,21,20221023-103019
0,0,경기76아4649,3,39,233000125,277103314,65,20221023-103019
0,0,경기76아1132,3,47,233000125,233000772,88,20221023-103019
0,0,경기76아4650,3,22,233000125,277103159,47,20221023-103033
0,0,경기76아1123,3,49,233000125,233002214,105,20221023-103033
0,0,경기76아4649,3,39,233000125,277103314,65,20221023-103033
0,0,경기76아4651,3,22,233000125,233000725,22,20221023-103033
0,0,경기76아1132,3,47,233000125,233000772,88,20221023-103033
0,0,경기76아4650,3,22,233000125,277103159,47,20221023-103048
0,0,경기76아1123,3,49,233000125,233002214,105,20221023-103048
0,0,경기76아4649,3,39,233000125,277103314,65,20221023-103048
0,0,경기76아1132,3,47,233000125,233000771,89,20221023-103048
0,0,경기76아4651,3,22,233000125,233002118,23,20221023-103048
0,0,경기76아4650,3,22,233000125,277103159,47,20221023-103103
0,0,경기76아1123,3,49,233000125,233002214,105,20221023-103103
0,0,경기76아4649,3,39,233000125,277103314,65,20221023-103103
0,0,경기76아4651,3,22,233000125,233002118,23,20221023-103103
0,0,경기76아1132,3,47,233000125,233000771,89,20221023-103103
0,0,경기76아4650,3,22,233000125,277103159,47,20221023-103118
0,0,경기76아1123,3,49,233000125,233002214,105,20221023-103118
0,0,경기76아4649,3,39,233000125,277103314,65,20221023-103118
0,0,경기76아1132,3,47,233000125,233000771,89,20221023-103118
0,0,경기76아4651,3,22,233000125,233002118,23,20221023-103118
0,0,경기76아4650,3,22,233000125,277103159,47,20221023-103133
0,0,경기76아1123,3,49,233000125,233002214,105,20221023-103133
0,0,경기76아4649,3,39,233000125,277103314,65,20221023-103133
0,0,경기76아4651,3,22,233000125,233002118,23,20221023-103133
0,0,경기76아1132,3,47,233000125,233000771,89,20221023-103133
0,0,경기76아4650,3,22,233000125,277103159,47,20221023-103148
0,0,경기76아1123,3,49,233000125,233002214,105,20221023-103148
0,0,경기76아4649,3,39,233000125,277103314,65,20221023-103148
0,0,경기76아1132,3,47,233000125,233000771,89,20221023-103148
0,0,경기76아4651,3,22,233000125,233002118,23,20221023-103148
0,0,경기76아4650,3,22,233000125,277103159,47,20221023-103203
0,0,경기76아1123,3,49,233000125,233002214,105,20221023-103203
0,0,경기76아4649,3,39,233000125,277103314,65,20221023-103203
0,0,경기76아4651,3,22,233000125,233000724,24,20221023-103203
0,0,경기76아1132,3,47,233000125,233000770,90,20221023-103203
0,0,경기76아4650,3,22,233000125,277103159,47,20221023-103218
0,0,경기76아1123,3,49,233000125,233002214,105,20221023-103218
0,0,경기76아4649,3,39,233000125,277103314,65,20221023-103218
0,0,경기76아1132,3,47,233000125,233000770,90,20221023-103218
0,0,경기76아4651,3,22,233000125,233000723,25,20221023-103218
0,0,경기76아4650,3,22,233000125,277103159,47,20221023-103233
0,0,경기76아1123,3,49,233000125,233002214,105,20221023-103233
0,0,경기76아4649,3,39,233000125,277103316,66,20221023-103233
0,0,경기76아1132,3,47,233000125,233000769,91,20221023-103233
0,0,경기76아4651,3,22,233000125,233000723,25,20221023-103233
0,0,경기76아4650,3,22,233000125,277103159,47,20221023-103248
0,0,경기76아1123,3,49,233000125,233002214,105,20221023-103248
0,0,경기76아4649,3,39,233000125,277103316,66,20221023-103248
0,0,경기76아1132,3,47,233000125,233000769,91,20221023-103248
0,0,경기76아4651,3,22,233000125,233000722,26,20221023-103248
0,0,경기76아4650,3,22,233000125,277103159,47,20221023-103303
0,0,경기76아1123,3,49,233000125,233002214,105,20221023-103303
0,0,경기76아4651,3,22,233000125,233000722,26,20221023-103303
0,0,경기76아4649,3,39,233000125,277103316,66,20221023-103303
0,0,경기76아1132,3,47,233000125,233000769,91,20221023-103303
0,0,경기76아4650,3,22,233000125,277103159,47,20221023-103318
0,0,경기76아4649,3,39,233000125,277103316,66,20221023-103318
0,0,경기76아4651,3,21,233000125,233000722,26,20221023-103318
0,0,경기76아1132,3,47,233000125,233000769,91,20221023-103318
0,0,경기76아4650,3,22,233000125,277103159,47,20221023-103333
0,0,경기76아4651,3,21,233000125,233000722,26,20221023-103333
0,0,경기76아4649,3,39,233000125,277103527,67,20221023-103333
0,0,경기76아1132,3,47,233000125,233000768,92,20221023-103333
0,0,경기76아4650,3,22,233000125,277103159,47,20221023-103348
0,0,경기76아4651,3,21,233000125,233000722,26,20221023-103348
0,0,경기76아1132,3,47,233000125,233000768,92,20221023-103348
0,0,경기76아4649,3,39,233000125,277103527,67,20221023-103348
0,0,경기76아4650,3,22,233000125,277103159,47,20221023-103402
0,0,경기76아1132,3,47,233000125,233000768,92,20221023-103402
0,0,경기76아4649,3,39,233000125,277103527,67,20221023-103402
0,0,경기76아4651,3,-1,233000125,233000721,27,20221023-103402
0,0,경기76아4650,3,22,233000125,277103159,47,20221023-103417
0,0,경기76아4649,3,39,233000125,277103527,67,20221023-103417
0,0,경기76아4651,3,21,233000125,233000721,27,20221023-103417
0,0,경기76아1132,3,48,233000125,233000768,92,20221023-103417
0,0,경기76아4650,3,22,233000125,277103159,47,20221023-103432
0,0,경기76아4649,3,39,233000125,277103527,67,20221023-103432
0,0,경기76아4651,3,21,233000125,233000721,27,20221023-103432
0,0,경기76아1132,3,48,233000125,233000768,92,20221023-103432
0,0,경기76아4650,3,22,233000125,277103159,47,20221023-103447
0,0,경기76아4651,3,21,233000125,233000721,27,20221023-103447
0,0,경기76아1132,3,48,233000125,233000768,92,20221023-103447
0,0,경기76아4649,3,39,233000125,277103527,67,20221023-103447
0,0,경기76아4650,3,22,233000125,277103159,47,20221023-103504
0,0,경기76아4651,3,21,233000125,233000721,27,20221023-103504
0,0,경기76아1132,3,48,233000125,233000768,92,20221023-103504
0,0,경기76아4649,3,39,233000125,277103527,67,20221023-103504
0,0,경기76아4650,3,22,233000125,277103200,48,20221023-103519
0,0,경기76아1132,3,48,233000125,233000768,92,20221023-103519
0,0,경기76아4649,3,39,233000125,277103527,67,20221023-103519
0,0,경기76아4651,3,21,233000125,233000721,27,20221023-103519
0,0,경기76아4650,3,22,233000125,277103200,48,20221023-103534
0,0,경기76아1132,3,48,233000125,233000768,92,20221023-103534
0,0,경기76아4649,3,39,233000125,277103527,67,20221023-103534
0,0,경기76아4651,3,21,233000125,233000721,27,20221023-103534
0,0,경기76아4650,3,22,233000125,277103200,48,20221023-103549
0,0,경기76아1132,3,48,233000125,233000768,92,20221023-103549
0,0,경기76아4649,3,39,233000125,277103527,67,20221023-103549
0,0,경기76아4651,3,21,233000125,233000720,28,20221023-103549
0,0,경기76아4650,3,22,233000125,277103200,48,20221023-103604
0,0,경기76아1132,3,48,233000125,233000768,92,20221023-103604
0,0,경기76아4649,3,39,233000125,277103519,68,20221023-103604
0,0,경기76아4651,3,21,233000125,233000720,28,20221023-103604
0,0,경기76아4650,3,22,233000125,277103200,48,20221023-103619
0,0,경기76아1132,3,48,233000125,233000768,92,20221023-103619
0,0,경기76아4651,3,21,233000125,233000720,28,20221023-103619
0,0,경기76아4649,3,39,233000125,277103519,68,20221023-103619
0,0,경기76아4650,3,22,233000125,277103200,48,20221023-103634
0,0,경기76아4651,3,21,233000125,233000720,28,20221023-103634
0,0,경기76아4649,3,39,233000125,277103519,68,20221023-103634
0,0,경기76아1132,3,48,233000125,233000768,92,20221023-103634
0,0,경기76아4650,3,22,233000125,277103200,48,20221023-103649
0,0,경기76아4649,3,39,233000125,277103519,68,20221023-103649
0,0,경기76아4651,3,21,233000125,233000720,28,20221023-103649
0,0,경기76아1132,3,48,233000125,233000768,92,20221023-103649
0,0,경기76아4650,3,22,233000125,277103200,48,20221023-103703
0,0,경기76아4651,3,21,233000125,233000720,28,20221023-103703
0,0,경기76아4649,3,39,233000125,277103519,68,20221023-103703
0,0,경기76아1132,3,48,233000125,233001749,93,20221023-103703
0,0,경기76아4650,3,22,233000125,277103200,48,20221023-103719
0,0,경기76아4651,3,21,233000125,233000720,28,20221023-103719
0,0,경기76아4649,3,39,233000125,277103519,68,20221023-103719
0,0,경기76아1132,3,48,233000125,233001749,93,20221023-103719
0,0,경기76아4650,3,22,233000125,277103203,49,20221023-103734
0,0,경기76아4649,3,39,233000125,277103519,68,20221023-103734
0,0,경기76아4651,3,22,233000125,233000719,29,20221023-103734
0,0,경기76아1132,3,48,233000125,233002159,94,20221023-103734
0,0,경기76아4650,3,22,233000125,277103203,49,20221023-103749
0,0,경기76아4651,3,22,233000125,233000719,29,20221023-103749
0,0,경기76아1132,3,48,233000125,233001828,95,20221023-103749
0,0,경기76아4649,3,39,233000125,233000781,69,20221023-103749
0,0,경기76아4650,3,22,233000125,277103203,49,20221023-103803
0,0,경기76아1132,3,48,233000125,233001828,95,20221023-103803
0,0,경기76아4651,3,22,233000125,233000719,29,20221023-103803
0,0,경기76아4649,3,39,233000125,233000781,69,20221023-103803
0,0,경기76아4650,3,22,233000125,277103203,49,20221023-103818
0,0,경기76아1132,3,48,233000125,233001828,95,20221023-103818
0,0,경기76아4651,3,22,233000125,233000719,29,20221023-103818
0,0,경기76아4649,3,39,233000125,233000781,69,20221023-103818
0,0,경기76아4650,3,22,233000125,277103203,49,20221023-103833
0,0,경기76아1132,3,48,233000125,233001828,95,20221023-103833
0,0,경기76아4649,3,39,233000125,233000781,69,20221023-103833
0,0,경기76아4651,3,22,233000125,233000718,30,20221023-103833
0,0,경기76아4650,3,22,233000125,277103203,49,20221023-103848
0,0,경기76아1132,3,48,233000125,233001828,95,20221023-103848
0,0,경기76아4651,3,22,233000125,233000718,30,20221023-103848
0,0,경기76아4649,3,39,233000125,233000849,70,20221023-103848
0,0,경기76아4650,3,22,233000125,277103203,49,20221023-103903
0,0,경기76아1132,3,48,233000125,233001828,95,20221023-103903
0,0,경기76아4651,3,22,233000125,233000718,30,20221023-103903
0,0,경기76아4649,3,39,233000125,233000848,71,20221023-103903
0,0,경기76아4650,3,22,233000125,277103205,50,20221023-103918
0,0,경기76아1132,3,48,233000125,233001828,95,20221023-103918
0,0,경기76아4649,3,39,233000125,233000848,71,20221023-103918
0,0,경기76아4651,3,22,233000125,233000718,30,20221023-103918
0,0,경기76아4650,3,22,233000125,277103205,50,20221023-103933
0,0,경기76아4649,3,39,233000125,233000848,71,20221023-103933
0,0,경기76아4651,3,22,233000125,233000842,31,20221023-103933
0,0,경기76아1132,3,48,233000125,233001828,95,20221023-103933
0,0,경기76아4650,3,22,233000125,277103205,50,20221023-103948
0,0,경기76아4651,3,22,233000125,233000842,31,20221023-103948
0,0,경기76아1132,3,48,233000125,233001435,96,20221023-103948
0,0,경기76아4649,3,39,233000125,233000847,72,20221023-103948
0,0,경기76아4650,3,22,233000125,277103205,50,20221023-104003
0,0,경기76아1132,3,48,233000125,233001435,96,20221023-104003
0,0,경기76아4649,3,39,233000125,233000847,72,20221023-104003
0,0,경기76아4651,3,24,233000125,233000842,31,20221023-104003
0,0,경기76아4650,3,22,233000125,277103205,50,20221023-104018
0,0,경기76아4651,3,24,233000125,233000842,31,20221023-104018
0,0,경기76아4649,3,40,233000125,233000847,72,20221023-104018
0,0,경기76아1132,3,49,233000125,233001435,96,20221023-104018
0,0,경기76아4650,3,22,233000125,277103205,50,20221023-104033
0,0,경기76아4652,3,45,233000125,233002226,1,20221023-104033
0,0,경기76아4651,3,24,233000125,233000842,31,20221023-104033
0,0,경기76아1132,3,49,233000125,233001435,96,20221023-104033
0,0,경기76아4649,3,40,233000125,233002174,73,20221023-104033
0,0,경기76아4652,3,45,233000125,233002226,1,20221023-104048
0,0,경기76아4650,3,22,233000125,277103205,50,20221023-104048
0,0,경기76아4649,3,40,233000125,233002174,73,20221023-104048
0,0,경기76아4651,3,24,233000125,233002149,32,20221023-104048
0,0,경기76아1132,3,49,233000125,233000208,97,20221023-104048
0,0,경기76아4652,3,45,233000125,233002226,1,20221023-104103
0,0,경기76아4650,3,22,233000125,277103205,50,20221023-104103
0,0,경기76아4651,3,24,233000125,233002149,32,20221023-104103
0,0,경기76아1132,3,49,233000125,233001043,98,20221023-104103
0,0,경기76아4649,3,40,233000125,233000055,74,20221023-104103
0,0,경기76아4650,3,22,233000125,277103205,50,20221023-104117
0,0,경기76아4652,3,45,233000125,233002226,1,20221023-104117
0,0,경기76아1132,3,49,233000125,233001043,98,20221023-104117
0,0,경기76아4651,3,22,233000125,233002149,32,20221023-104117
0,0,경기76아4649,3,40,233000125,233000846,75,20221023-104117
0,0,경기76아4650,3,22,233000125,277103205,50,20221023-104132
0,0,경기76아4652,3,45,233000125,277102459,2,20221023-104132
0,0,경기76아1132,3,49,233000125,233001043,98,20221023-104132
0,0,경기76아4651,3,22,233000125,233002149,32,20221023-104132
0,0,경기76아4649,3,40,233000125,233000845,76,20221023-104132
0,0,경기76아4650,3,22,233000125,277103205,50,20221023-104147
0,0,경기76아4652,3,45,233000125,277102459,2,20221023-104147
0,0,경기76아1132,3,49,233000125,233001043,98,20221023-104147
0,0,경기76아4649,3,40,233000125,233000845,76,20221023-104147
0,0,경기76아4651,3,22,233000125,233000717,33,20221023-104147
0,0,경기76아4652,3,45,233000125,277102459,2,20221023-104202
0,0,경기76아4650,3,22,233000125,277103903,51,20221023-104202
0,0,경기76아1132,3,49,233000125,233001043,98,20221023-104202
0,0,경기76아4651,3,22,233000125,233000717,33,20221023-104202
0,0,경기76아4649,3,40,233000125,233002150,77,20221023-104202
0,0,경기76아4650,3,22,233000125,277103903,51,20221023-104217
0,0,경기76아4652,3,45,233000125,277102459,2,20221023-104217
0,0,경기76아1132,3,49,233000125,233001043,98,20221023-104217
0,0,경기76아4649,3,40,233000125,233002150,77,20221023-104217
0,0,경기76아4651,3,21,233000125,233000717,33,20221023-104217
0,0,경기76아4652,3,45,233000125,277102459,2,20221023-104232
0,0,경기76아4650,3,22,233000125,120000671,52,20221023-104232
0,0,경기76아1132,3,49,233000125,233001043,98,20221023-104232
0,0,경기76아4649,3,40,233000125,233002150,77,20221023-104232
0,0,경기76아4651,3,21,233000125,233000716,34,20221023-104232
0,0,경기76아4650,3,22,233000125,120000671,52,20221023-104247
0,0,경기76아4652,3,45,233000125,233002221,3,20221023-104247
0,0,경기76아1132,3,49,233000125,233001043,98,20221023-104247
0,0,경기76아4649,3,40,233000125,233002150,77,20221023-104247
0,0,경기76아4651,3,21,233000125,233000059,35,20221023-104247
0,0,경기76아4652,3,45,233000125,233002221,3,20221023-104304
0,0,경기76아4650,3,22,233000125,277103902,53,20221023-104304
0,0,경기76아4649,3,40,233000125,233000844,78,20221023-104304
0,0,경기76아1132,3,49,233000125,233002130,99,20221023-104304
0,0,경기76아4651,3,21,233000125,233000891,36,20221023-104304
0,0,경기76아4652,3,45,233000125,233002221,3,20221023-104319
0,0,경기76아4650,3,22,233000125,277103902,53,20221023-104319
0,0,경기76아4651,3,21,233000125,233000891,36,20221023-104319
0,0,경기76아1132,3,49,233000125,233001042,100,20221023-104319
0,0,경기76아4649,3,40,233000125,233000844,78,20221023-104319
0,0,경기76아4652,3,45,233000125,233002221,3,20221023-104334
0,0,경기76아4650,3,22,233000125,277103902,53,20221023-104334
0,0,경기76아1132,3,49,233000125,233001042,100,20221023-104334
0,0,경기76아4649,3,40,233000125,233000844,78,20221023-104334
0,0,경기76아4651,3,18,233000125,233000891,36,20221023-104334
0,0,경기76아4652,3,45,233000125,233002221,3,20221023-104349
0,0,경기76아4650,3,22,233000125,277103902,53,20221023-104349
0,0,경기76아1132,3,49,233000125,233001042,100,20221023-104349
0,0,경기76아4651,3,18,233000125,233000891,36,20221023-104349
0,0,경기76아4649,3,40,233000125,233000844,78,20221023-104349
0,0,경기76아4650,3,22,233000125,277103902,53,20221023-104404
0,0,경기76아4652,3,44,233000125,233002224,4,20221023-104404
0,0,경기76아4649,3,40,233000125,233000844,78,20221023-104404
0,0,경기76아1132,3,49,233000125,233002296,101,20221023-104404
0,0,경기76아4651,3,18,233000125,233000715,37,20221023-104404
0,0,경기76아4650,3,22,233000125,277103902,53,20221023-104419
0,0,경기76아4652,3,44,233000125,233002224,4,20221023-104419
0,0,경기76아4651,3,18,233000125,233000715,37,20221023-104419
0,0,경기76아1132,3,49,233000125,233000207,102,20221023-104419
0,0,경기76아4649,3,40,233000125,233000843,79,20221023-104419
0,0,경기76아4650,3,22,233000125,277103902,53,20221023-104434
0,0,경기76아4652,3,44,233000125,233002224,4,20221023-104434
0,0,경기76아4649,3,40,233000125,233000843,79,20221023-104434
0,0,경기76아1132,3,49,233000125,233000207,102,20221023-104434
0,0,경기76아4651,3,17,233000125,233000715,37,20221023-104434
0,0,경기76아4650,3,22,233000125,277103902,53,20221023-104449
0,0,경기76아4652,3,44,233000125,233002225,5,20221023-104449
0,0,경기76아4651,3,17,233000125,233000715,37,20221023-104449
0,0,경기76아4649,3,40,233000125,233000780,80,20221023-104449
0,0,경기76아1132,3,49,233000125,233002216,103,20221023-104449
0,0,경기76아4652,3,44,233000125,233002225,5,20221023-104504
0,0,경기76아4650,3,45,233000125,121001315,54,20221023-104504
0,0,경기76아4651,3,17,233000125,233000715,37,20221023-104504
0,0,경기76아1132,3,49,233000125,233002216,103,20221023-104504
0,0,경기76아4649,3,40,233000125,233000780,80,20221023-104504
0,0,경기76아4650,3,45,233000125,121001315,54,20221023-104519
0,0,경기76아4652,3,44,233000125,233002225,5,20221023-104519
0,0,경기76아1132,3,49,233000125,233002216,103,20221023-104519
0,0,경기76아4649,3,40,233000125,233000780,80,20221023-104519
0,0,경기76아4651,3,17,233000125,233000714,38,20221023-104519
0,0,경기76아4650,3,45,233000125,121001315,54,20221023-104533
0,0,경기76아4652,3,44,233000125,233002225,5,20221023-104533
0,0,경기76아4649,3,40,233000125,233000780,80,20221023-104533
0,0,경기76아4651,3,17,233000125,233000713,39,20221023-104533
0,0,경기76아1132,3,49,233000125,233002223,104,20221023-104533
0,0,경기76아4650,3,45,233000125,121001315,54,20221023-104549
0,0,경기76아4652,3,44,233000125,233002225,5,20221023-104549
0,0,경기76아1132,3,49,233000125,233002223,104,20221023-104549
0,0,경기76아4651,3,17,233000125,233000713,39,20221023-104549
0,0,경기76아4649,3,40,233000125,233000779,81,20221023-104549
0,0,경기76아4650,3,45,233000125,121001315,54,20221023-104603
0,0,경기76아4652,3,44,233000125,233002225,5,20221023-104603
0,0,경기76아1132,3,49,233000125,233002223,104,20221023-104603
0,0,경기76아4651,3,17,233000125,233000713,39,20221023-104603
0,0,경기76아4649,3,40,233000125,233000779,81,20221023-104603
0,0,경기76아4650,3,45,233000125,121001315,54,20221023-104618
0,0,경기76아4652,3,44,233000125,233002295,6,20221023-104618
0,0,경기76아4649,3,40,233000125,233000779,81,20221023-104618
0,0,경기76아1132,3,49,233000125,233002223,104,20221023-104618
0,0,경기76아4651,3,17,233000125,233000713,39,20221023-104618
0,0,경기76아4652,3,44,233000125,233002295,6,20221023-104633
0,0,경기76아4650,3,45,233000125,277101688,55,20221023-104633
0,0,경기76아4649,3,40,233000125,233000779,81,20221023-104633
0,0,경기76아4651,3,17,233000125,233000712,40,20221023-104633
0,0,경기76아1132,3,49,233000125,233002214,105,20221023-104633
0,0,경기76아4652,3,44,233000125,233002295,6,20221023-104648
0,0,경기76아4650,3,45,233000125,277101688,55,20221023-104648
0,0,경기76아4649,3,40,233000125,233000779,81,20221023-104648
0,0,경기76아4651,3,17,233000125,233000712,40,20221023-104648
0,0,경기76아1132,3,49,233000125,233002214,105,20221023-104648
0,0,경기76아4652,3,44,233000125,233002295,6,20221023-104703
0,0,경기76아4650,3,45,233000125,277101688,55,20221023-104703
0,0,경기76아4649,3,40,233000125,233000779,81,20221023-104703
0,0,경기76아4651,3,17,233000125,233000712,40,20221023-104703
0,0,경기76아1132,3,49,233000125,233002214,105,20221023-104703
0,0,경기76아4652,3,44,233000125,233002295,6,20221023-104718
0,0,경기76아4650,3,45,233000125,277101688,55,20221023-104718
0,0,경기76아4649,3,40,233000125,233000779,81,20221023-104718
0,0,경기76아4651,3,17,233000125,233000712,40,20221023-104718
0,0,경기76아1132,3,49,233000125,233002214,105,20221023-104718
0,0,경기76아4650,3,45,233000125,277101688,55,20221023-104733
0,0,경기76아4652,3,44,233000125,233002295,6,20221023-104733
0,0,경기76아4649,3,40,233000125,233000779,81,20221023-104733
0,0,경기76아4651,3,17,233000125,233000712,40,20221023-104733
0,0,경기76아1132,3,49,233000125,233002214,105,20221023-104733
0,0,경기76아4650,3,45,233000125,277101688,55,20221023-104748
0,0,경기76아4652,3,44,233000125,233001041,7,20221023-104748
0,0,경기76아4651,3,17,233000125,233000712,40,20221023-104748
0,0,경기76아1132,3,49,233000125,233002214,105,20221023-104748
0,0,경기76아4649,3,40,233000125,233000779,81,20221023-104748
0,0,경기76아4650,3,45,233000125,277101688,55,20221023-104803
0,0,경기76아4652,3,44,233000125,233001041,7,20221023-104803
0,0,경기76아4651,3,17,233000125,233000712,40,20221023-104803
0,0,경기76아4649,3,40,233000125,233000779,81,20221023-104803
0,0,경기76아1132,3,49,233000125,233002214,105,20221023-104803
0,0,경기76아4650,3,45,233000125,277101688,55,20221023-104818
0,0,경기76아4652,3,44,233000125,233002131,8,20221023-104818
0,0,경기76아4651,3,17,233000125,233000712,40,20221023-104818
0,0,경기76아4649,3,40,233000125,233000779,81,20221023-104818
0,0,경기76아4650,3,45,233000125,277101688,55,20221023-104833
0,0,경기76아4652,3,44,233000125,233002131,8,20221023-104833
0,0,경기76아4651,3,17,233000125,233000712,40,20221023-104833
0,0,경기76아4649,3,40,233000125,233000778,82,20221023-104833
0,0,경기76아4650,3,45,233000125,277101688,55,20221023-104848
0,0,경기76아4652,3,44,233000125,233002131,8,20221023-104848
0,0,경기76아4651,3,17,233000125,233000712,40,20221023-104848
0,0,경기76아4649,3,40,233000125,233000778,82,20221023-104848
0,0,경기76아4650,3,45,233000125,277101688,55,20221023-104902
0,0,경기76아4652,3,44,233000125,233000148,9,20221023-104902
0,0,경기76아4651,3,17,233000125,233000712,40,20221023-104902
0,0,경기76아4649,3,40,233000125,233000778,82,20221023-104902
0,0,경기76아4650,3,45,233000125,277101688,55,20221023-104917
0,0,경기76아4652,3,44,233000125,233000148,9,20221023-104917
0,0,경기76아4649,3,40,233000125,233000778,82,20221023-104917
0,0,경기76아4651,3,17,233000125,233000712,40,20221023-104917
0,0,경기76아4650,3,45,233000125,277101688,55,20221023-104932
0,0,경기76아4652,3,44,233000125,233000148,9,20221023-104932
0,0,경기76아4651,3,17,233000125,233000712,40,20221023-104932
0,0,경기76아4649,3,40,233000125,233000777,83,20221023-104932
0,0,경기76아4650,3,45,233000125,277101688,55,20221023-104947
0,0,경기76아4652,3,44,233000125,233000148,9,20221023-104947
0,0,경기76아4651,3,17,233000125,233000712,40,20221023-104947
0,0,경기76아4649,3,40,233000125,233000777,83,20221023-104947
0,0,경기76아4652,3,44,233000125,233000191,10,20221023-105004
0,0,경기76아4650,3,45,233000125,119900083,56,20221023-105004
0,0,경기76아4649,3,40,233000125,233000776,84,20221023-105004
0,0,경기76아4651,3,17,233000125,233000712,40,20221023-105004
0,0,경기76아4652,3,44,233000125,233000191,10,20221023-105019
0,0,경기76아4650,3,45,233000125,119900083,56,20221023-105019
0,0,경기76아4651,3,17,233000125,233000712,40,20221023-105019
0,0,경기76아4649,3,40,233000125,233000776,84,20221023-105019
0,0,경기76아4652,3,44,233000125,233000191,10,20221023-105034
0,0,경기76아4650,3,45,233000125,119900083,56,20221023-105034
0,0,경기76아4651,3,17,233000125,233000712,40,20221023-105034
0,0,경기76아4649,3,40,233000125,233000774,85,20221023-105034
0,0,경기76아4652,3,44,233000125,233000191,10,20221023-105049
0,0,경기76아4650,3,45,233000125,119900083,56,20221023-105049
0,0,경기76아4651,3,17,233000125,233000712,40,20221023-105049
0,0,경기76아4649,3,40,233000125,233000774,85,20221023-105049
0,0,경기76아4652,3,44,233000125,233000191,10,20221023-105104
0,0,경기76아4650,3,45,233000125,119900083,56,20221023-105104
0,0,경기76아4649,3,40,233000125,233000774,85,20221023-105104
0,0,경기76아4651,3,17,233000125,233000712,40,20221023-105104
0,0,경기76아4652,3,44,233000125,233000191,10,20221023-105119
0,0,경기76아4650,3,36,233000125,119900083,56,20221023-105119
0,0,경기76아4649,3,40,233000125,233000774,85,20221023-105119
0,0,경기76아4651,3,17,233000125,277103520,41,20221023-105119
0,0,경기76아4652,3,44,233000125,233000191,10,20221023-105134
0,0,경기76아4650,3,36,233000125,119900083,56,20221023-105134
0,0,경기76아4649,3,40,233000125,233000774,85,20221023-105134
0,0,경기76아4651,3,17,233000125,277103520,41,20221023-105134
0,0,경기76아4650,3,36,233000125,119900083,56,20221023-105149
0,0,경기76아4652,3,39,233000125,233000191,10,20221023-105149
0,0,경기76아4651,3,17,233000125,277103520,41,20221023-105149
0,0,경기76아4649,3,40,233000125,233000774,85,20221023-105149
0,0,경기76아4650,3,36,233000125,119900083,56,20221023-105204
0,0,경기76아4652,3,39,233000125,233000190,11,20221023-105204
0,0,경기76아4651,3,17,233000125,277103520,41,20221023-105204
0,0,경기76아4649,3,40,233000125,233000773,86,20221023-105204
0,0,경기76아4650,3,36,233000125,119900083,56,20221023-105219
0,0,경기76아4652,3,39,233000125,233000190,11,20221023-105219
0,0,경기76아4651,3,17,233000125,277103520,41,20221023-105219
0,0,경기76아4649,3,40,233000125,233000773,86,20221023-105219
0,0,경기76아4650,3,36,233000125,119900083,56,20221023-105234
0,0,경기76아4652,3,39,233000125,233000190,11,20221023-105234
0,0,경기76아4651,3,17,233000125,277103520,41,20221023-105234
0,0,경기76아4649,3,40,233000125,233003082,87,20221023-105234
0,0,경기76아4650,3,36,233000125,119900083,56,20221023-105249
0,0,경기76아4652,3,39,233000125,233000190,11,20221023-105249
0,0,경기76아4651,3,17,233000125,277103520,41,20221023-105249
0,0,경기76아4649,3,40,233000125,233003082,87,20221023-105249
0,0,경기76아4650,3,36,233000125,119900083,56,20221023-105304
0,0,경기76아4652,3,39,233000125,233000190,11,20221023-105304
0,0,경기76아4649,3,40,233000125,233003082,87,20221023-105304
0,0,경기76아4651,3,17,233000125,277103520,41,20221023-105304
0,0,경기76아4650,3,36,233000125,119900083,56,20221023-105319
0,0,경기76아4652,3,39,233000125,233000190,11,20221023-105319
0,0,경기76아4651,3,17,233000125,277103520,41,20221023-105319
0,0,경기76아4649,3,40,233000125,233003082,87,20221023-105319
0,0,경기76아4650,3,36,233000125,119900083,56,20221023-105333
0,0,경기76아4652,3,39,233000125,233000190,11,20221023-105333
0,0,경기76아4649,3,40,233000125,233003082,87,20221023-105333
0,0,경기76아4651,3,17,233000125,277103520,41,20221023-105333
0,0,경기76아4650,3,36,233000125,119900083,56,20221023-105349
0,0,경기76아4652,3,39,233000125,233000189,12,20221023-105349
0,0,경기76아4649,3,40,233000125,233003082,87,20221023-105349
0,0,경기76아4651,3,17,233000125,277103520,41,20221023-105349
0,0,경기76아4650,3,36,233000125,119900083,56,20221023-105403
0,0,경기76아4652,3,39,233000125,233000189,12,20221023-105403
0,0,경기76아4649,3,40,233000125,233003082,87,20221023-105403
0,0,경기76아4651,3,17,233000125,277103528,42,20221023-105403
0,0,경기76아4650,3,36,233000125,119900083,56,20221023-105418
0,0,경기76아4652,3,39,233000125,233000189,12,20221023-105418
0,0,경기76아4649,3,40,233000125,233003082,87,20221023-105418
0,0,경기76아4651,3,17,233000125,277103528,42,20221023-105418
0,0,경기76아4650,3,36,233000125,119900083,56,20221023-105433
0,0,경기76아4652,3,39,233000125,233001943,13,20221023-105433
0,0,경기76아4649,3,40,233000125,233000772,88,20221023-105433
0,0,경기76아4651,3,17,233000125,277103528,42,20221023-105433
0,0,경기76아4652,3,39,233000125,233001943,13,20221023-105448
0,0,경기76아4650,3,36,233000125,277103902,53,20221023-105448
0,0,경기76아4651,3,17,233000125,277103528,42,20221023-105448
0,0,경기76아4649,3,40,233000125,233000772,88,20221023-105448
0,0,경기76아4650,3,36,233000125,277102049,57,20221023-105503
0,0,경기76아4652,3,38,233000125,233001943,13,20221023-105503
0,0,경기76아4651,3,17,233000125,277103528,42,20221023-105503
0,0,경기76아4649,3,40,233000125,233000772,88,20221023-105503
0,0,경기76아4650,3,36,233000125,277102049,57,20221023-105518
0,0,경기76아4652,3,38,233000125,233001943,13,20221023-105518
0,0,경기76아4649,3,40,233000125,233000772,88,20221023-105518
0,0,경기76아4651,3,17,233000125,277103317,43,20221023-105518
0,0,경기76아4650,3,36,233000125,277102049,57,20221023-105533
0,0,경기76아4652,3,38,233000125,233001943,13,20221023-105533
0,0,경기76아4649,3,40,233000125,233000772,88,20221023-105533
0,0,경기76아4651,3,17,233000125,277103317,43,20221023-105533
0,0,경기76아4650,3,36,233000125,277102049,57,20221023-105548
0,0,경기76아4652,3,38,233000125,233001943,13,20221023-105548
0,0,경기76아4651,3,17,233000125,277103317,43,20221023-105548
0,0,경기76아4649,3,40,233000125,233000771,89,20221023-105548
0,0,경기76아4650,3,36,233000125,277102049,57,20221023-105603
0,0,경기76아4652,3,38,233000125,233001943,13,20221023-105603
0,0,경기76아4651,3,17,233000125,277103317,43,20221023-105603
0,0,경기76아4649,3,40,233000125,233000771,89,20221023-105603
0,0,경기76아4650,3,36,233000125,277102049,57,20221023-105618
0,0,경기76아4652,3,38,233000125,233001943,13,20221023-105618
0,0,경기76아4651,3,17,233000125,277103317,43,20221023-105618
0,0,경기76아4649,3,40,233000125,233000770,90,20221023-105618
0,0,경기76아4650,3,36,233000125,277102049,57,20221023-105633
0,0,경기76아4652,3,38,233000125,233001943,13,20221023-105633
0,0,경기76아4651,3,17,233000125,277103317,43,20221023-105633
0,0,경기76아4649,3,40,233000125,233000770,90,20221023-105633
0,0,경기76아4650,3,36,233000125,277102049,57,20221023-105648
0,0,경기76아4652,3,38,233000125,233001943,13,20221023-105648
0,0,경기76아4651,3,17,233000125,277103317,43,20221023-105648
0,0,경기76아4649,3,40,233000125,233000770,90,20221023-105648
0,0,경기76아4650,3,36,233000125,277102049,57,20221023-105702
0,0,경기76아4652,3,38,233000125,233000188,14,20221023-105702
0,0,경기76아4651,3,17,233000125,277103317,43,20221023-105702
0,0,경기76아4649,3,40,233000125,233000770,90,20221023-105702
0,0,경기76아4650,3,36,233000125,277102049,57,20221023-105717
0,0,경기76아4652,3,38,233000125,233000188,14,20221023-105717
0,0,경기76아4651,3,17,233000125,277103317,43,20221023-105717
0,0,경기76아4649,3,40,233000125,233000770,90,20221023-105717
0,0,경기76아4652,3,36,233000125,233000188,14,20221023-105732
0,0,경기76아4650,3,36,233000125,277102291,58,20221023-105732
0,0,경기76아4649,3,40,233000125,233000770,90,20221023-105732
0,0,경기76아4651,3,17,233000125,277103317,43,20221023-105732
0,0,경기76아4650,3,36,233000125,277102291,58,20221023-105747
0,0,경기76아4652,3,36,233000125,233001318,15,20221023-105747
0,0,경기76아4649,3,40,233000125,233000769,91,20221023-105747
0,0,경기76아4651,3,17,233000125,277103317,43,20221023-105747
0,0,경기76아4650,3,36,233000125,277102291,58,20221023-105804
0,0,경기76아4652,3,36,233000125,233001318,15,20221023-105804
0,0,경기76아4651,3,17,233000125,277103315,44,20221023-105804
0,0,경기76아4649,3,40,233000125,233000769,91,20221023-105804
0,0,경기76아4650,3,36,233000125,277102291,58,20221023-105819
0,0,경기76아4652,3,35,233000125,233001318,15,20221023-105819
0,0,경기76아4651,3,17,233000125,277103315,44,20221023-105819
0,0,경기76아4649,3,40,233000125,233000769,91,20221023-105819
0,0,경기76아4650,3,36,233000125,277102291,58,20221023-105834
0,0,경기76아4652,3,35,233000125,233001318,15,20221023-105834
0,0,경기76아4649,3,40,233000125,233000768,92,20221023-105834
0,0,경기76아4651,3,17,233000125,277103315,44,20221023-105834
0,0,경기76아4652,3,35,233000125,233001318,15,20221023-105849
0,0,경기76아4650,3,36,233000125,277102291,58,20221023-105849
0,0,경기76아4649,3,40,233000125,233000768,92,20221023-105849
0,0,경기76아4651,3,17,233000125,277103315,44,20221023-105849
0,0,경기76아4652,3,35,233000125,233001318,15,20221023-105904
0,0,경기76아4650,3,36,233000125,277102291,58,20221023-105904
0,0,경기76아4649,3,40,233000125,233000768,92,20221023-105904
0,0,경기76아4651,3,17,233000125,277103315,44,20221023-105904
0,0,경기76아4652,3,35,233000125,233001318,15,20221023-105919
0,0,경기76아4650,3,36,233000125,277102291,58,20221023-105919
0,0,경기76아4651,3,17,233000125,277103315,44,20221023-105919
0,0,경기76아4649,3,43,233000125,233000768,92,20221023-105919
0,0,경기76아4652,3,35,233000125,233001318,15,20221023-105934
0,0,경기76아4650,3,36,233000125,277102291,58,20221023-105934
0,0,경기76아4649,3,43,233000125,233000768,92,20221023-105934
0,0,경기76아4651,3,17,233000125,277103315,44,20221023-105934
0,0,경기76아4650,3,36,233000125,277102291,58,20221023-105949
0,0,경기76아4652,3,35,233000125,233001318,15,20221023-105949
0,0,경기76아4651,3,17,233000125,226000039,45,20221023-105949
0,0,경기76아4649,3,43,233000125,233000768,92,20221023-105949
0,0,경기76아4650,3,36,233000125,277102291,58,20221023-110004
0,0,경기76아4652,3,35,233000125,233001318,15,20221023-110004
0,0,경기76아4651,3,17,233000125,226000039,45,20221023-110004
0,0,경기76아4649,3,43,233000125,233001749,93,20221023-110004
0,0,경기76아4650,3,36,233000125,277103204,59,20221023-110019
0,0,경기76아4652,3,35,233000125,233000730,16,20221023-110019
0,0,경기76아4651,3,17,233000125,226000039,45,20221023-110019
0,0,경기76아4649,3,43,233000125,233001749,93,20221023-110019
0,0,경기76아4652,3,35,233000125,233000730,16,20221023-110034
0,0,경기76아4650,3,36,233000125,277103204,59,20221023-110034
0,0,경기76아4649,3,43,233000125,233002159,94,20221023-110034
0,0,경기76아4651,3,16,233000125,226000039,45,20221023-110034
0,0,경기76아4652,3,35,233000125,233000730,16,20221023-110049
0,0,경기76아4650,3,36,233000125,277103204,59,20221023-110049
0,0,경기76아4649,3,43,233000125,233002159,94,20221023-110049
0,0,경기76아4651,3,16,233000125,226000039,45,20221023-110049
0,0,경기76아4652,3,35,233000125,233000730,16,20221023-110103
0,0,경기76아4650,3,36,233000125,277103204,59,20221023-110103
0,0,경기76아4649,3,43,233000125,233002159,94,20221023-110103
0,0,경기76아4651,3,16,233000125,226000039,45,20221023-110103
0,0,경기76아4650,3,36,233000125,277103204,59,20221023-110118
0,0,경기76아4652,3,29,233000125,233000730,16,20221023-110118
0,0,경기76아4649,3,43,233000125,233002159,94,20221023-110118
0,0,경기76아4651,3,16,233000125,226000039,45,20221023-110118
0,0,경기76아4652,3,29,233000125,233000730,16,20221023-110133
0,0,경기76아4650,3,36,233000125,277103204,59,20221023-110133
0,0,경기76아4651,3,16,233000125,226000039,45,20221023-110133
0,0,경기76아4649,3,44,233000125,233002159,94,20221023-110133
0,0,경기76아4652,3,29,233000125,233000729,17,20221023-110148
0,0,경기76아4650,3,36,233000125,277103202,60,20221023-110148
0,0,경기76아4649,3,44,233000125,233002159,94,20221023-110148
0,0,경기76아4651,3,16,233000125,226000039,45,20221023-110148
0,0,경기76아4652,3,29,233000125,233000729,17,20221023-110203
0,0,경기76아4650,3,36,233000125,277103202,60,20221023-110203
0,0,경기76아4649,3,44,233000125,233002159,94,20221023-110203
0,0,경기76아4651,3,16,233000125,277103221,46,20221023-110203
0,0,경기76아4652,3,29,233000125,233000729,17,20221023-110218
0,0,경기76아4650,3,36,233000125,277103202,60,20221023-110218
0,0,경기76아4649,3,44,233000125,233002159,94,20221023-110218
0,0,경기76아4651,3,16,233000125,277103221,46,20221023-110218
0,0,경기76아4652,3,29,233000125,233000729,17,20221023-110233
0,0,경기76아4650,3,36,233000125,277103202,60,20221023-110233
0,0,경기76아4651,3,16,233000125,277103221,46,20221023-110233
0,0,경기76아4649,3,44,233000125,233002159,94,20221023-110233
0,0,경기76아4652,3,29,233000125,233000729,17,20221023-110248
0,0,경기76아4650,3,36,233000125,277103202,60,20221023-110248
0,0,경기76아4651,3,16,233000125,277103221,46,20221023-110248
0,0,경기76아4649,3,44,233000125,233001828,95,20221023-110248
0,0,경기76아4652,3,29,233000125,233000729,17,20221023-110303
0,0,경기76아4650,3,36,233000125,277103201,61,20221023-110303
0,0,경기76아4651,3,16,233000125,277103221,46,20221023-110303
0,0,경기76아4649,3,44,233000125,233001828,95,20221023-110303
0,0,경기76아4652,3,29,233000125,233000729,17,20221023-110318
0,0,경기76아4650,3,36,233000125,277103201,61,20221023-110318
0,0,경기76아4649,3,44,233000125,233001828,95,20221023-110318
0,0,경기76아4651,3,16,233000125,277103221,46,20221023-110318
0,0,경기76아4650,3,36,233000125,277103201,61,20221023-110333
0,0,경기76아4652,3,29,233000125,233000729,17,20221023-110333
0,0,경기76아4649,3,44,233000125,233001828,95,20221023-110333
0,0,경기76아4651,3,16,233000125,277103221,46,20221023-110333
0,0,경기76아4650,3,36,233000125,277103201,61,20221023-110348
0,0,경기76아4652,3,29,233000125,233000729,17,20221023-110348
0,0,경기76아4649,3,44,233000125,233001828,95,20221023-110348
0,0,경기76아4651,3,16,233000125,277103221,46,20221023-110348
0,0,경기76아4650,3,36,233000125,277103201,61,20221023-110403
0,0,경기76아4652,3,29,233000125,233000729,17,20221023-110403
0,0,경기76아4649,3,44,233000125,233001828,95,20221023-110403
0,0,경기76아4651,3,16,233000125,277103221,46,20221023-110403
0,0,경기76아4652,3,29,233000125,233000729,17,20221023-110417
0,0,경기76아4650,3,36,233000125,277103201,61,20221023-110417
0,0,경기76아4649,3,44,233000125,233001828,95,20221023-110417
0,0,경기76아4651,3,16,233000125,277103221,46,20221023-110417
0,0,경기76아4650,3,36,233000125,277103201,61,20221023-110433
0,0,경기76아4652,3,29,233000125,233000729,17,20221023-110433
0,0,경기76아4649,3,44,233000125,233001828,95,20221023-110433
0,0,경기76아4651,3,16,233000125,277103221,46,20221023-110433
0,0,경기76아4650,3,36,233000125,277103201,61,20221023-110447
0,0,경기76아4652,3,29,233000125,233000728,18,20221023-110447
0,0,경기76아4649,3,44,233000125,233001828,95,20221023-110447
0,0,경기76아4651,3,16,233000125,277103221,46,20221023-110447
0,0,경기76아4650,3,36,233000125,277103201,61,20221023-110502
0,0,경기76아4652,3,29,233000125,233000728,18,20221023-110502
0,0,경기76아4651,3,16,233000125,277103221,46,20221023-110502
0,0,경기76아4649,3,44,233000125,233001828,95,20221023-110502
0,0,경기76아4650,3,36,233000125,277103201,61,20221023-110517
0,0,경기76아4652,3,29,233000125,233000728,18,20221023-110517
0,0,경기76아4651,3,16,233000125,277103221,46,20221023-110517
0,0,경기76아4649,3,44,233000125,233001828,95,20221023-110517
0,0,경기76아4652,3,27,233000125,233000728,18,20221023-110532
0,0,경기76아4650,3,36,233000125,277103158,62,20221023-110532
0,0,경기76아4651,3,16,233000125,277103221,46,20221023-110532
0,0,경기76아4649,3,44,233000125,233001435,96,20221023-110532
0,0,경기76아4652,3,27,233000125,233000728,18,20221023-110547
0,0,경기76아4650,3,36,233000125,277103158,62,20221023-110547
0,0,경기76아4651,3,16,233000125,277103221,46,20221023-110547
0,0,경기76아4649,3,44,233000125,233001435,96,20221023-110547
0,0,경기76아4652,3,27,233000125,233000728,18,20221023-110604
0,0,경기76아4650,3,36,233000125,277103158,62,20221023-110604
0,0,경기76아4651,3,16,233000125,277103221,46,20221023-110604
0,0,경기76아4649,3,44,233000125,233000208,97,20221023-110604
0,0,경기76아4652,3,27,233000125,233000728,18,20221023-110619
0,0,경기76아4650,3,36,233000125,277103158,62,20221023-110619
0,0,경기76아4651,3,16,233000125,277103221,46,20221023-110619
0,0,경기76아4649,3,44,233000125,233000208,97,20221023-110619
0,0,경기76아4652,3,27,233000125,233000728,18,20221023-110634
0,0,경기76아4650,3,36,233000125,277103158,62,20221023-110634
0,0,경기76아4651,3,16,233000125,277103221,46,20221023-110634
0,0,경기76아4649,3,44,233000125,233001043,98,20221023-110634
0,0,경기76아4652,3,27,233000125,233000728,18,20221023-110649
0,0,경기76아4650,3,36,233000125,277103220,63,20221023-110649
0,0,경기76아4651,3,16,233000125,277103221,46,20221023-110649
0,0,경기76아4649,3,44,233000125,233001043,98,20221023-110649
0,0,경기76아4652,3,27,233000125,233000728,18,20221023-110704
0,0,경기76아4650,3,36,233000125,277103220,63,20221023-110704
0,0,경기76아4651,3,16,233000125,277103221,46,20221023-110704
0,0,경기76아4649,3,44,233000125,233001043,98,20221023-110704
0,0,경기76아4652,3,27,233000125,233000728,18,20221023-110719
0,0,경기76아4650,3,36,233000125,277103220,63,20221023-110719
0,0,경기76아4651,3,16,233000125,277103221,46,20221023-110719
0,0,경기76아4649,3,44,233000125,233001043,98,20221023-110719
0,0,경기76아4650,3,36,233000125,277103220,63,20221023-110734
0,0,경기76아4652,3,27,233000125,233000728,18,20221023-110734
0,0,경기76아4651,3,16,233000125,277103221,46,20221023-110734
0,0,경기76아4649,3,44,233000125,233001043,98,20221023-110734
0,0,경기76아4650,3,36,233000125,277103220,63,20221023-110749
0,0,경기76아4652,3,27,233000125,233001404,19,20221023-110749
0,0,경기76아4651,3,16,233000125,277103221,46,20221023-110749
0,0,경기76아4649,3,44,233000125,233001043,98,20221023-110749
0,0,경기76아4650,3,36,233000125,277103220,63,20221023-110803
0,0,경기76아4652,3,27,233000125,233000727,20,20221023-110803
0,0,경기76아4651,3,16,233000125,277103221,46,20221023-110803
0,0,경기76아4649,3,44,233000125,233001043,98,20221023-110803
0,0,경기76아4652,3,27,233000125,233000727,20,20221023-110818
0,0,경기76아4650,3,36,233000125,277103220,63,20221023-110818
0,0,경기76아4651,3,16,233000125,277103221,46,20221023-110818
0,0,경기76아4649,3,44,233000125,233002130,99,20221023-110818
0,0,경기76아4650,3,36,233000125,277103220,63,20221023-110833
0,0,경기76아4652,3,27,233000125,233000727,20,20221023-110833
0,0,경기76아4651,3,16,233000125,277103221,46,20221023-110833
0,0,경기76아4649,3,44,233000125,233002130,99,20221023-110833
0,0,경기76아4652,3,27,233000125,233000727,20,20221023-110848
0,0,경기76아4650,3,36,233000125,226000038,64,20221023-110848
0,0,경기76아4651,3,16,233000125,277103221,46,20221023-110848
0,0,경기76아4649,3,44,233000125,233001042,100,20221023-110848
0,0,경기76아4652,3,27,233000125,233000727,20,20221023-110903
0,0,경기76아4650,3,35,233000125,226000038,64,20221023-110903
0,0,경기76아4651,3,16,233000125,277103221,46,20221023-110903
0,0,경기76아4649,3,44,233000125,233001042,100,20221023-110903
0,0,경기76아4652,3,27,233000125,233000726,21,20221023-110918
0,0,경기76아4650,3,35,233000125,226000038,64,20221023-110918
0,0,경기76아4651,3,16,233000125,277103221,46,20221023-110918
0,0,경기76아4649,3,44,233000125,233002296,101,20221023-110918
0,0,경기76아4652,3,27,233000125,233000726,21,20221023-110933
0,0,경기76아4650,3,35,233000125,226000038,64,20221023-110933
0,0,경기76아4651,3,16,233000125,277103221,46,20221023-110933
0,0,경기76아4649,3,44,233000125,233002296,101,20221023-110933
0,0,경기76아4652,3,27,233000125,233000726,21,20221023-110948
0,0,경기76아4650,3,35,233000125,226000038,64,20221023-110948
0,0,경기76아4651,3,16,233000125,277103221,46,20221023-110948
0,0,경기76아4649,3,44,233000125,233000207,102,20221023-110948
0,0,경기76아4650,3,35,233000125,226000038,64,20221023-111006
0,0,경기76아4652,3,27,233000125,233000726,21,20221023-111006
0,0,경기76아4651,3,16,233000125,277103159,47,20221023-111006
0,0,경기76아4649,3,45,233000125,233000207,102,20221023-111006
0,0,경기76아4650,3,35,233000125,226000038,64,20221023-111018
0,0,경기76아4652,3,27,233000125,233000726,21,20221023-111018
0,0,경기76아4651,3,16,233000125,277103159,47,20221023-111018
0,0,경기76아4649,3,45,233000125,233000207,102,20221023-111018
0,0,경기76아4650,3,35,233000125,226000038,64,20221023-111033
0,0,경기76아4652,3,27,233000125,233000726,21,20221023-111033
0,0,경기76아4651,3,16,233000125,277103159,47,20221023-111033
0,0,경기76아4649,3,45,233000125,233002216,103,20221023-111033
0,0,경기76아4652,3,27,233000125,233000726,21,20221023-111048
0,0,경기76아4650,3,35,233000125,226000038,64,20221023-111048
0,0,경기76아4651,3,16,233000125,277103159,47,20221023-111048
0,0,경기76아4649,3,45,233000125,233002216,103,20221023-111048
0,0,경기76아4652,3,27,233000125,233000726,21,20221023-111103
0,0,경기76아4650,3,35,233000125,277103314,65,20221023-111103
0,0,경기76아4649,3,45,233000125,233002216,103,20221023-111103
0,0,경기76아4651,3,16,233000125,277103159,47,20221023-111103
0,0,경기76아4652,3,27,233000125,233000726,21,20221023-111118
0,0,경기76아4650,3,35,233000125,277103314,65,20221023-111118
0,0,경기76아4649,3,45,233000125,233002216,103,20221023-111118
0,0,경기76아4651,3,16,233000125,277103159,47,20221023-111118
0,0,경기76아4650,3,35,233000125,277103314,65,20221023-111133
0,0,경기76아4652,3,23,233000125,233000726,21,20221023-111133
0,0,경기76아4649,3,45,233000125,233002216,103,20221023-111133
0,0,경기76아4651,3,16,233000125,277103159,47,20221023-111133
0,0,경기76아4650,3,35,233000125,277103314,65,20221023-111148
0,0,경기76아4652,3,23,233000125,233000726,21,20221023-111148
0,0,경기76아4651,3,16,233000125,277103159,47,20221023-111148
0,0,경기76아4649,3,45,233000125,233002223,104,20221023-111148
0,0,경기76아4650,3,35,233000125,277103314,65,20221023-111202
0,0,경기76아4652,3,23,233000125,233000726,21,20221023-111202
0,0,경기76아4651,3,16,233000125,277103159,47,20221023-111202
0,0,경기76아4649,3,45,233000125,233002223,104,20221023-111202
0,0,경기76아4650,3,35,233000125,277103314,65,20221023-111217
0,0,경기76아4652,3,23,233000125,233000725,22,20221023-111217
0,0,경기76아4651,3,16,233000125,277103159,47,20221023-111217
0,0,경기76아4649,3,45,233000125,233002223,104,20221023-111217
0,0,경기76아4650,3,35,233000125,277103314,65,20221023-111232
0,0,경기76아4652,3,23,233000125,233002118,23,20221023-111232
0,0,경기76아4649,3,45,233000125,233002223,104,20221023-111232
0,0,경기76아4651,3,16,233000125,277103200,48,20221023-111232
0,0,경기76아4650,3,35,233000125,277103314,65,20221023-111247
0,0,경기76아4652,3,23,233000125,233002118,23,20221023-111247
0,0,경기76아4649,3,45,233000125,233002223,104,20221023-111247
0,0,경기76아4651,3,16,233000125,277103200,48,20221023-111247
0,0,경기76아4650,3,35,233000125,277103314,65,20221023-111302
0,0,경기76아4652,3,23,233000125,233002118,23,20221023-111302
0,0,경기76아4651,3,16,233000125,277103200,48,20221023-111302
0,0,경기76아4649,3,45,233000125,233002214,105,20221023-111302
0,0,경기76아4652,3,23,233000125,233002118,23,20221023-111317
0,0,경기76아4650,3,35,233000125,277103314,65,20221023-111317
0,0,경기76아4649,3,45,233000125,233002214,105,20221023-111317
0,0,경기76아4651,3,16,233000125,277103200,48,20221023-111317
0,0,경기76아4652,3,23,233000125,233002118,23,20221023-111332
0,0,경기76아4650,3,35,233000125,277103316,66,20221023-111332
0,0,경기76아4649,3,45,233000125,233002214,105,20221023-111332
0,0,경기76아4651,3,16,233000125,277103200,48,20221023-111332
0,0,경기76아4650,3,35,233000125,277103316,66,20221023-111347
0,0,경기76아4652,3,23,233000125,233002118,23,20221023-111347
0,0,경기76아4649,3,45,233000125,233002214,105,20221023-111347
0,0,경기76아4651,3,16,233000125,277103200,48,20221023-111347
0,0,경기76아4652,3,23,233000125,233000724,24,20221023-111404
0,0,경기76아4650,3,35,233000125,277103316,66,20221023-111404
0,0,경기76아4649,3,45,233000125,233002214,105,20221023-111404
0,0,경기76아4651,3,16,233000125,277103200,48,20221023-111404
0,0,경기76아4650,3,35,233000125,277103316,66,20221023-111419
0,0,경기76아4652,3,23,233000125,233000723,25,20221023-111419
0,0,경기76아4651,3,16,233000125,277103200,48,20221023-111419
0,0,경기76아4649,3,45,233000125,233002214,105,20221023-111419
0,0,경기76아4652,3,23,233000125,233000723,25,20221023-111434
0,0,경기76아4650,3,35,233000125,277103527,67,20221023-111434
0,0,경기76아4651,3,16,233000125,277103200,48,20221023-111434
0,0,경기76아4649,3,45,233000125,233002214,105,20221023-111434
0,0,경기76아4652,3,23,233000125,233000722,26,20221023-111449
0,0,경기76아4650,3,35,233000125,277103527,67,20221023-111449
0,0,경기76아4649,3,45,233000125,233002214,105,20221023-111449
0,0,경기76아4651,3,16,233000125,277103200,48,20221023-111449
0,0,경기76아4652,3,23,233000125,233000722,26,20221023-111504
0,0,경기76아4650,3,35,233000125,277103527,67,20221023-111504
0,0,경기76아4649,3,45,233000125,233002214,105,20221023-111504
0,0,경기76아4651,3,16,233000125,277103200,48,20221023-111504
0,0,경기76아4650,3,35,233000125,277103527,67,20221023-111519
0,0,경기76아4652,3,22,233000125,233000722,26,20221023-111519
0,0,경기76아4649,3,45,233000125,233002214,105,20221023-111519
0,0,경기76아4651,3,16,233000125,277103200,48,20221023-111519
0,0,경기76아4650,3,35,233000125,277103527,67,20221023-111534
0,0,경기76아4652,3,22,233000125,233000722,26,20221023-111534
0,0,경기76아4649,3,45,233000125,233002214,105,20221023-111534
0,0,경기76아4651,3,16,233000125,277103203,49,20221023-111534
0,0,경기76아4650,3,35,233000125,277103527,67,20221023-111549
0,0,경기76아4652,3,22,233000125,233000722,26,20221023-111549
0,0,경기76아4651,3,16,233000125,277103203,49,20221023-111549
0,0,경기76아4649,3,45,233000125,233002214,105,20221023-111549
0,0,경기76아4652,3,22,233000125,233000722,26,20221023-111604
0,0,경기76아4650,3,35,233000125,277103527,67,20221023-111604
0,0,경기76아4651,3,16,233000125,277103203,49,20221023-111604
0,0,경기76아4652,3,22,233000125,233000722,26,20221023-111619
0,0,경기76아4650,3,35,233000125,277103527,67,20221023-111619
0,0,경기76아4651,3,16,233000125,277103203,49,20221023-111619
0,0,경기76아4650,3,35,233000125,277103527,67,20221023-111634
0,0,경기76아4652,3,22,233000125,233000721,27,20221023-111634
0,0,경기76아4651,3,16,233000125,277103203,49,20221023-111634
0,0,경기76아4652,3,22,233000125,233000721,27,20221023-111648
0,0,경기76아4650,3,35,233000125,277103527,67,20221023-111648
0,0,경기76아4651,3,16,233000125,277103203,49,20221023-111648
0,0,경기76아4652,3,20,233000125,233000721,27,20221023-111703
0,0,경기76아4650,3,35,233000125,277103519,68,20221023-111703
0,0,경기76아4651,3,16,233000125,277103203,49,20221023-111703
0,0,경기76아4652,3,20,233000125,233000721,27,20221023-111718
0,0,경기76아4650,3,35,233000125,277103519,68,20221023-111718
0,0,경기76아4651,3,16,233000125,277103203,49,20221023-111718
0,0,경기76아4650,3,35,233000125,277103519,68,20221023-111733
0,0,경기76아4652,3,20,233000125,233000721,27,20221023-111733
0,0,경기76아4651,3,16,233000125,277103205,50,20221023-111733
0,0,경기76아4650,3,35,233000125,277103519,68,20221023-111748
0,0,경기76아4652,3,20,233000125,233000721,27,20221023-111748
0,0,경기76아4651,3,16,233000125,277103205,50,20221023-111748
0,0,경기76아4650,3,35,233000125,277103519,68,20221023-111803
0,0,경기76아4652,3,20,233000125,233000720,28,20221023-111803
0,0,경기76아4651,3,16,233000125,277103205,50,20221023-111803
0,0,경기76아4650,3,35,233000125,277103519,68,20221023-111818
0,0,경기76아4652,3,20,233000125,233000720,28,20221023-111818
0,0,경기76아4651,3,16,233000125,277103205,50,20221023-111818
0,0,경기76아4652,3,20,233000125,233000720,28,20221023-111833
0,0,경기76아4650,3,35,233000125,277103519,68,20221023-111833
0,0,경기76아4651,3,16,233000125,277103205,50,20221023-111833
0,0,경기76아4652,3,20,233000125,233000720,28,20221023-111848
0,0,경기76아4650,3,35,233000125,233000781,69,20221023-111848
0,0,경기76아4651,3,16,233000125,277103205,50,20221023-111848
0,0,경기76아4652,3,20,233000125,233000720,28,20221023-111903
0,0,경기76아4650,3,36,233000125,233000781,69,20221023-111903
0,0,경기76아4651,3,16,233000125,277103205,50,20221023-111903
0,0,경기76아4650,3,36,233000125,233000781,69,20221023-111918
0,0,경기76아4652,3,20,233000125,233000720,28,20221023-111918
0,0,경기76아4651,3,16,233000125,277103205,50,20221023-111918
0,0,경기76아4652,3,20,233000125,233000720,28,20221023-111933
0,0,경기76아4650,3,36,233000125,233000781,69,20221023-111933
0,0,경기76아4651,3,16,233000125,277103205,50,20221023-111933
0,0,경기76아4652,3,20,233000125,233000719,29,20221023-111948
0,0,경기76아4650,3,36,233000125,233000849,70,20221023-111948
0,0,경기76아4651,3,16,233000125,277103205,50,20221023-111948
0,0,경기76아4652,3,20,233000125,233000719,29,20221023-112002
0,0,경기76아4650,3,36,233000125,233000848,71,20221023-112002
0,0,경기76아4651,3,16,233000125,277103903,51,20221023-112002
0,0,경기76아4650,3,36,233000125,233000848,71,20221023-112017
0,0,경기76아4652,3,19,233000125,233000719,29,20221023-112017
0,0,경기76아4651,3,16,233000125,120000671,52,20221023-112017
0,0,경기76아4650,3,36,233000125,233000848,71,20221023-112032
0,0,경기76아4652,3,19,233000125,233000719,29,20221023-112032
0,0,경기76아4651,3,16,233000125,120000671,52,20221023-112032
0,0,경기76아4652,3,19,233000125,233000718,30,20221023-112047
0,0,경기76아4650,3,36,233000125,233000847,72,20221023-112047
0,0,경기76아4651,3,16,233000125,120000671,52,20221023-112047
0,0,경기76아4650,3,36,233000125,233000847,72,20221023-112102
0,0,경기76아4652,3,19,233000125,233000718,30,20221023-112102
0,0,경기76아4651,3,16,233000125,120000671,52,20221023-112102
0,0,경기76아4650,3,36,233000125,233002174,73,20221023-112117
0,0,경기76아4652,3,19,233000125,233000718,30,20221023-112117
0,0,경기76아1122,3,49,233000125,233002226,1,20221023-112117
0,0,경기76아4651,3,16,233000125,120000671,52,20221023-112117
0,0,경기76아4650,3,36,233000125,233002174,73,20221023-112132
0,0,경기76아4652,3,19,233000125,233000718,30,20221023-112132
0,0,경기76아1122,3,49,233000125,233002226,1,20221023-112132
0,0,경기76아4651,3,16,233000125,120000671,52,20221023-112132
0,0,경기76아4650,3,36,233000125,233002174,73,20221023-112147
0,0,경기76아1122,3,49,233000125,233002226,1,20221023-112147
0,0,경기76아4652,3,19,233000125,233000718,30,20221023-112147
0,0,경기76아4651,3,19,233000125,120000671,52,20221023-112147
0,0,경기76아4650,3,36,233000125,233002174,73,20221023-112204
0,0,경기76아4652,3,19,233000125,233000718,30,20221023-112204
0,0,경기76아1122,3,49,233000125,277102459,2,20221023-112204
0,0,경기76아4651,3,19,233000125,120000671,52,20221023-112204
0,0,경기76아1122,3,49,233000125,277102459,2,20221023-112219
0,0,경기76아4650,3,36,233000125,233002174,73,20221023-112219
0,0,경기76아4652,3,19,233000125,233000842,31,20221023-112219
0,0,경기76아4651,3,19,233000125,277103902,53,20221023-112219
0,0,경기76아1122,3,49,233000125,277102459,2,20221023-112234
0,0,경기76아4650,3,36,233000125,233002174,73,20221023-112234
0,0,경기76아4652,3,19,233000125,233000842,31,20221023-112234
0,0,경기76아4651,3,19,233000125,277103902,53,20221023-112234
0,0,경기76아4652,3,19,233000125,233000842,31,20221023-112249
0,0,경기76아1122,3,49,233000125,277102459,2,20221023-112249
0,0,경기76아4650,3,36,233000125,233000055,74,20221023-112249
0,0,경기76아4651,3,19,233000125,277103902,53,20221023-112249
0,0,경기76아1122,3,49,233000125,277102459,2,20221023-112304
0,0,경기76아4652,3,20,233000125,233000842,31,20221023-112304
0,0,경기76아4650,3,36,233000125,233000846,75,20221023-112304
0,0,경기76아4651,3,19,233000125,277103902,53,20221023-112304
0,0,경기76아4652,3,20,233000125,233000842,31,20221023-112319
0,0,경기76아1122,3,49,233000125,233002221,3,20221023-112319
0,0,경기76아4650,3,36,233000125,233000845,76,20221023-112319
0,0,경기76아4651,3,19,233000125,121001315,54,20221023-112319
0,0,경기76아1122,3,49,233000125,233002221,3,20221023-112334
0,0,경기76아4650,3,36,233000125,233000845,76,20221023-112334
0,0,경기76아4652,3,20,233000125,233000842,31,20221023-112334
0,0,경기76아4651,3,19,233000125,121001315,54,20221023-112334
0,0,경기76아4652,3,20,233000125,233002149,32,20221023-112349
0,0,경기76아1122,3,49,233000125,233002221,3,20221023-112349
0,0,경기76아4650,3,36,233000125,233002150,77,20221023-112349
0,0,경기76아4651,3,19,233000125,121001315,54,20221023-112349
0,0,경기76아1122,3,49,233000125,233002221,3,20221023-112403
0,0,경기76아4650,3,36,233000125,233002150,77,20221023-112403
0,0,경기76아4652,3,19,233000125,233002149,32,20221023-112403
0,0,경기76아4651,3,19,233000125,121001315,54,20221023-112403
0,0,경기76아1122,3,49,233000125,233002221,3,20221023-112418
0,0,경기76아4652,3,19,233000125,233002149,32,20221023-112418
0,0,경기76아4650,3,36,233000125,233002150,77,20221023-112418
0,0,경기76아4651,3,19,233000125,121001315,54,20221023-112418
0,0,경기76아4652,3,19,233000125,233002149,32,20221023-112433
0,0,경기76아1122,3,49,233000125,233002224,4,20221023-112433
0,0,경기76아4650,3,36,233000125,233000844,78,20221023-112433
0,0,경기76아4651,3,19,233000125,121001315,54,20221023-112433
0,0,경기76아1122,3,49,233000125,233002224,4,20221023-112448
0,0,경기76아4650,3,36,233000125,233000844,78,20221023-112448
0,0,경기76아4652,3,19,233000125,233000717,33,20221023-112448
0,0,경기76아4651,3,19,233000125,121001315,54,20221023-112448
0,0,경기76아4652,3,19,233000125,233000716,34,20221023-112503
0,0,경기76아1122,3,49,233000125,233002225,5,20221023-112503
0,0,경기76아4650,3,34,233000125,233000844,78,20221023-112503
0,0,경기76아4651,3,45,233000125,121001315,54,20221023-112503
0,0,경기76아4650,3,34,233000125,233000844,78,20221023-112518
0,0,경기76아1122,3,49,233000125,233002225,5,20221023-112518
0,0,경기76아4652,3,19,233000125,233000059,35,20221023-112518
0,0,경기76아4651,3,45,233000125,121001315,54,20221023-112518
0,0,경기76아4652,3,19,233000125,233000059,35,20221023-112533
0,0,경기76아4650,3,34,233000125,233000844,78,20221023-112533
0,0,경기76아1122,3,49,233000125,233002225,5,20221023-112533
0,0,경기76아4651,3,45,233000125,121001315,54,20221023-112533
0,0,경기76아4652,3,19,233000125,233000059,35,20221023-112548
0,0,경기76아1122,3,49,233000125,233002225,5,20221023-112548
0,0,경기76아4650,3,34,233000125,233000843,79,20221023-112548
0,0,경기76아4651,3,45,233000125,121001315,54,20221023-112548
0,0,경기76아4652,3,19,233000125,233000059,35,20221023-112603
0,0,경기76아1122,3,49,233000125,233002225,5,20221023-112603
0,0,경기76아4650,3,34,233000125,233000843,79,20221023-112603
0,0,경기76아4651,3,45,233000125,121001315,54,20221023-112603
0,0,경기76아4652,3,19,233000125,233000059,35,20221023-112618
0,0,경기76아1122,3,49,233000125,233002295,6,20221023-112618
0,0,경기76아4650,3,34,233000125,233000780,80,20221023-112618
0,0,경기76아4651,3,45,233000125,121001315,54,20221023-112618
0,0,경기76아1122,3,49,233000125,233002295,6,20221023-112633
0,0,경기76아4650,3,34,233000125,233000780,80,20221023-112633
0,0,경기76아4652,3,19,233000125,233000891,36,20221023-112633
0,0,경기76아4651,3,45,233000125,277101688,55,20221023-112633
0,0,경기76아1122,3,49,233000125,233002295,6,20221023-112648
0,0,경기76아4650,3,34,233000125,233000780,80,20221023-112648
0,0,경기76아4652,3,19,233000125,233000891,36,20221023-112648
0,0,경기76아4651,3,45,233000125,277101688,55,20221023-112648
0,0,경기76아1122,3,49,233000125,233002295,6,20221023-112703
0,0,경기76아4650,3,34,233000125,233000780,80,20221023-112703
0,0,경기76아4652,3,19,233000125,233000891,36,20221023-112703
0,0,경기76아4651,3,45,233000125,277101688,55,20221023-112703
0,0,경기76아1122,3,49,233000125,233002295,6,20221023-112718
0,0,경기76아4650,3,34,233000125,233000779,81,20221023-112718
0,0,경기76아4652,3,19,233000125,233000715,37,20221023-112718
0,0,경기76아4651,3,45,233000125,277101688,55,20221023-112718
0,0,경기76아4652,3,19,233000125,233000715,37,20221023-112733
0,0,경기76아4650,3,34,233000125,233000779,81,20221023-112733
0,0,경기76아1122,3,49,233000125,233002295,6,20221023-112733
0,0,경기76아4651,3,45,233000125,277101688,55,20221023-112733
0,0,경기76아4650,3,34,233000125,233000779,81,20221023-112748
0,0,경기76아4652,3,18,233000125,233000715,37,20221023-112748
0,0,경기76아1122,3,49,233000125,233001041,7,20221023-112748
0,0,경기76아4651,3,45,233000125,277101688,55,20221023-112748
0,0,경기76아4650,3,34,233000125,233000779,81,20221023-112802
0,0,경기76아4652,3,18,233000125,233000715,37,20221023-112802
0,0,경기76아1122,3,49,233000125,233001041,7,20221023-112802
0,0,경기76아4651,3,45,233000125,277101688,55,20221023-112802
0,0,경기76아4650,3,34,233000125,233000779,81,20221023-112817
0,0,경기76아4652,3,18,233000125,233000715,37,20221023-112817
0,0,경기76아1122,3,49,233000125,233002131,8,20221023-112817
0,0,경기76아4651,3,45,233000125,277101688,55,20221023-112817
0,0,경기76아4650,3,34,233000125,233000779,81,20221023-112832
0,0,경기76아4652,3,18,233000125,233000715,37,20221023-112832
0,0,경기76아1122,3,49,233000125,233002131,8,20221023-112832
0,0,경기76아4651,3,45,233000125,277101688,55,20221023-112832
0,0,경기76아4650,3,34,233000125,233000779,81,20221023-112847
0,0,경기76아1122,3,49,233000125,233002131,8,20221023-112847
0,0,경기76아4652,3,18,233000125,233000714,38,20221023-112847
0,0,경기76아4651,3,45,233000125,277101688,55,20221023-112847
0,0,경기76아4650,3,34,233000125,233000779,81,20221023-112904
0,0,경기76아1122,3,49,233000125,233000148,9,20221023-112904
0,0,경기76아4652,3,18,233000125,233000713,39,20221023-112904
0,0,경기76아4651,3,45,233000125,277101688,55,20221023-112904
0,0,경기76아4650,3,34,233000125,233000779,81,20221023-112919
0,0,경기76아4652,3,18,233000125,233000713,39,20221023-112919
0,0,경기76아1122,3,48,233000125,233000148,9,20221023-112919
0,0,경기76아4651,3,45,233000125,277101688,55,20221023-112919
0,0,경기76아4650,3,34,233000125,233000779,81,20221023-112934
0,0,경기76아1122,3,48,233000125,233000148,9,20221023-112934
0,0,경기76아4652,3,18,233000125,233000713,39,20221023-112934
0,0,경기76아4651,3,45,233000125,277101688,55,20221023-112934
0,0,경기76아1122,3,48,233000125,233000148,9,20221023-112949
0,0,경기76아4650,3,34,233000125,233000779,81,20221023-112949
0,0,경기76아4652,3,18,233000125,233000712,40,20221023-112949
0,0,경기76아4651,3,45,233000125,277101688,55,20221023-112949
0,0,경기76아1122,3,48,233000125,233000148,9,20221023-113004
0,0,경기76아4650,3,34,233000125,233000779,81,20221023-113004
0,0,경기76아4652,3,18,233000125,233000712,40,20221023-113004
0,0,경기76아4651,3,45,233000125,277101688,55,20221023-113004
0,0,경기76아1122,3,48,233000125,233000148,9,20221023-113019
0,0,경기76아4650,3,34,233000125,233000779,81,20221023-113019
0,0,경기76아4652,3,18,233000125,233000712,40,20221023-113019
0,0,경기76아4651,3,45,233000125,119900083,56,20221023-113019
0,0,경기76아1122,3,48,233000125,233000148,9,20221023-113034
0,0,경기76아4650,3,34,233000125,233000779,81,20221023-113034
0,0,경기76아4652,3,18,233000125,233000712,40,20221023-113034
0,0,경기76아4651,3,45,233000125,119900083,56,20221023-113034
0,0,경기76아1122,3,48,233000125,233000148,9,20221023-113049
0,0,경기76아4650,3,34,233000125,233000779,81,20221023-113049
0,0,경기76아4652,3,15,233000125,233000712,40,20221023-113049
0,0,경기76아4651,3,45,233000125,119900083,56,20221023-113049
0,0,경기76아1122,3,48,233000125,233000148,9,20221023-113104
0,0,경기76아4650,3,34,233000125,233000779,81,20221023-113104
0,0,경기76아4652,3,15,233000125,233000712,40,20221023-113104
0,0,경기76아4651,3,39,233000125,119900083,56,20221023-113104
0,0,경기76아4650,3,34,233000125,233000779,81,20221023-113119
0,0,경기76아4652,3,15,233000125,233000712,40,20221023-113119
0,0,경기76아1122,3,48,233000125,233000191,10,20221023-113119
0,0,경기76아4651,3,39,233000125,119900083,56,20221023-113119
0,0,경기76아4650,3,34,233000125,233000779,81,20221023-113134
0,0,경기76아4652,3,15,233000125,233000712,40,20221023-113134
0,0,경기76아1122,3,48,233000125,233000191,10,20221023-113134
0,0,경기76아4651,3,39,233000125,119900083,56,20221023-113134
0,0,경기76아4652,3,15,233000125,233000712,40,20221023-113149
0,0,경기76아1122,3,46,233000125,233000191,10,20221023-113149
0,0,경기76아4650,3,35,233000125,233000779,81,20221023-113149
0,0,경기76아4651,3,39,233000125,119900083,56,20221023-113149
0,0,경기76아4650,3,35,233000125,233000779,81,20221023-113204
0,0,경기76아4652,3,15,233000125,233000712,40,20221023-113204
0,0,경기76아1122,3,46,233000125,233000190,11,20221023-113204
0,0,경기76아4651,3,39,233000125,119900083,56,20221023-113204
0,0,경기76아4650,3,35,233000125,233000779,81,20221023-113219
0,0,경기76아4652,3,15,233000125,233000712,40,20221023-113219
0,0,경기76아1122,3,46,233000125,233000190,11,20221023-113219
0,0,경기76아4651,3,39,233000125,119900083,56,20221023-113219
0,0,경기76아4652,3,15,233000125,233000712,40,20221023-113234
0,0,경기76아1122,3,46,233000125,233000190,11,20221023-113234
0,0,경기76아4650,3,35,233000125,233000778,82,20221023-113234
0,0,경기76아4651,3,39,233000125,119900083,56,20221023-113234
0,0,경기76아4652,3,15,233000125,233000712,40,20221023-113249
0,0,경기76아1122,3,46,233000125,233000190,11,20221023-113249
0,0,경기76아4650,3,35,233000125,233000778,82,20221023-113249
0,0,경기76아4651,3,39,233000125,119900083,56,20221023-113249
0,0,경기76아1122,3,46,233000125,233000190,11,20221023-113303
0,0,경기76아4650,3,35,233000125,233000778,82,20221023-113303
0,0,경기76아4652,3,15,233000125,233000712,40,20221023-113303
0,0,경기76아4651,3,39,233000125,119900083,56,20221023-113303
0,0,경기76아1122,3,46,233000125,233000190,11,20221023-113318
0,0,경기76아4650,3,35,233000125,233000778,82,20221023-113318
0,0,경기76아4652,3,15,233000125,233000712,40,20221023-113318
0,0,경기76아4651,3,39,233000125,119900083,56,20221023-113318
0,0,경기76아4652,3,15,233000125,233000712,40,20221023-113333
0,0,경기76아4650,3,35,233000125,233000777,83,20221023-113333
0,0,경기76아1122,3,46,233000125,233000189,12,20221023-113333
0,0,경기76아4651,3,39,233000125,119900083,56,20221023-113333
0,0,경기76아4652,3,15,233000125,233000712,40,20221023-113348
0,0,경기76아1122,3,46,233000125,233000189,12,20221023-113348
0,0,경기76아4650,3,35,233000125,233000776,84,20221023-113348
0,0,경기76아4651,3,39,233000125,119900083,56,20221023-113348
0,0,경기76아1122,3,46,233000125,233000189,12,20221023-113403
0,0,경기76아4650,3,35,233000125,233000776,84,20221023-113403
0,0,경기76아4652,3,15,233000125,233000712,40,20221023-113403
0,0,경기76아4651,3,39,233000125,119900083,56,20221023-113403
0,0,경기76아1122,3,46,233000125,233001943,13,20221023-113418
0,0,경기76아4650,3,35,233000125,233000774,85,20221023-113418
0,0,경기76아4652,3,15,233000125,233000712,40,20221023-113418
0,0,경기76아4651,3,39,233000125,119900083,56,20221023-113418
0,0,경기76아4652,3,15,233000125,277103520,41,20221023-113433
0,0,경기76아4650,3,36,233000125,233000774,85,20221023-113433
0,0,경기76아1122,3,45,233000125,233001943,13,20221023-113433
0,0,경기76아4651,3,39,233000125,277102049,57,20221023-113433
0,0,경기76아1122,3,45,233000125,233001943,13,20221023-113448
0,0,경기76아4650,3,36,233000125,233000774,85,20221023-113448
0,0,경기76아4652,3,15,233000125,277103520,41,20221023-113448
0,0,경기76아4651,3,39,233000125,277102049,57,20221023-113448
0,0,경기76아1122,3,45,233000125,233001943,13,20221023-113503
0,0,경기76아4652,3,15,233000125,277103520,41,20221023-113503
0,0,경기76아4650,3,36,233000125,233000774,85,20221023-113503
0,0,경기76아4651,3,39,233000125,277102049,57,20221023-113503
0,0,경기76아1122,3,45,233000125,233001943,13,20221023-113518
0,0,경기76아4652,3,15,233000125,277103520,41,20221023-113518
0,0,경기76아4650,3,36,233000125,233000774,85,20221023-113518
0,0,경기76아4651,3,39,233000125,277102049,57,20221023-113518
0,0,경기76아1122,3,45,233000125,233001943,13,20221023-113533
0,0,경기76아4652,3,15,233000125,277103520,41,20221023-113533
0,0,경기76아4650,3,36,233000125,233000774,85,20221023-113533
0,0,경기76아4651,3,39,233000125,277102049,57,20221023-113533
0,0,경기76아1122,3,45,233000125,233001943,13,20221023-113548
0,0,경기76아4652,3,15,233000125,277103520,41,20221023-113548
0,0,경기76아4650,3,36,233000125,233000773,86,20221023-113548
0,0,경기76아4651,3,39,233000125,277102049,57,20221023-113548
0,0,경기76아1122,3,45,233000125,233001943,13,20221023-113603
0,0,경기76아4652,3,15,233000125,277103520,41,20221023-113603
0,0,경기76아4650,3,36,233000125,233003082,87,20221023-113603
0,0,경기76아4651,3,39,233000125,277102049,57,20221023-113603
0,0,경기76아1122,3,45,233000125,233001943,13,20221023-113618
0,0,경기76아4652,3,15,233000125,277103520,41,20221023-113618
0,0,경기76아4650,3,36,233000125,233003082,87,20221023-113618
0,0,경기76아4651,3,39,233000125,277102049,57,20221023-113618
0,0,경기76아4652,3,15,233000125,277103520,41,20221023-113633
0,0,경기76아4650,3,36,233000125,233003082,87,20221023-113633
0,0,경기76아1122,3,45,233000125,233000188,14,20221023-113633
0,0,경기76아4651,3,39,233000125,277102049,57,20221023-113633
0,0,경기76아1122,3,45,233000125,233000188,14,20221023-113648
0,0,경기76아4650,3,36,233000125,233003082,87,20221023-113648
0,0,경기76아4652,3,15,233000125,277103520,41,20221023-113648
0,0,경기76아4651,3,39,233000125,277102049,57,20221023-113648
0,0,경기76아4650,3,36,233000125,233003082,87,20221023-113702
0,0,경기76아4652,3,15,233000125,277103520,41,20221023-113702
0,0,경기76아1122,3,43,233000125,233000188,14,20221023-113702
0,0,경기76아4651,3,39,233000125,277102291,58,20221023-113702
0,0,경기76아4650,3,36,233000125,233003082,87,20221023-113717
0,0,경기76아4652,3,15,233000125,277103528,42,20221023-113717
0,0,경기76아1122,3,43,233000125,233001318,15,20221023-113717
0,0,경기76아4651,3,39,233000125,277102291,58,20221023-113717
0,0,경기76아4650,3,36,233000125,233003082,87,20221023-113732
0,0,경기76아4652,3,15,233000125,277103528,42,20221023-113732
0,0,경기76아1122,3,43,233000125,233001318,15,20221023-113732
0,0,경기76아4651,3,39,233000125,277102291,58,20221023-113732
0,0,경기76아4650,3,36,233000125,233003082,87,20221023-113747
0,0,경기76아1122,3,43,233000125,233001318,15,20221023-113747
0,0,경기76아4652,3,15,233000125,277103528,42,20221023-113747
0,0,경기76아4651,3,39,233000125,277102291,58,20221023-113747
0,0,경기76아4650,3,36,233000125,233003082,87,20221023-113804
0,0,경기76아1122,3,43,233000125,233001318,15,20221023-113804
0,0,경기76아4652,3,15,233000125,277103528,42,20221023-113804
0,0,경기76아4651,3,39,233000125,277102291,58,20221023-113804
0,0,경기76아4650,3,36,233000125,233003082,87,20221023-113819
0,0,경기76아1122,3,43,233000125,233001318,15,20221023-113819
0,0,경기76아4652,3,15,233000125,277103528,42,20221023-113819
0,0,경기76아4651,3,39,233000125,277102291,58,20221023-113819
0,0,경기76아1122,3,43,233000125,233001318,15,20221023-113834
0,0,경기76아4650,3,36,233000125,233000772,88,20221023-113834
0,0,경기76아4652,3,15,233000125,277103317,43,20221023-113834
0,0,경기76아4651,3,39,233000125,277102291,58,20221023-113834
0,0,경기76아1122,3,43,233000125,233001318,15,20221023-113849
0,0,경기76아4652,3,15,233000125,277103317,43,20221023-113849
0,0,경기76아4650,3,36,233000125,233000772,88,20221023-113849
0,0,경기76아4651,3,39,233000125,277102291,58,20221023-113849
0,0,경기76아4650,3,36,233000125,233000772,88,20221023-113904
0,0,경기76아4652,3,15,233000125,277103317,43,20221023-113904
0,0,경기76아1122,3,43,233000125,233001318,15,20221023-113904
0,0,경기76아4651,3,39,233000125,277102291,58,20221023-113904
0,0,경기76아4650,3,36,233000125,233000772,88,20221023-113919
0,0,경기76아4652,3,15,233000125,277103317,43,20221023-113919
0,0,경기76아1122,3,43,233000125,233001318,15,20221023-113919
0,0,경기76아4651,3,39,233000125,277103204,59,20221023-113919
0,0,경기76아4652,3,15,233000125,277103317,43,20221023-113934
0,0,경기76아1122,3,43,233000125,233001318,15,20221023-113934
0,0,경기76아4650,3,36,233000125,233000771,89,20221023-113934
0,0,경기76아4651,3,39,233000125,277103204,59,20221023-113934
0,0,경기76아4652,3,15,233000125,277103317,43,20221023-113949
0,0,경기76아4650,3,36,233000125,233000771,89,20221023-113949
0,0,경기76아1122,3,43,233000125,233000730,16,20221023-113949
0,0,경기76아4651,3,39,233000125,277103204,59,20221023-113949
0,0,경기76아4652,3,15,233000125,277103317,43,20221023-114004
0,0,경기76아1122,3,43,233000125,233000730,16,20221023-114004
0,0,경기76아4650,3,37,233000125,233000771,89,20221023-114004
0,0,경기76아4651,3,39,233000125,277103204,59,20221023-114004
0,0,경기76아4652,3,15,233000125,277103317,43,20221023-114019
0,0,경기76아1122,3,43,233000125,233000730,16,20221023-114019
0,0,경기76아4650,3,37,233000125,233000770,90,20221023-114019
0,0,경기76아4651,3,39,233000125,277103204,59,20221023-114019
0,0,경기76아4652,3,15,233000125,277103317,43,20221023-114034
0,0,경기76아1122,3,35,233000125,233000730,16,20221023-114034
0,0,경기76아4650,3,37,233000125,233000770,90,20221023-114034
0,0,경기76아4651,3,39,233000125,277103204,59,20221023-114034
0,0,경기76아4652,3,15,233000125,277103317,43,20221023-114049
0,0,경기76아1122,3,35,233000125,233000730,16,20221023-114049
0,0,경기76아4650,3,37,233000125,233000770,90,20221023-114049
0,0,경기76아4651,3,39,233000125,277103204,59,20221023-114049
0,0,경기76아4650,3,37,233000125,233000770,90,20221023-114104
0,0,경기76아4652,3,15,233000125,277103317,43,20221023-114104
0,0,경기76아1122,3,35,233000125,233000729,17,20221023-114104
0,0,경기76아4651,3,39,233000125,277103204,59,20221023-114104
0,0,경기76아4650,3,37,233000125,233000770,90,20221023-114119
0,0,경기76아1122,3,35,233000125,233000729,17,20221023-114119
0,0,경기76아4652,3,15,233000125,277103317,43,20221023-114119
0,0,경기76아4651,3,39,233000125,277103202,60,20221023-114119
0,0,경기76아1122,3,35,233000125,233000729,17,20221023-114134
0,0,경기76아4652,3,15,233000125,277103315,44,20221023-114134
0,0,경기76아4650,3,37,233000125,233000770,90,20221023-114134
0,0,경기76아4651,3,-1,233000125,277103202,60,20221023-114134
0,0,경기76아4652,3,15,233000125,277103315,44,20221023-114149
0,0,경기76아4650,3,37,233000125,233000770,90,20221023-114149
0,0,경기76아1122,3,29,233000125,233000729,17,20221023-114149
0,0,경기76아4651,3,39,233000125,277103202,60,20221023-114149
0,0,경기76아4650,3,37,233000125,233000770,90,20221023-114203
0,0,경기76아1122,3,29,233000125,233000729,17,20221023-114203
0,0,경기76아4652,3,15,233000125,277103315,44,20221023-114203
0,0,경기76아4651,3,39,233000125,277103202,60,20221023-114203
0,0,경기76아4650,3,37,233000125,233000770,90,20221023-114218
0,0,경기76아1122,3,29,233000125,233000729,17,20221023-114218
0,0,경기76아4652,3,15,233000125,277103315,44,20221023-114218
0,0,경기76아4651,3,39,233000125,277103202,60,20221023-114218
0,0,경기76아4650,3,37,233000125,233000770,90,20221023-114233
0,0,경기76아1122,3,29,233000125,233000729,17,20221023-114233
0,0,경기76아4652,3,15,233000125,277103315,44,20221023-114233
0,0,경기76아4651,3,39,233000125,277103201,61,20221023-114233
0,0,경기76아4650,3,37,233000125,233000770,90,20221023-114248
0,0,경기76아1122,3,29,233000125,233000729,17,20221023-114248
0,0,경기76아4652,3,15,233000125,277103315,44,20221023-114248
0,0,경기76아4651,3,39,233000125,277103201,61,20221023-114248
0,0,경기76아1122,3,29,233000125,233000729,17,20221023-114303
0,0,경기76아4652,3,15,233000125,277103315,44,20221023-114303
0,0,경기76아4650,3,37,233000125,233000770,90,20221023-114303
0,0,경기76아4651,3,39,233000125,277103201,61,20221023-114303
0,0,경기76아1122,3,29,233000125,233000729,17,20221023-114318
0,0,경기76아4652,3,15,233000125,277103315,44,20221023-114318
0,0,경기76아4650,3,37,233000125,233000769,91,20221023-114318
0,0,경기76아4651,3,39,233000125,277103201,61,20221023-114318
0,0,경기76아1122,3,29,233000125,233000729,17,20221023-114333
0,0,경기76아4652,3,15,233000125,226000039,45,20221023-114333
0,0,경기76아4650,3,37,233000125,233000769,91,20221023-114333
0,0,경기76아4651,3,39,233000125,277103201,61,20221023-114333
0,0,경기76아1122,3,29,233000125,233000729,17,20221023-114348
0,0,경기76아4652,3,15,233000125,226000039,45,20221023-114348
0,0,경기76아4650,3,37,233000125,233000768,92,20221023-114348
0,0,경기76아4651,3,39,233000125,277103201,61,20221023-114348
0,0,경기76아4650,3,37,233000125,233000768,92,20221023-114403
0,0,경기76아1122,3,29,233000125,233000728,18,20221023-114403
0,0,경기76아4652,3,18,233000125,226000039,45,20221023-114403
0,0,경기76아4651,3,39,233000125,277103201,61,20221023-114403
0,0,경기76아4650,3,37,233000125,233000768,92,20221023-114418
0,0,경기76아4652,3,18,233000125,226000039,45,20221023-114418
0,0,경기76아1122,3,29,233000125,233000728,18,20221023-114418
0,0,경기76아4651,3,39,233000125,277103201,61,20221023-114418
0,0,경기76아4650,3,37,233000125,233000768,92,20221023-114433
0,0,경기76아1122,3,29,233000125,233001404,19,20221023-114433
0,0,경기76아4652,3,18,233000125,226000039,45,20221023-114433
0,0,경기76아4651,3,39,233000125,277103201,61,20221023-114433
0,0,경기76아4652,3,18,233000125,226000039,45,20221023-114448
0,0,경기76아4650,3,42,233000125,233000768,92,20221023-114448
0,0,경기76아1122,3,29,233000125,233000727,20,20221023-114448
0,0,경기76아4651,3,39,233000125,277103201,61,20221023-114448
0,0,경기76아4652,3,18,233000125,226000039,45,20221023-114503
0,0,경기76아1122,3,29,233000125,233000727,20,20221023-114503
0,0,경기76아4650,3,42,233000125,233000768,92,20221023-114503
0,0,경기76아4651,3,39,233000125,277103158,62,20221023-114503
0,0,경기76아1122,3,29,233000125,233000727,20,20221023-114517
0,0,경기76아4650,3,42,233000125,233001749,93,20221023-114517
0,0,경기76아4652,3,18,233000125,226000039,45,20221023-114517
0,0,경기76아4651,3,39,233000125,277103158,62,20221023-114517
0,0,경기76아4652,3,18,233000125,226000039,45,20221023-114533
0,0,경기76아1122,3,29,233000125,233000727,20,20221023-114533
0,0,경기76아4650,3,43,233000125,233001749,93,20221023-114533
0,0,경기76아4651,3,39,233000125,277103158,62,20221023-114533
0,0,경기76아1122,3,29,233000125,233000727,20,20221023-114547
0,0,경기76아4652,3,18,233000125,277103221,46,20221023-114547
0,0,경기76아4650,3,43,233000125,233001749,93,20221023-114547
0,0,경기76아4651,3,39,233000125,277103158,62,20221023-114547
0,0,경기76아4652,3,18,233000125,277103221,46,20221023-114602
0,0,경기76아1122,3,29,233000125,233000726,21,20221023-114602
0,0,경기76아4650,3,43,233000125,233002159,94,20221023-114602
0,0,경기76아4651,3,39,233000125,277103158,62,20221023-114602
0,0,경기76아4652,3,18,233000125,277103221,46,20221023-114617
0,0,경기76아1122,3,29,233000125,233000726,21,20221023-114617
0,0,경기76아4650,3,43,233000125,233002159,94,20221023-114617
0,0,경기76아4651,3,39,233000125,277103220,63,20221023-114617
0,0,경기76아1122,3,29,233000125,233000726,21,20221023-114633
0,0,경기76아4650,3,43,233000125,233002159,94,20221023-114633
0,0,경기76아4652,3,18,233000125,277103221,46,20221023-114633
0,0,경기76아4651,3,39,233000125,277103220,63,20221023-114633
0,0,경기76아1122,3,29,233000125,233000726,21,20221023-114647
0,0,경기76아4650,3,43,233000125,233002159,94,20221023-114647
0,0,경기76아4652,3,18,233000125,277103221,46,20221023-114647
0,0,경기76아4651,3,39,233000125,277103220,63,20221023-114647
0,0,경기76아4650,3,43,233000125,233002159,94,20221023-114704
0,0,경기76아1122,3,29,233000125,233000726,21,20221023-114704
0,0,경기76아4652,3,18,233000125,277103221,46,20221023-114704
0,0,경기76아4651,3,39,233000125,277103220,63,20221023-114704
0,0,경기76아4650,3,43,233000125,233002159,94,20221023-114719
0,0,경기76아1122,3,29,233000125,233000726,21,20221023-114719
0,0,경기76아4652,3,18,233000125,277103221,46,20221023-114719
0,0,경기76아4651,3,39,233000125,277103220,63,20221023-114719
0,0,경기76아4650,3,43,233000125,233002159,94,20221023-114734
0,0,경기76아4652,3,18,233000125,277103221,46,20221023-114734
0,0,경기76아1122,3,29,233000125,233000726,21,20221023-114734
0,0,경기76아4651,3,39,233000125,277103220,63,20221023-114734
0,0,경기76아4652,3,18,233000125,277103221,46,20221023-114749
0,0,경기76아1122,3,28,233000125,233000725,22,20221023-114749
0,0,경기76아4650,3,43,233000125,233001828,95,20221023-114749
0,0,경기76아4651,3,39,233000125,277103220,63,20221023-114749
0,0,경기76아4652,3,18,233000125,277103221,46,20221023-114804
0,0,경기76아4650,3,43,233000125,233001828,95,20221023-114804
0,0,경기76아1122,3,28,233000125,233000725,22,20221023-114804
0,0,경기76아4651,3,39,233000125,226000038,64,20221023-114804
0,0,경기76아4652,3,18,233000125,277103159,47,20221023-114819
0,0,경기76아4650,3,45,233000125,233001828,95,20221023-114819
0,0,경기76아1122,3,28,233000125,233002118,23,20221023-114819
0,0,경기76아4651,3,39,233000125,226000038,64,20221023-114819
0,0,경기76아4650,3,45,233000125,233001828,95,20221023-114834
0,0,경기76아4652,3,18,233000125,277103159,47,20221023-114834
0,0,경기76아1122,3,28,233000125,233002118,23,20221023-114834
0,0,경기76아4651,3,39,233000125,226000038,64,20221023-114834
0,0,경기76아4650,3,45,233000125,233001828,95,20221023-114849
0,0,경기76아1122,3,28,233000125,233002118,23,20221023-114849
0,0,경기76아4652,3,18,233000125,277103159,47,20221023-114849
0,0,경기76아4651,3,39,233000125,226000038,64,20221023-114849
0,0,경기76아4650,3,45,233000125,233001828,95,20221023-114904
0,0,경기76아1122,3,28,233000125,233002118,23,20221023-114904
0,0,경기76아4652,3,18,233000125,277103159,47,20221023-114904
0,0,경기76아4651,3,39,233000125,226000038,64,20221023-114904
0,0,경기76아4650,3,45,233000125,233001828,95,20221023-114919
0,0,경기76아4652,3,18,233000125,277103159,47,20221023-114919
0,0,경기76아1122,3,28,233000125,233002118,23,20221023-114919
0,0,경기76아4651,3,39,233000125,226000038,64,20221023-114919
0,0,경기76아4650,3,45,233000125,233001828,95,20221023-114934
0,0,경기76아1122,3,28,233000125,233002118,23,20221023-114934
0,0,경기76아4652,3,18,233000125,277103200,48,20221023-114934
0,0,경기76아4651,3,39,233000125,226000038,64,20221023-114934
0,0,경기76아4650,3,45,233000125,233001828,95,20221023-114949
0,0,경기76아4652,3,18,233000125,277103200,48,20221023-114949
0,0,경기76아1122,3,28,233000125,233002118,23,20221023-114949
0,0,경기76아4651,3,39,233000125,226000038,64,20221023-114949
0,0,경기76아4650,3,45,233000125,233001828,95,20221023-115003
0,0,경기76아4652,3,18,233000125,277103200,48,20221023-115003
0,0,경기76아1122,3,28,233000125,233002118,23,20221023-115003
0,0,경기76아4651,3,39,233000125,277103314,65,20221023-115003
0,0,경기76아4652,3,18,233000125,277103200,48,20221023-115018
0,0,경기76아1122,3,28,233000125,233002118,23,20221023-115018
0,0,경기76아4650,3,45,233000125,233001828,95,20221023-115018
0,0,경기76아4651,3,39,233000125,277103314,65,20221023-115018
0,0,경기76아4652,3,18,233000125,277103200,48,20221023-115033
0,0,경기76아4650,3,45,233000125,233001435,96,20221023-115033
0,0,경기76아1122,3,28,233000125,233000724,24,20221023-115033
0,0,경기76아4651,3,39,233000125,277103314,65,20221023-115033
0,0,경기76아4652,3,18,233000125,277103200,48,20221023-115048
0,0,경기76아4650,3,45,233000125,233001435,96,20221023-115048
0,0,경기76아1122,3,28,233000125,233000724,24,20221023-115048
0,0,경기76아4651,3,39,233000125,277103314,65,20221023-115048
0,0,경기76아1122,3,28,233000125,233000723,25,20221023-115104
0,0,경기76아4650,3,45,233000125,233000208,97,20221023-115104
0,0,경기76아4652,3,18,233000125,277103200,48,20221023-115104
0,0,경기76아4651,3,39,233000125,277103314,65,20221023-115104
0,0,경기76아4652,3,18,233000125,277103200,48,20221023-115118
0,0,경기76아1122,3,28,233000125,233000723,25,20221023-115118
0,0,경기76아4650,3,45,233000125,233001043,98,20221023-115118
0,0,경기76아4651,3,39,233000125,277103314,65,20221023-115118
0,0,경기76아4652,3,18,233000125,277103200,48,20221023-115133
0,0,경기76아4650,3,45,233000125,233001043,98,20221023-115133
0,0,경기76아1122,3,28,233000125,233000722,26,20221023-115133
0,0,경기76아4651,3,39,233000125,277103314,65,20221023-115133
0,0,경기76아4650,3,45,233000125,233001043,98,20221023-115148
0,0,경기76아1122,3,28,233000125,233000722,26,20221023-115148
0,0,경기76아4652,3,18,233000125,277103203,49,20221023-115148
0,0,경기76아4651,3,39,233000125,277103314,65,20221023-115148
0,0,경기76아1122,3,28,233000125,233000722,26,20221023-115203
0,0,경기76아4652,3,18,233000125,277103203,49,20221023-115203
0,0,경기76아4650,3,45,233000125,233002130,99,20221023-115203
0,0,경기76아4651,3,39,233000125,277103314,65,20221023-115203
0,0,경기76아1122,3,28,233000125,233000722,26,20221023-115218
0,0,경기76아4652,3,18,233000125,277103203,49,20221023-115218
0,0,경기76아4650,3,45,233000125,233001042,100,20221023-115218
0,0,경기76아4651,3,39,233000125,277103314,65,20221023-115218
0,0,경기76아1122,3,28,233000125,233000722,26,20221023-115233
0,0,경기76아4652,3,18,233000125,277103203,49,20221023-115233
0,0,경기76아4650,3,45,233000125,233001042,100,20221023-115233
0,0,경기76아4651,3,39,233000125,277103316,66,20221023-115233
0,0,경기76아4652,3,18,233000125,277103203,49,20221023-115248
0,0,경기76아4650,3,45,233000125,233001042,100,20221023-115248
0,0,경기76아1122,3,28,233000125,233000721,27,20221023-115248
0,0,경기76아4651,3,39,233000125,277103316,66,20221023-115248
0,0,경기76아4652,3,18,233000125,277103203,49,20221023-115303
0,0,경기76아1122,3,28,233000125,233000721,27,20221023-115303
0,0,경기76아4650,3,45,233000125,233002296,101,20221023-115303
0,0,경기76아4651,3,39,233000125,277103316,66,20221023-115303
0,0,경기76아1122,3,27,233000125,233000721,27,20221023-115318
0,0,경기76아4652,3,18,233000125,277103203,49,20221023-115318
0,0,경기76아4650,3,45,233000125,233000207,102,20221023-115318
0,0,경기76아4651,3,39,233000125,277103316,66,20221023-115318
0,0,경기76아1122,3,27,233000125,233000721,27,20221023-115333
0,0,경기76아4652,3,18,233000125,277103203,49,20221023-115333
0,0,경기76아4650,3,45,233000125,233000207,102,20221023-115333
0,0,경기76아4651,3,39,233000125,277103527,67,20221023-115333
0,0,경기76아1122,3,27,233000125,233000721,27,20221023-115348
0,0,경기76아4650,3,45,233000125,233002216,103,20221023-115348
0,0,경기76아4652,3,18,233000125,277103205,50,20221023-115348
0,0,경기76아4651,3,39,233000125,277103527,67,20221023-115348
0,0,경기76아1122,3,27,233000125,233000721,27,20221023-115402
0,0,경기76아4650,3,45,233000125,233002216,103,20221023-115402
0,0,경기76아4652,3,18,233000125,277103205,50,20221023-115402
0,0,경기76아4651,3,39,233000125,277103527,67,20221023-115402
0,0,경기76아1122,3,27,233000125,233000721,27,20221023-115417
0,0,경기76아4652,3,18,233000125,277103205,50,20221023-115417
0,0,경기76아4650,3,45,233000125,233002223,104,20221023-115417
0,0,경기76아4651,3,39,233000125,277103527,67,20221023-115417
0,0,경기76아1122,3,27,233000125,233000721,27,20221023-115432
0,0,경기76아4652,3,18,233000125,277103205,50,20221023-115432
0,0,경기76아4650,3,45,233000125,233002223,104,20221023-115432
0,0,경기76아4651,3,39,233000125,277103527,67,20221023-115432
0,0,경기76아1122,3,27,233000125,233000721,27,20221023-115447
0,0,경기76아4652,3,18,233000125,277103205,50,20221023-115447
0,0,경기76아4650,3,45,233000125,233002223,104,20221023-115447
0,0,경기76아4651,3,39,233000125,277103527,67,20221023-115447
0,0,경기76아1122,3,27,233000125,233000721,27,20221023-115504
0,0,경기76아4652,3,18,233000125,277103205,50,20221023-115504
0,0,경기76아4650,3,45,233000125,233002223,104,20221023-115504
0,0,경기76아4651,3,39,233000125,277103527,67,20221023-115504
0,0,경기76아4652,3,18,233000125,277103205,50,20221023-115519
0,0,경기76아1122,3,27,233000125,233000721,27,20221023-115519
0,0,경기76아4650,3,45,233000125,233002214,105,20221023-115519
0,0,경기76아4651,3,39,233000125,277103527,67,20221023-115519
0,0,경기76아4652,3,18,233000125,277103205,50,20221023-115534
0,0,경기76아1122,3,27,233000125,233000721,27,20221023-115534
0,0,경기76아4650,3,45,233000125,233002214,105,20221023-115534
0,0,경기76아4651,3,39,233000125,277103527,67,20221023-115534
0,0,경기76아4652,3,18,233000125,277103205,50,20221023-115549
0,0,경기76아4650,3,45,233000125,233002214,105,20221023-115549
0,0,경기76아1122,3,27,233000125,233000721,27,20221023-115549
0,0,경기76아4651,3,39,233000125,277103527,67,20221023-115549
0,0,경기76아4652,3,18,233000125,277103205,50,20221023-115604
0,0,경기76아4650,3,45,233000125,233002214,105,20221023-115604
0,0,경기76아1122,3,27,233000125,233000720,28,20221023-115604
0,0,경기76아4651,3,39,233000125,277103519,68,20221023-115604
0,0,경기76아4652,3,18,233000125,277103205,50,20221023-115619
0,0,경기76아4650,3,45,233000125,233002214,105,20221023-115619
0,0,경기76아1122,3,27,233000125,233000720,28,20221023-115619
0,0,경기76아4651,3,39,233000125,277103519,68,20221023-115619
0,0,경기76아4652,3,18,233000125,277103205,50,20221023-115634
0,0,경기76아1122,3,25,233000125,233000720,28,20221023-115634
0,0,경기76아4650,3,45,233000125,233002214,105,20221023-115634
0,0,경기76아4651,3,39,233000125,277103519,68,20221023-115634
0,0,경기76아4652,3,18,233000125,277103903,51,20221023-115649
0,0,경기76아4650,3,45,233000125,233002214,105,20221023-115649
0,0,경기76아1122,3,25,233000125,233000720,28,20221023-115649
0,0,경기76아4651,3,39,233000125,277103519,68,20221023-115649
0,0,경기76아4652,3,18,233000125,277103903,51,20221023-115704
0,0,경기76아1122,3,25,233000125,233000720,28,20221023-115704
0,0,경기76아4651,3,39,233000125,277103519,68,20221023-115704
0,0,경기76아1122,3,25,233000125,233000720,28,20221023-115719
0,0,경기76아4652,3,18,233000125,120000671,52,20221023-115719
0,0,경기76아4651,3,39,233000125,277103519,68,20221023-115719
0,0,경기76아4652,3,18,233000125,120000671,52,20221023-115734
0,0,경기76아1122,3,25,233000125,233000720,28,20221023-115734
0,0,경기76아4651,3,39,233000125,277103519,68,20221023-115734
0,0,경기76아1122,3,25,233000125,233000720,28,20221023-115749
0,0,경기76아4652,3,18,233000125,120000671,52,20221023-115749
0,0,경기76아4651,3,39,233000125,277103519,68,20221023-115749
0,0,경기76아4652,3,18,233000125,277103902,53,20221023-115803
0,0,경기76아1122,3,25,233000125,233000719,29,20221023-115803
0,0,경기76아4651,3,39,233000125,233000781,69,20221023-115803
0,0,경기76아1122,3,25,233000125,233000719,29,20221023-115818
0,0,경기76아4652,3,18,233000125,277103902,53,20221023-115818
0,0,경기76아4651,3,39,233000125,233000781,69,20221023-115818
0,0,경기76아4652,3,18,233000125,277103902,53,20221023-115833
0,0,경기76아1122,3,25,233000125,233000718,30,20221023-115833
0,0,경기76아4651,3,39,233000125,233000781,69,20221023-115833
0,0,경기76아4652,3,18,233000125,277103902,53,20221023-115848
0,0,경기76아1122,3,24,233000125,233000718,30,20221023-115848
0,0,경기76아4651,3,39,233000125,233000781,69,20221023-115848
0,0,경기76아4652,3,18,233000125,277103902,53,20221023-115903
0,0,경기76아1122,3,24,233000125,233000718,30,20221023-115903
0,0,경기76아4651,3,39,233000125,233000781,69,20221023-115903
0,0,경기76아4652,3,18,233000125,277103902,53,20221023-115918
0,0,경기76아1122,3,24,233000125,233000718,30,20221023-115918
0,0,경기76아4651,3,39,233000125,233000781,69,20221023-115918
0,0,경기76아4652,3,18,233000125,277103902,53,20221023-115933
0,0,경기76아1122,3,24,233000125,233000718,30,20221023-115933
0,0,경기76아4651,3,39,233000125,233000781,69,20221023-115933
0,0,경기76아4652,3,18,233000125,277103902,53,20221023-115948
0,0,경기76아1122,3,24,233000125,233000718,30,20221023-115948
0,0,경기76아4651,3,39,233000125,233000781,69,20221023-115948
0,0,경기76아4652,3,18,233000125,277103902,53,20221023-120003
0,0,경기76아1122,3,24,233000125,233000842,31,20221023-120003
0,0,경기76아4651,3,39,233000125,233000781,69,20221023-120003
0,0,경기76아1122,3,24,233000125,233000842,31,20221023-120018
0,0,경기76아4652,3,18,233000125,121001315,54,20221023-120018
0,0,경기76아4651,3,39,233000125,233000781,69,20221023-120018
0,0,경기76아4652,3,18,233000125,121001315,54,20221023-120033
0,0,경기76아1122,3,28,233000125,233000842,31,20221023-120033
0,0,경기76아4651,3,39,233000125,233000781,69,20221023-120033
0,0,경기76아4652,3,18,233000125,121001315,54,20221023-120048
0,0,경기76아1122,3,28,233000125,233000842,31,20221023-120048
0,0,경기76아4651,3,39,233000125,233000781,69,20221023-120048
0,0,경기76아4652,3,18,233000125,121001315,54,20221023-120103
0,0,경기76아1122,3,28,233000125,233000842,31,20221023-120103
0,0,경기76아4651,3,39,233000125,233000849,70,20221023-120103
0,0,경기76아4652,3,18,233000125,121001315,54,20221023-120118
0,0,경기76아1122,3,28,233000125,233002149,32,20221023-120118
0,0,경기76아1123,3,46,233000125,233002226,1,20221023-120118
0,0,경기76아4651,3,39,233000125,233000848,71,20221023-120118
0,0,경기76아4652,3,18,233000125,121001315,54,20221023-120133
0,0,경기76아1122,3,28,233000125,233002149,32,20221023-120133
0,0,경기76아1123,3,46,233000125,233002226,1,20221023-120133
0,0,경기76아4651,3,39,233000125,233000848,71,20221023-120133
0,0,경기76아4652,3,18,233000125,121001315,54,20221023-120148
0,0,경기76아1122,3,28,233000125,233002149,32,20221023-120148
0,0,경기76아4651,3,39,233000125,233000848,71,20221023-120148
0,0,경기76아1123,3,46,233000125,233002226,1,20221023-120148
0,0,경기76아4652,3,18,233000125,121001315,54,20221023-120202
0,0,경기76아1122,3,28,233000125,233000717,33,20221023-120202
0,0,경기76아4651,3,39,233000125,233000848,71,20221023-120202
0,0,경기76아1123,3,46,233000125,277102459,2,20221023-120202
0,0,경기76아4652,3,18,233000125,121001315,54,20221023-120218
0,0,경기76아1122,3,28,233000125,233000716,34,20221023-120218
0,0,경기76아1123,3,46,233000125,277102459,2,20221023-120218
0,0,경기76아4651,3,39,233000125,233000847,72,20221023-120218
0,0,경기76아4652,3,18,233000125,121001315,54,20221023-120232
0,0,경기76아1122,3,28,233000125,233000059,35,20221023-120232
0,0,경기76아1123,3,46,233000125,277102459,2,20221023-120232
0,0,경기76아4651,3,39,233000125,233000847,72,20221023-120232
0,0,경기76아4652,3,18,233000125,121001315,54,20221023-120247
0,0,경기76아1122,3,28,233000125,233000059,35,20221023-120247
0,0,경기76아4651,3,39,233000125,233002174,73,20221023-120247
0,0,경기76아1123,3,46,233000125,277102459,2,20221023-120247
0,0,경기76아4652,3,45,233000125,121001315,54,20221023-120302
0,0,경기76아1122,3,28,233000125,233000891,36,20221023-120302
0,0,경기76아1123,3,46,233000125,277102459,2,20221023-120302
0,0,경기76아4651,3,39,233000125,233002174,73,20221023-120302
0,0,경기76아4652,3,45,233000125,121001315,54,20221023-120317
0,0,경기76아1122,3,28,233000125,233000891,36,20221023-120317
0,0,경기76아4651,3,39,233000125,233002174,73,20221023-120317
0,0,경기76아1123,3,46,233000125,233002221,3,20221023-120317
0,0,경기76아4652,3,45,233000125,277101688,55,20221023-120332
0,0,경기76아1122,3,23,233000125,233000891,36,20221023-120332
0,0,경기76아4651,3,39,233000125,233002174,73,20221023-120332
0,0,경기76아1123,3,46,233000125,233002221,3,20221023-120332
0,0,경기76아4652,3,45,233000125,277101688,55,20221023-120347
0,0,경기76아1122,3,23,233000125,233000891,36,20221023-120347
0,0,경기76아4651,3,39,233000125,233002174,73,20221023-120347
0,0,경기76아1123,3,46,233000125,233002221,3,20221023-120347
0,0,경기76아4652,3,45,233000125,277101688,55,20221023-120404
0,0,경기76아1122,3,23,233000125,233000891,36,20221023-120404
0,0,경기76아4651,3,39,233000125,233002174,73,20221023-120404
0,0,경기76아1123,3,46,233000125,233002221,3,20221023-120404
0,0,경기76아4652,3,45,233000125,277101688,55,20221023-120419
0,0,경기76아1122,3,23,233000125,233000715,37,20221023-120419
0,0,경기76아1123,3,46,233000125,233002224,4,20221023-120419
0,0,경기76아4651,3,39,233000125,233000055,74,20221023-120419
0,0,경기76아4652,3,45,233000125,277101688,55,20221023-120434
0,0,경기76아1122,3,23,233000125,233000715,37,20221023-120434
0,0,경기76아1123,3,46,233000125,233002224,4,20221023-120434
0,0,경기76아4651,3,39,233000125,233000055,74,20221023-120434
0,0,경기76아4652,3,45,233000125,277101688,55,20221023-120449
0,0,경기76아1122,3,23,233000125,233000715,37,20221023-120449
0,0,경기76아1123,3,46,233000125,233002224,4,20221023-120449
0,0,경기76아4651,3,40,233000125,233000846,75,20221023-120449
0,0,경기76아4652,3,45,233000125,277101688,55,20221023-120504
0,0,경기76아1122,3,23,233000125,233000715,37,20221023-120504
0,0,경기76아1123,3,46,233000125,233002224,4,20221023-120504
0,0,경기76아4651,3,40,233000125,233000846,75,20221023-120504
0,0,경기76아4652,3,45,233000125,277101688,55,20221023-120519
0,0,경기76아1122,3,23,233000125,233000714,38,20221023-120519
0,0,경기76아1123,3,45,233000125,233002225,5,20221023-120519
0,0,경기76아4651,3,40,233000125,233000845,76,20221023-120519
0,0,경기76아4652,3,45,233000125,119900083,56,20221023-120534
0,0,경기76아1122,3,23,233000125,233000713,39,20221023-120534
0,0,경기76아4651,3,40,233000125,233000845,76,20221023-120534
0,0,경기76아1123,3,45,233000125,233002225,5,20221023-120534
0,0,경기76아4652,3,45,233000125,119900083,56,20221023-120549
0,0,경기76아1122,3,23,233000125,233000713,39,20221023-120549
0,0,경기76아1123,3,45,233000125,233002225,5,20221023-120549
0,0,경기76아4651,3,40,233000125,233002150,77,20221023-120549
0,0,경기76아4652,3,45,233000125,119900083,56,20221023-120605
0,0,경기76아1122,3,23,233000125,233000713,39,20221023-120605
0,0,경기76아1123,3,45,233000125,233002225,5,20221023-120605
0,0,경기76아4651,3,40,233000125,233002150,77,20221023-120605
0,0,경기76아4652,3,45,233000125,119900083,56,20221023-120619
0,0,경기76아1122,3,23,233000125,233000713,39,20221023-120619
0,0,경기76아1123,3,45,233000125,233002225,5,20221023-120619
0,0,경기76아4651,3,40,233000125,233002150,77,20221023-120619
0,0,경기76아4652,3,45,233000125,119900083,56,20221023-120634
0,0,경기76아1122,3,23,233000125,233000712,40,20221023-120634
0,0,경기76아1123,3,45,233000125,233002295,6,20221023-120634
0,0,경기76아4651,3,40,233000125,233002150,77,20221023-120634
0,0,경기76아4652,3,45,233000125,119900083,56,20221023-120649
0,0,경기76아1122,3,22,233000125,233000712,40,20221023-120649
0,0,경기76아1123,3,45,233000125,233002295,6,20221023-120649
0,0,경기76아4651,3,40,233000125,233000844,78,20221023-120649
0,0,경기76아4652,3,45,233000125,119900083,56,20221023-120704
0,0,경기76아1122,3,22,233000125,233000712,40,20221023-120704
0,0,경기76아1123,3,45,233000125,233002295,6,20221023-120704
0,0,경기76아4651,3,40,233000125,233000844,78,20221023-120704
0,0,경기76아4652,3,45,233000125,119900083,56,20221023-120718
0,0,경기76아1122,3,22,233000125,233000712,40,20221023-120718
0,0,경기76아1123,3,45,233000125,233001041,7,20221023-120718
0,0,경기76아4651,3,40,233000125,233000844,78,20221023-120718
0,0,경기76아4652,3,45,233000125,119900083,56,20221023-120733
0,0,경기76아1122,3,22,233000125,233000712,40,20221023-120733
0,0,경기76아4651,3,40,233000125,233000844,78,20221023-120733
0,0,경기76아1123,3,44,233000125,233001041,7,20221023-120733
0,0,경기76아4652,3,45,233000125,119900083,56,20221023-120748
0,0,경기76아1122,3,22,233000125,233000712,40,20221023-120748
0,0,경기76아1123,3,44,233000125,233001041,7,20221023-120748
0,0,경기76아4651,3,40,233000125,233000844,78,20221023-120748
0,0,경기76아4652,3,45,233000125,119900083,56,20221023-120803
0,0,경기76아1122,3,22,233000125,233000712,40,20221023-120803
0,0,경기76아4651,3,40,233000125,233000844,78,20221023-120803
0,0,경기76아1123,3,44,233000125,233002131,8,20221023-120803
0,0,경기76아4652,3,45,233000125,119900083,56,20221023-120818
0,0,경기76아1122,3,22,233000125,233000712,40,20221023-120818
0,0,경기76아4651,3,40,233000125,233000843,79,20221023-120818
0,0,경기76아1123,3,44,233000125,233000148,9,20221023-120818
0,0,경기76아4652,3,45,233000125,119900083,56,20221023-120833
0,0,경기76아1122,3,22,233000125,233000712,40,20221023-120833
0,0,경기76아4651,3,40,233000125,233000843,79,20221023-120833
0,0,경기76아1123,3,44,233000125,233000148,9,20221023-120833
0,0,경기76아4652,3,45,233000125,119900083,56,20221023-120848
0,0,경기76아1122,3,22,233000125,233000712,40,20221023-120848
0,0,경기76아1123,3,44,233000125,233000148,9,20221023-120848
0,0,경기76아4651,3,40,233000125,233000780,80,20221023-120848
0,0,경기76아4652,3,45,233000125,119900083,56,20221023-120903
0,0,경기76아1122,3,22,233000125,233000712,40,20221023-120903
0,0,경기76아1123,3,44,233000125,233000148,9,20221023-120903
0,0,경기76아4651,3,40,233000125,233000780,80,20221023-120903
0,0,경기76아4652,3,45,233000125,119900083,56,20221023-120918
0,0,경기76아1122,3,22,233000125,233000712,40,20221023-120918
0,0,경기76아1123,3,44,233000125,233000191,10,20221023-120918
0,0,경기76아4651,3,40,233000125,233000780,80,20221023-120918
0,0,경기76아4652,3,45,233000125,119900083,56,20221023-120933
0,0,경기76아1122,3,22,233000125,233000712,40,20221023-120933
0,0,경기76아4651,3,40,233000125,233000780,80,20221023-120933
0,0,경기76아1123,3,43,233000125,233000191,10,20221023-120933
0,0,경기76아4652,3,45,233000125,119900083,56,20221023-120948
0,0,경기76아1122,3,22,233000125,233000712,40,20221023-120948
0,0,경기76아4651,3,40,233000125,233000779,81,20221023-120948
0,0,경기76아1123,3,43,233000125,233000190,11,20221023-120948
0,0,경기76아1122,3,22,233000125,233000712,40,20221023-121004
0,0,경기76아4652,3,31,233000125,119900083,56,20221023-121004
0,0,경기76아4651,3,40,233000125,233000779,81,20221023-121004
0,0,경기76아1123,3,43,233000125,233000190,11,20221023-121004
0,0,경기76아1122,3,22,233000125,233000712,40,20221023-121018
0,0,경기76아4652,3,31,233000125,119900083,56,20221023-121018
0,0,경기76아4651,3,40,233000125,233000779,81,20221023-121018
0,0,경기76아1123,3,43,233000125,233000190,11,20221023-121018
0,0,경기76아4652,3,31,233000125,119900083,56,20221023-121033
0,0,경기76아1122,3,22,233000125,233000712,40,20221023-121033
0,0,경기76아4651,3,40,233000125,233000779,81,20221023-121033
0,0,경기76아1123,3,43,233000125,233000190,11,20221023-121033
0,0,경기76아4652,3,31,233000125,119900083,56,20221023-121048
0,0,경기76아1122,3,22,233000125,233000712,40,20221023-121048
0,0,경기76아4651,3,40,233000125,233000779,81,20221023-121048
0,0,경기76아1123,3,43,233000125,233000189,12,20221023-121048
0,0,경기76아4652,3,31,233000125,119900083,56,20221023-121103
0,0,경기76아1122,3,22,233000125,277103520,41,20221023-121103
0,0,경기76아4651,3,40,233000125,233000779,81,20221023-121103
0,0,경기76아1123,3,43,233000125,233000189,12,20221023-121103
0,0,경기76아4652,3,31,233000125,119900083,56,20221023-121118
0,0,경기76아1122,3,22,233000125,277103520,41,20221023-121118
0,0,경기76아4651,3,40,233000125,233000779,81,20221023-121118
0,0,경기76아1123,3,43,233000125,233000189,12,20221023-121118
0,0,경기76아4652,3,31,233000125,119900083,56,20221023-121133
0,0,경기76아1122,3,22,233000125,277103520,41,20221023-121133
0,0,경기76아4651,3,40,233000125,233000779,81,20221023-121133
0,0,경기76아1123,3,43,233000125,233000189,12,20221023-121133
0,0,경기76아4652,3,31,233000125,119900083,56,20221023-121148
0,0,경기76아1122,3,22,233000125,277103520,41,20221023-121148
0,0,경기76아4651,3,40,233000125,233000779,81,20221023-121148
0,0,경기76아1123,3,43,233000125,233000189,12,20221023-121148
0,0,경기76아4652,3,31,233000125,119900083,56,20221023-121203
0,0,경기76아1122,3,22,233000125,277103520,41,20221023-121203
0,0,경기76아1123,3,43,233000125,233000189,12,20221023-121203
0,0,경기76아4651,3,40,233000125,233000779,81,20221023-121203
0,0,경기76아4652,3,31,233000125,119900083,56,20221023-121218
0,0,경기76아1122,3,22,233000125,277103520,41,20221023-121218
0,0,경기76아1123,3,43,233000125,233000189,12,20221023-121218
0,0,경기76아4651,3,40,233000125,233000779,81,20221023-121218
0,0,경기76아4652,3,31,233000125,119900083,56,20221023-121233
0,0,경기76아1122,3,22,233000125,277103520,41,20221023-121233
0,0,경기76아1123,3,43,233000125,233000189,12,20221023-121233
0,0,경기76아4651,3,40,233000125,233000779,81,20221023-121233
0,0,경기76아4652,3,31,233000125,119900083,56,20221023-121248
0,0,경기76아1122,3,22,233000125,277103520,41,20221023-121248
0,0,경기76아1123,3,43,233000125,233000189,12,20221023-121248
0,0,경기76아4651,3,40,233000125,233000779,81,20221023-121248
0,0,경기76아4652,3,31,233000125,119900083,56,20221023-121302
0,0,경기76아1122,3,22,233000125,277103520,41,20221023-121302
0,0,경기76아4651,3,40,233000125,233000779,81,20221023-121302
0,0,경기76아1123,3,43,233000125,233000189,12,20221023-121302
0,0,경기76아4652,3,31,233000125,119900083,56,20221023-121317
0,0,경기76아1122,3,22,233000125,277103520,41,20221023-121317
0,0,경기76아4651,3,40,233000125,233000779,81,20221023-121317
0,0,경기76아1123,3,43,233000125,233000189,12,20221023-121317
0,0,경기76아4652,3,31,233000125,119900083,56,20221023-121332
0,0,경기76아1122,3,22,233000125,277103520,41,20221023-121332
0,0,경기76아4651,3,40,233000125,233000779,81,20221023-121332
0,0,경기76아1123,3,43,233000125,233000189,12,20221023-121332
0,0,경기76아4652,3,31,233000125,119900083,56,20221023-121347
0,0,경기76아1122,3,22,233000125,277103520,41,20221023-121347
0,0,경기76아4651,3,40,233000125,233000779,81,20221023-121347
0,0,경기76아1123,3,43,233000125,233001943,13,20221023-121347
0,0,경기76아4652,3,31,233000125,277103902,53,20221023-121403
0,0,경기76아1122,3,22,233000125,277103528,42,20221023-121403
0,0,경기76아4651,3,40,233000125,233000779,81,20221023-121403
0,0,경기76아1123,3,43,233000125,233000188,14,20221023-121403
0,0,경기76아1122,3,22,233000125,277103528,42,20221023-121417
0,0,경기76아4652,3,31,233000125,277102049,57,20221023-121417
0,0,경기76아4651,3,40,233000125,233000779,81,20221023-121417
0,0,경기76아1123,3,43,233000125,233000188,14,20221023-121417
0,0,경기76아4652,3,31,233000125,277102049,57,20221023-121432
0,0,경기76아1122,3,22,233000125,277103528,42,20221023-121432
0,0,경기76아1123,3,42,233000125,233000188,14,20221023-121432
0,0,경기76아4651,3,40,233000125,233000778,82,20221023-121432
0,0,경기76아4652,3,31,233000125,277102049,57,20221023-121447
0,0,경기76아1122,3,22,233000125,277103528,42,20221023-121447
0,0,경기76아1123,3,42,233000125,233000188,14,20221023-121447
0,0,경기76아4651,3,40,233000125,233000778,82,20221023-121447
0,0,경기76아4652,3,31,233000125,277102049,57,20221023-121503
0,0,경기76아1122,3,22,233000125,277103528,42,20221023-121503
0,0,경기76아1123,3,42,233000125,233000188,14,20221023-121503
0,0,경기76아4651,3,40,233000125,233000778,82,20221023-121503
0,0,경기76아4652,3,31,233000125,277102049,57,20221023-121518
0,0,경기76아1122,3,22,233000125,277103317,43,20221023-121518
0,0,경기76아1123,3,42,233000125,233000188,14,20221023-121518
0,0,경기76아4651,3,40,233000125,233000778,82,20221023-121518
0,0,경기76아4652,3,31,233000125,277102049,57,20221023-121533
0,0,경기76아1122,3,22,233000125,277103317,43,20221023-121533
0,0,경기76아1123,3,42,233000125,233000188,14,20221023-121533
0,0,경기76아4651,3,40,233000125,233000777,83,20221023-121533
0,0,경기76아4652,3,31,233000125,277102049,57,20221023-121548
0,0,경기76아1122,3,22,233000125,277103317,43,20221023-121548
0,0,경기76아1123,3,42,233000125,233000188,14,20221023-121548
0,0,경기76아4651,3,40,233000125,233000777,83,20221023-121548
0,0,경기76아4652,3,31,233000125,277102049,57,20221023-121603
0,0,경기76아1122,3,22,233000125,277103317,43,20221023-121603
0,0,경기76아1123,3,42,233000125,233000188,14,20221023-121603
0,0,경기76아4651,3,41,233000125,233000777,83,20221023-121603
0,0,경기76아4652,3,31,233000125,277102049,57,20221023-121618
0,0,경기76아1122,3,22,233000125,277103317,43,20221023-121618
0,0,경기76아4651,3,41,233000125,233000776,84,20221023-121618
0,0,경기76아1123,3,42,233000125,233001318,15,20221023-121618
0,0,경기76아4652,3,31,233000125,277102049,57,20221023-121633
0,0,경기76아1122,3,22,233000125,277103317,43,20221023-121633
0,0,경기76아4651,3,41,233000125,233000776,84,20221023-121633
0,0,경기76아1123,3,42,233000125,233001318,15,20221023-121633
0,0,경기76아4652,3,31,233000125,277102049,57,20221023-121648
0,0,경기76아1122,3,22,233000125,277103317,43,20221023-121648
0,0,경기76아1123,3,42,233000125,233001318,15,20221023-121648
0,0,경기76아4651,3,41,233000125,233000774,85,20221023-121648
0,0,경기76아1122,3,22,233000125,277103317,43,20221023-121703
0,0,경기76아4652,3,31,233000125,277102291,58,20221023-121703
0,0,경기76아4651,3,41,233000125,233000774,85,20221023-121703
0,0,경기76아1123,3,42,233000125,233001318,15,20221023-121703
0,0,경기76아1122,3,22,233000125,277103317,43,20221023-121718
0,0,경기76아4652,3,31,233000125,277102291,58,20221023-121718
0,0,경기76아1123,3,42,233000125,233001318,15,20221023-121718
0,0,경기76아4651,3,41,233000125,233000774,85,20221023-121718
0,0,경기76아1122,3,22,233000125,277103317,43,20221023-121733
0,0,경기76아4652,3,31,233000125,277102291,58,20221023-121733
0,0,경기76아1123,3,42,233000125,233001318,15,20221023-121733
0,0,경기76아4651,3,41,233000125,233000774,85,20221023-121733
0,0,경기76아1122,3,22,233000125,277103317,43,20221023-121748
0,0,경기76아4652,3,31,233000125,277102291,58,20221023-121748
0,0,경기76아1123,3,42,233000125,233001318,15,20221023-121748
0,0,경기76아4651,3,41,233000125,233000774,85,20221023-121748
0,0,경기76아4652,3,31,233000125,277102291,58,20221023-121803
0,0,경기76아1122,3,22,233000125,277103317,43,20221023-121803
0,0,경기76아1123,3,42,233000125,233000730,16,20221023-121803
0,0,경기76아4651,3,41,233000125,233000773,86,20221023-121803
0,0,경기76아4652,3,31,233000125,277102291,58,20221023-121818
0,0,경기76아1122,3,22,233000125,277103317,43,20221023-121818
0,0,경기76아1123,3,42,233000125,233000730,16,20221023-121818
0,0,경기76아4651,3,41,233000125,233003082,87,20221023-121818
0,0,경기76아4652,3,31,233000125,277102291,58,20221023-121833
0,0,경기76아1122,3,22,233000125,277103315,44,20221023-121833
0,0,경기76아1123,3,45,233000125,233000730,16,20221023-121833
0,0,경기76아4651,3,41,233000125,233003082,87,20221023-121833
0,0,경기76아4652,3,31,233000125,277102291,58,20221023-121848
0,0,경기76아1122,3,22,233000125,277103315,44,20221023-121848
0,0,경기76아4651,3,41,233000125,233003082,87,20221023-121848
0,0,경기76아1123,3,45,233000125,233000730,16,20221023-121848
0,0,경기76아4652,3,31,233000125,277102291,58,20221023-121903
0,0,경기76아1122,3,22,233000125,277103315,44,20221023-121903
0,0,경기76아1123,3,45,233000125,233000729,17,20221023-121903
0,0,경기76아4651,3,41,233000125,233003082,87,20221023-121903
0,0,경기76아1122,3,22,233000125,277103315,44,20221023-121918
0,0,경기76아4652,3,31,233000125,277102291,58,20221023-121918
0,0,경기76아1123,3,45,233000125,233000729,17,20221023-121918
0,0,경기76아4651,3,41,233000125,233003082,87,20221023-121918
0,0,경기76아1122,3,22,233000125,277103315,44,20221023-121933
0,0,경기76아4652,3,31,233000125,277102291,58,20221023-121933
0,0,경기76아1123,3,45,233000125,233000729,17,20221023-121933
0,0,경기76아4651,3,41,233000125,233003082,87,20221023-121933
0,0,경기76아4652,3,31,233000125,277102291,58,20221023-121948
0,0,경기76아1122,3,22,233000125,277103315,44,20221023-121948
0,0,경기76아1123,3,45,233000125,233000729,17,20221023-121948
0,0,경기76아4651,3,41,233000125,233003082,87,20221023-121948
0,0,경기76아4652,3,31,233000125,277102291,58,20221023-122003
0,0,경기76아1122,3,22,233000125,277103315,44,20221023-122003
0,0,경기76아4651,3,41,233000125,233003082,87,20221023-122003
0,0,경기76아1123,3,44,233000125,233000729,17,20221023-122003
0,0,경기76아4652,3,31,233000125,277102291,58,20221023-122018
0,0,경기76아1122,3,22,233000125,277103315,44,20221023-122018
0,0,경기76아1123,3,44,233000125,233000729,17,20221023-122018
0,0,경기76아4651,3,41,233000125,233000772,88,20221023-122018
0,0,경기76아4652,3,31,233000125,277102291,58,20221023-122033
0,0,경기76아1122,3,22,233000125,226000039,45,20221023-122033
0,0,경기76아1123,3,44,233000125,233000729,17,20221023-122033
0,0,경기76아4651,3,41,233000125,233000772,88,20221023-122033
0,0,경기76아1122,3,22,233000125,226000039,45,20221023-122048
0,0,경기76아4652,3,31,233000125,277103204,59,20221023-122048
0,0,경기76아1123,3,44,233000125,233000729,17,20221023-122048
0,0,경기76아4651,3,41,233000125,233000772,88,20221023-122048
0,0,경기76아4652,3,31,233000125,277103204,59,20221023-122103
0,0,경기76아1122,3,22,233000125,226000039,45,20221023-122103
0,0,경기76아4651,3,41,233000125,233000772,88,20221023-122103
0,0,경기76아1123,3,44,233000125,233000728,18,20221023-122103
0,0,경기76아4652,3,31,233000125,277103204,59,20221023-122118
0,0,경기76아1122,3,22,233000125,226000039,45,20221023-122118
0,0,경기76아4651,3,41,233000125,233000772,88,20221023-122118
0,0,경기76아1123,3,44,233000125,233000728,18,20221023-122118
0,0,경기76아1122,3,22,233000125,226000039,45,20221023-122133
0,0,경기76아4652,3,31,233000125,277103204,59,20221023-122133
0,0,경기76아1123,3,44,233000125,233000728,18,20221023-122133
0,0,경기76아4651,3,41,233000125,233000772,88,20221023-122133
0,0,경기76아1122,3,22,233000125,226000039,45,20221023-122148
0,0,경기76아4652,3,31,233000125,277103204,59,20221023-122148
0,0,경기76아1123,3,44,233000125,233000728,18,20221023-122148
0,0,경기76아4651,3,41,233000125,233000771,89,20221023-122148
0,0,경기76아4652,3,31,233000125,277103204,59,20221023-122203
0,0,경기76아1122,3,22,233000125,226000039,45,20221023-122203
0,0,경기76아1123,3,44,233000125,233000728,18,20221023-122203
0,0,경기76아4651,3,41,233000125,233000771,89,20221023-122203
0,0,경기76아4652,3,31,233000125,277103204,59,20221023-122218
0,0,경기76아1122,3,22,233000125,226000039,45,20221023-122218
0,0,경기76아1123,3,44,233000125,233000728,18,20221023-122218
0,0,경기76아4651,3,41,233000125,233000770,90,20221023-122218
0,0,경기76아1122,3,22,233000125,277103221,46,20221023-122233
0,0,경기76아4652,3,31,233000125,277103204,59,20221023-122233
0,0,경기76아1123,3,44,233000125,233000728,18,20221023-122233
0,0,경기76아4651,3,41,233000125,233000770,90,20221023-122233
0,0,경기76아1122,3,22,233000125,277103221,46,20221023-122248
0,0,경기76아4652,3,31,233000125,277103202,60,20221023-122248
0,0,경기76아1123,3,44,233000125,233000728,18,20221023-122248
0,0,경기76아4651,3,41,233000125,233000770,90,20221023-122248
0,0,경기76아1122,3,22,233000125,277103221,46,20221023-122302
0,0,경기76아4652,3,31,233000125,277103202,60,20221023-122302
0,0,경기76아1123,3,44,233000125,233000728,18,20221023-122302
0,0,경기76아4651,3,41,233000125,233000770,90,20221023-122302
0,0,경기76아4652,3,31,233000125,277103202,60,20221023-122317
0,0,경기76아1122,3,22,233000125,277103221,46,20221023-122317
0,0,경기76아1123,3,44,233000125,233000728,18,20221023-122317
0,0,경기76아4651,3,41,233000125,233000769,91,20221023-122317
0,0,경기76아4652,3,31,233000125,277103202,60,20221023-122332
0,0,경기76아1122,3,22,233000125,277103221,46,20221023-122332
0,0,경기76아1123,3,44,233000125,233000728,18,20221023-122332
0,0,경기76아4651,3,41,233000125,233000769,91,20221023-122332
0,0,경기76아4652,3,31,233000125,277103202,60,20221023-122347
0,0,경기76아1122,3,22,233000125,277103221,46,20221023-122347
0,0,경기76아4651,3,41,233000125,233000768,92,20221023-122347
0,0,경기76아1123,3,44,233000125,233000728,18,20221023-122347
0,0,경기76아1122,3,22,233000125,277103221,46,20221023-122404
0,0,경기76아4652,3,31,233000125,277103201,61,20221023-122404
0,0,경기76아4651,3,41,233000125,233000768,92,20221023-122404
0,0,경기76아1123,3,44,233000125,233001404,19,20221023-122404
0,0,경기76아1122,3,22,233000125,277103221,46,20221023-122419
0,0,경기76아4652,3,31,233000125,277103201,61,20221023-122419
0,0,경기76아1123,3,44,233000125,233000727,20,20221023-122419
0,0,경기76아4651,3,42,233000125,233000768,92,20221023-122419
0,0,경기76아1122,3,22,233000125,277103221,46,20221023-122434
0,0,경기76아4652,3,31,233000125,277103201,61,20221023-122434
0,0,경기76아4651,3,42,233000125,233000768,92,20221023-122434
0,0,경기76아1123,3,44,233000125,233000727,20,20221023-122434
0,0,경기76아1122,3,22,233000125,277103221,46,20221023-122449
0,0,경기76아4652,3,31,233000125,277103201,61,20221023-122449
0,0,경기76아1123,3,44,233000125,233000727,20,20221023-122449
0,0,경기76아4651,3,42,233000125,233001749,93,20221023-122449
0,0,경기76아1122,3,22,233000125,277103221,46,20221023-122504
0,0,경기76아4652,3,31,233000125,277103201,61,20221023-122504
0,0,경기76아1123,3,44,233000125,233000727,20,20221023-122504
0,0,경기76아4651,3,42,233000125,233001749,93,20221023-122504
0,0,경기76아1122,3,22,233000125,277103221,46,20221023-122519
0,0,경기76아4652,3,31,233000125,277103201,61,20221023-122519
0,0,경기76아1123,3,44,233000125,233000726,21,20221023-122519
0,0,경기76아4651,3,44,233000125,233001749,93,20221023-122519
0,0,경기76아4652,3,31,233000125,277103201,61,20221023-122534
0,0,경기76아1122,3,22,233000125,277103159,47,20221023-122534
0,0,경기76아1123,3,44,233000125,233000726,21,20221023-122534
0,0,경기76아4651,3,44,233000125,233001749,93,20221023-122534
0,0,경기76아4652,3,31,233000125,277103201,61,20221023-122549
0,0,경기76아1122,3,22,233000125,277103159,47,20221023-122549
0,0,경기76아1123,3,44,233000125,233000726,21,20221023-122549
0,0,경기76아4651,3,44,233000125,233002159,94,20221023-122549
0,0,경기76아4652,3,31,233000125,277103201,61,20221023-122604
0,0,경기76아1122,3,22,233000125,277103159,47,20221023-122604
0,0,경기76아1123,3,44,233000125,233000726,21,20221023-122604
0,0,경기76아4651,3,44,233000125,233002159,94,20221023-122604
0,0,경기76아4652,3,31,233000125,277103201,61,20221023-122619
0,0,경기76아1122,3,22,233000125,277103159,47,20221023-122619
0,0,경기76아4651,3,44,233000125,233002159,94,20221023-122619
0,0,경기76아1123,3,44,233000125,233000726,21,20221023-122619
0,0,경기76아1122,3,22,233000125,277103159,47,20221023-122634
0,0,경기76아4652,3,31,233000125,277103158,62,20221023-122634
0,0,경기76아4651,3,44,233000125,233002159,94,20221023-122634
0,0,경기76아1123,3,44,233000125,233000726,21,20221023-122634
0,0,경기76아4652,3,31,233000125,277103158,62,20221023-122649
0,0,경기76아1122,3,22,233000125,277103200,48,20221023-122649
0,0,경기76아4651,3,44,233000125,233002159,94,20221023-122649
0,0,경기76아1123,3,44,233000125,233000726,21,20221023-122649
0,0,경기76아4652,3,31,233000125,277103158,62,20221023-122703
0,0,경기76아1122,3,22,233000125,277103200,48,20221023-122703
0,0,경기76아4651,3,44,233000125,233002159,94,20221023-122703
0,0,경기76아1123,3,44,233000125,233000726,21,20221023-122703
0,0,경기76아4652,3,31,233000125,277103158,62,20221023-122718
0,0,경기76아1122,3,22,233000125,277103200,48,20221023-122718
0,0,경기76아4651,3,44,233000125,233002159,94,20221023-122718
0,0,경기76아1123,3,44,233000125,233000726,21,20221023-122718
0,0,경기76아4652,3,31,233000125,277103158,62,20221023-122733
0,0,경기76아1122,3,22,233000125,277103200,48,20221023-122733
0,0,경기76아1123,3,44,233000125,233000726,21,20221023-122733
0,0,경기76아4651,3,44,233000125,233001828,95,20221023-122733
0,0,경기76아1122,3,22,233000125,277103200,48,20221023-122748
0,0,경기76아4652,3,31,233000125,277103220,63,20221023-122748
0,0,경기76아1123,3,44,233000125,233000726,21,20221023-122748
0,0,경기76아4651,3,44,233000125,233001828,95,20221023-122748
0,0,경기76아1122,3,22,233000125,277103200,48,20221023-122803
0,0,경기76아4652,3,31,233000125,277103220,63,20221023-122803
0,0,경기76아1123,3,44,233000125,233000726,21,20221023-122803
0,0,경기76아4651,3,44,233000125,233001435,96,20221023-122803
0,0,경기76아1122,3,22,233000125,277103200,48,20221023-122818
0,0,경기76아4652,3,31,233000125,277103220,63,20221023-122818
0,0,경기76아1123,3,43,233000125,233000725,22,20221023-122818
0,0,경기76아4651,3,44,233000125,233000208,97,20221023-122818
0,0,경기76아1122,3,22,233000125,277103200,48,20221023-122833
0,0,경기76아4652,3,31,233000125,277103220,63,20221023-122833
0,0,경기76아4651,3,44,233000125,233001043,98,20221023-122833
0,0,경기76아1123,3,43,233000125,233000725,22,20221023-122833
0,0,경기76아1122,3,22,233000125,277103200,48,20221023-122848
0,0,경기76아4652,3,31,233000125,277103220,63,20221023-122848
0,0,경기76아1123,3,43,233000125,233002118,23,20221023-122848
0,0,경기76아4651,3,45,233000125,233001043,98,20221023-122848
0,0,경기76아1122,3,22,233000125,277103200,48,20221023-122903
0,0,경기76아4652,3,31,233000125,277103220,63,20221023-122903
0,0,경기76아4651,3,45,233000125,233001043,98,20221023-122903
0,0,경기76아1123,3,43,233000125,233002118,23,20221023-122903
0,0,경기76아4652,3,31,233000125,277103220,63,20221023-122918
0,0,경기76아1122,3,22,233000125,277103200,48,20221023-122918
0,0,경기76아4651,3,45,233000125,233001043,98,20221023-122918
0,0,경기76아1123,3,43,233000125,233002118,23,20221023-122918
0,0,경기76아1122,3,22,233000125,277103203,49,20221023-122933
0,0,경기76아4652,3,31,233000125,226000038,64,20221023-122933
0,0,경기76아4651,3,45,233000125,233001043,98,20221023-122933
0,0,경기76아1123,3,43,233000125,233002118,23,20221023-122933
0,0,경기76아4652,3,31,233000125,226000038,64,20221023-122948
0,0,경기76아1122,3,22,233000125,277103203,49,20221023-122948
0,0,경기76아4651,3,45,233000125,233001043,98,20221023-122948
0,0,경기76아1123,3,43,233000125,233002118,23,20221023-122948
0,0,경기76아1122,3,22,233000125,277103203,49,20221023-123003
0,0,경기76아4652,3,29,233000125,226000038,64,20221023-123003
0,0,경기76아4651,3,45,233000125,233001043,98,20221023-123003
0,0,경기76아1123,3,43,233000125,233000724,24,20221023-123003
0,0,경기76아1122,3,22,233000125,277103203,49,20221023-123018
0,0,경기76아4652,3,29,233000125,226000038,64,20221023-123018
0,0,경기76아1123,3,43,233000125,233000724,24,20221023-123018
0,0,경기76아4651,3,45,233000125,233002130,99,20221023-123018
0,0,경기76아1122,3,22,233000125,277103203,49,20221023-123033
0,0,경기76아4652,3,29,233000125,226000038,64,20221023-123033
0,0,경기76아1123,3,43,233000125,233000723,25,20221023-123033
0,0,경기76아4651,3,45,233000125,233002130,99,20221023-123033
0,0,경기76아4652,3,29,233000125,226000038,64,20221023-123048
0,0,경기76아1122,3,22,233000125,277103203,49,20221023-123048
0,0,경기76아1123,3,43,233000125,233000723,25,20221023-123048
0,0,경기76아1132,3,49,233000125,233002226,1,20221023-123048
0,0,경기76아4651,3,45,233000125,233001042,100,20221023-123048
0,0,경기76아1122,3,22,233000125,277103203,49,20221023-123103
0,0,경기76아4652,3,29,233000125,226000038,64,20221023-123103
0,0,경기76아1123,3,43,233000125,233000723,25,20221023-123103
0,0,경기76아1132,3,49,233000125,233002226,1,20221023-123103
0,0,경기76아4651,3,45,233000125,233001042,100,20221023-123103
0,0,경기76아4652,3,29,233000125,226000038,64,20221023-123117
0,0,경기76아1122,3,22,233000125,277103205,50,20221023-123117
0,0,경기76아1132,3,49,233000125,233002226,1,20221023-123117
0,0,경기76아1123,3,37,233000125,233000723,25,20221023-123117
0,0,경기76아4651,3,45,233000125,233002296,101,20221023-123117
0,0,경기76아4652,3,29,233000125,226000038,64,20221023-123132
0,0,경기76아1122,3,22,233000125,277103205,50,20221023-123132
0,0,경기76아1132,3,49,233000125,277102459,2,20221023-123132
0,0,경기76아1123,3,37,233000125,233000722,26,20221023-123132
0,0,경기76아4651,3,45,233000125,233000207,102,20221023-123132
0,0,경기76아1122,3,22,233000125,277103205,50,20221023-123147
0,0,경기76아4652,3,29,233000125,226000038,64,20221023-123147
0,0,경기76아1132,3,49,233000125,277102459,2,20221023-123147
0,0,경기76아1123,3,37,233000125,233000722,26,20221023-123147
0,0,경기76아4651,3,45,233000125,233000207,102,20221023-123147
0,0,경기76아1122,3,22,233000125,277103205,50,20221023-123204
0,0,경기76아4652,3,29,233000125,277103314,65,20221023-123204
0,0,경기76아1132,3,49,233000125,277102459,2,20221023-123204
0,0,경기76아1123,3,37,233000125,233000722,26,20221023-123204
0,0,경기76아4651,3,45,233000125,233002216,103,20221023-123204
0,0,경기76아1122,3,22,233000125,277103205,50,20221023-123219
0,0,경기76아4652,3,29,233000125,277103314,65,20221023-123219
0,0,경기76아1123,3,37,233000125,233000722,26,20221023-123219
0,0,경기76아4651,3,45,233000125,233002216,103,20221023-123219
0,0,경기76아1132,3,49,233000125,277102459,2,20221023-123219
0,0,경기76아1122,3,22,233000125,277103205,50,20221023-123234
0,0,경기76아4652,3,29,233000125,277103314,65,20221023-123234
0,0,경기76아1123,3,37,233000125,233000722,26,20221023-123234
0,0,경기76아4651,3,45,233000125,233002216,103,20221023-123234
0,0,경기76아1132,3,49,233000125,277102459,2,20221023-123234
0,0,경기76아4652,3,29,233000125,277103314,65,20221023-123249
0,0,경기76아1122,3,22,233000125,277103205,50,20221023-123249
0,0,경기76아1132,3,49,233000125,277102459,2,20221023-123249
0,0,경기76아4651,3,45,233000125,233002223,104,20221023-123249
0,0,경기76아1123,3,37,233000125,233000721,27,20221023-123249
0,0,경기76아4652,3,29,233000125,277103314,65,20221023-123304
0,0,경기76아1122,3,22,233000125,277103205,50,20221023-123304
0,0,경기76아4651,3,45,233000125,233002223,104,20221023-123304
0,0,경기76아1123,3,37,233000125,233000721,27,20221023-123304
0,0,경기76아1132,3,49,233000125,233002221,3,20221023-123304
0,0,경기76아4652,3,29,233000125,277103314,65,20221023-123319
0,0,경기76아1122,3,22,233000125,277103205,50,20221023-123319
0,0,경기76아1123,3,37,233000125,233000721,27,20221023-123319
0,0,경기76아1132,3,49,233000125,233002221,3,20221023-123319
0,0,경기76아4651,3,45,233000125,233002223,104,20221023-123319
0,0,경기76아4652,3,29,233000125,277103314,65,20221023-123334
0,0,경기76아1122,3,22,233000125,277103205,50,20221023-123334
0,0,경기76아4651,3,45,233000125,233002223,104,20221023-123334
0,0,경기76아1123,3,37,233000125,233000721,27,20221023-123334
0,0,경기76아1132,3,49,233000125,233002221,3,20221023-123334
0,0,경기76아4652,3,29,233000125,277103314,65,20221023-123349
0,0,경기76아1122,3,22,233000125,277103205,50,20221023-123349
0,0,경기76아1132,3,49,233000125,233002221,3,20221023-123349
0,0,경기76아1123,3,37,233000125,233000721,27,20221023-123349
0,0,경기76아4651,3,45,233000125,233002214,105,20221023-123349
0,0,경기76아4652,3,29,233000125,277103314,65,20221023-123404
0,0,경기76아1122,3,22,233000125,277103205,50,20221023-123404
0,0,경기76아1132,3,49,233000125,233002221,3,20221023-123404
0,0,경기76아4651,3,45,233000125,233002214,105,20221023-123404
0,0,경기76아1123,3,37,233000125,233000720,28,20221023-123404
0,0,경기76아4652,3,29,233000125,277103314,65,20221023-123419
0,0,경기76아1122,3,22,233000125,277103903,51,20221023-123419
0,0,경기76아1132,3,49,233000125,233002221,3,20221023-123419
0,0,경기76아4651,3,45,233000125,233002214,105,20221023-123419
0,0,경기76아1123,3,37,233000125,233000720,28,20221023-123419
0,0,경기76아1122,3,22,233000125,277103903,51,20221023-123434
0,0,경기76아4652,3,29,233000125,277103316,66,20221023-123434
0,0,경기76아1132,3,49,233000125,233002221,3,20221023-123434
0,0,경기76아4651,3,45,233000125,233002214,105,20221023-123434
0,0,경기76아1123,3,37,233000125,233000720,28,20221023-123434
0,0,경기76아1122,3,22,233000125,277103903,51,20221023-123449
0,0,경기76아4652,3,29,233000125,277103316,66,20221023-123449
0,0,경기76아1132,3,49,233000125,233002221,3,20221023-123449
0,0,경기76아4651,3,45,233000125,233002214,105,20221023-123449
0,0,경기76아1123,3,37,233000125,233000720,28,20221023-123449
0,0,경기76아1122,3,22,233000125,120000671,52,20221023-123503
0,0,경기76아4652,3,29,233000125,277103316,66,20221023-123503
0,0,경기76아1123,3,37,233000125,233000720,28,20221023-123503
0,0,경기76아1132,3,48,233000125,233002224,4,20221023-123503
0,0,경기76아4651,3,45,233000125,233002214,105,20221023-123503
0,0,경기76아4652,3,29,233000125,277103316,66,20221023-123518
0,0,경기76아1122,3,24,233000125,120000671,52,20221023-123518
0,0,경기76아1132,3,48,233000125,233002224,4,20221023-123518
0,0,경기76아1123,3,37,233000125,233000720,28,20221023-123518
0,0,경기76아1122,3,24,233000125,120000671,52,20221023-123534
0,0,경기76아4652,3,29,233000125,277103527,67,20221023-123534
0,0,경기76아1132,3,48,233000125,233002224,4,20221023-123534
0,0,경기76아1123,3,37,233000125,233000719,29,20221023-123534
0,0,경기76아1122,3,24,233000125,120000671,52,20221023-123548
0,0,경기76아4652,3,29,233000125,277103527,67,20221023-123548
0,0,경기76아1132,3,48,233000125,233002224,4,20221023-123548
0,0,경기76아1123,3,37,233000125,233000719,29,20221023-123548
0,0,경기76아1122,3,24,233000125,120000671,52,20221023-123603
0,0,경기76아4652,3,29,233000125,277103527,67,20221023-123603
0,0,경기76아1123,3,37,233000125,233000718,30,20221023-123603
0,0,경기76아1132,3,48,233000125,233002225,5,20221023-123603
0,0,경기76아1122,3,24,233000125,120000671,52,20221023-123618
0,0,경기76아4652,3,29,233000125,277103527,67,20221023-123618
0,0,경기76아1123,3,37,233000125,233000718,30,20221023-123618
0,0,경기76아1132,3,48,233000125,233002225,5,20221023-123618
0,0,경기76아1122,3,24,233000125,120000671,52,20221023-123633
0,0,경기76아4652,3,29,233000125,277103527,67,20221023-123633
0,0,경기76아1123,3,37,233000125,233000718,30,20221023-123633
0,0,경기76아1132,3,48,233000125,233002225,5,20221023-123633
0,0,경기76아4652,3,29,233000125,277103527,67,20221023-123648
0,0,경기76아1122,3,24,233000125,277103902,53,20221023-123648
0,0,경기76아1132,3,48,233000125,233002225,5,20221023-123648
0,0,경기76아1123,3,37,233000125,233000718,30,20221023-123648
0,0,경기76아4652,3,29,233000125,277103527,67,20221023-123703
0,0,경기76아1122,3,24,233000125,277103902,53,20221023-123703
0,0,경기76아1132,3,48,233000125,233002225,5,20221023-123703
0,0,경기76아1123,3,37,233000125,233000842,31,20221023-123703
0,0,경기76아4652,3,29,233000125,277103527,67,20221023-123718
0,0,경기76아1122,3,24,233000125,277103902,53,20221023-123718
0,0,경기76아1132,3,48,233000125,233002225,5,20221023-123718
0,0,경기76아1123,3,37,233000125,233000842,31,20221023-123718
0,0,경기76아4652,3,29,233000125,277103527,67,20221023-123733
0,0,경기76아1122,3,24,233000125,277103902,53,20221023-123733
0,0,경기76아1132,3,48,233000125,233002225,5,20221023-123733
0,0,경기76아1123,3,37,233000125,233000842,31,20221023-123733
0,0,경기76아1122,3,24,233000125,277103902,53,20221023-123748
0,0,경기76아4652,3,29,233000125,277103527,67,20221023-123748
0,0,경기76아1123,3,37,233000125,233000842,31,20221023-123748
0,0,경기76아1132,3,47,233000125,233002295,6,20221023-123748
0,0,경기76아1122,3,24,233000125,277103902,53,20221023-123803
0,0,경기76아4652,3,29,233000125,277103519,68,20221023-123803
0,0,경기76아1132,3,47,233000125,233002295,6,20221023-123803
0,0,경기76아1123,3,37,233000125,233002149,32,20221023-123803
0,0,경기76아1122,3,24,233000125,277103902,53,20221023-123818
0,0,경기76아4652,3,29,233000125,277103519,68,20221023-123818
0,0,경기76아1123,3,37,233000125,233002149,32,20221023-123818
0,0,경기76아1132,3,47,233000125,233001041,7,20221023-123818
0,0,경기76아1122,3,24,233000125,277103902,53,20221023-123833
0,0,경기76아4652,3,29,233000125,277103519,68,20221023-123833
0,0,경기76아1123,3,37,233000125,233002149,32,20221023-123833
0,0,경기76아1132,3,47,233000125,233001041,7,20221023-123833
0,0,경기76아1122,3,24,233000125,277103902,53,20221023-123848
0,0,경기76아4652,3,29,233000125,277103519,68,20221023-123848
0,0,경기76아1132,3,47,233000125,233002131,8,20221023-123848
0,0,경기76아1123,3,37,233000125,233000717,33,20221023-123848
0,0,경기76아1122,3,24,233000125,277103902,53,20221023-123902
0,0,경기76아4652,3,29,233000125,277103519,68,20221023-123902
0,0,경기76아1132,3,47,233000125,233002131,8,20221023-123902
0,0,경기76아1123,3,37,233000125,233000716,34,20221023-123902
0,0,경기76아4652,3,29,233000125,277103519,68,20221023-123917
0,0,경기76아1122,3,49,233000125,121001315,54,20221023-123917
0,0,경기76아1132,3,47,233000125,233002131,8,20221023-123917
0,0,경기76아1123,3,37,233000125,233000059,35,20221023-123917
0,0,경기76아4652,3,29,233000125,277103519,68,20221023-123932
0,0,경기76아1122,3,49,233000125,121001315,54,20221023-123932
0,0,경기76아1123,3,37,233000125,233000059,35,20221023-123932
0,0,경기76아1132,3,47,233000125,233000148,9,20221023-123932
0,0,경기76아1122,3,49,233000125,121001315,54,20221023-123947
0,0,경기76아4652,3,29,233000125,277103519,68,20221023-123947
0,0,경기76아1123,3,37,233000125,233000059,35,20221023-123947
0,0,경기76아1132,3,47,233000125,233000148,9,20221023-123947
0,0,경기76아4652,3,29,233000125,233000781,69,20221023-124004
0,0,경기76아1122,3,49,233000125,277101688,55,20221023-124004
0,0,경기76아1123,3,37,233000125,233000059,35,20221023-124004
0,0,경기76아1132,3,47,233000125,233000148,9,20221023-124004
0,0,경기76아4652,3,29,233000125,233000781,69,20221023-124019
0,0,경기76아1122,3,49,233000125,277101688,55,20221023-124019
0,0,경기76아1123,3,37,233000125,233000059,35,20221023-124019
0,0,경기76아1132,3,47,233000125,233000191,10,20221023-124019
0,0,경기76아4652,3,29,233000125,233000781,69,20221023-124034
0,0,경기76아1122,3,49,233000125,277101688,55,20221023-124034
0,0,경기76아1123,3,37,233000125,233000059,35,20221023-124034
0,0,경기76아1132,3,47,233000125,233000191,10,20221023-124034
0,0,경기76아4652,3,29,233000125,233000781,69,20221023-124049
0,0,경기76아1122,3,49,233000125,277101688,55,20221023-124049
0,0,경기76아1132,3,47,233000125,233000190,11,20221023-124049
0,0,경기76아1123,3,37,233000125,233000891,36,20221023-124049
0,0,경기76아4652,3,29,233000125,233000781,69,20221023-124104
0,0,경기76아1122,3,49,233000125,277101688,55,20221023-124104
0,0,경기76아1132,3,47,233000125,233000190,11,20221023-124104
0,0,경기76아1123,3,37,233000125,233000891,36,20221023-124104
0,0,경기76아4652,3,29,233000125,233000781,69,20221023-124119
0,0,경기76아1122,3,49,233000125,277101688,55,20221023-124119
0,0,경기76아1132,3,47,233000125,233000190,11,20221023-124119
0,0,경기76아1123,3,37,233000125,233000891,36,20221023-124119
0,0,경기76아4652,3,29,233000125,233000781,69,20221023-124134
0,0,경기76아1122,3,49,233000125,277101688,55,20221023-124134
0,0,경기76아1132,3,47,233000125,233000190,11,20221023-124134
0,0,경기76아1123,3,37,233000125,233000715,37,20221023-124134
0,0,경기76아1122,3,49,233000125,277101688,55,20221023-124150
0,0,경기76아4652,3,30,233000125,233000781,69,20221023-124150
0,0,경기76아1123,3,37,233000125,233000715,37,20221023-124150
0,0,경기76아1132,3,47,233000125,233000189,12,20221023-124150
0,0,경기76아4652,3,30,233000125,233000781,69,20221023-124203
0,0,경기76아1122,3,49,233000125,119900083,56,20221023-124203
0,0,경기76아1123,3,37,233000125,233000715,37,20221023-124203
0,0,경기76아1132,3,47,233000125,233000189,12,20221023-124203
0,0,경기76아4652,3,30,233000125,233000781,69,20221023-124218
0,0,경기76아1122,3,49,233000125,119900083,56,20221023-124218
0,0,경기76아1132,3,47,233000125,233001943,13,20221023-124218
0,0,경기76아1123,3,37,233000125,233000714,38,20221023-124218
0,0,경기76아4652,3,30,233000125,233000781,69,20221023-124233
0,0,경기76아1122,3,49,233000125,119900083,56,20221023-124233
0,0,경기76아1132,3,47,233000125,233001943,13,20221023-124233
0,0,경기76아1123,3,37,233000125,233000713,39,20221023-124233
0,0,경기76아1122,3,49,233000125,119900083,56,20221023-124249
0,0,경기76아4652,3,30,233000125,233000781,69,20221023-124249
0,0,경기76아1132,3,46,233000125,233001943,13,20221023-124249
0,0,경기76아1123,3,37,233000125,233000713,39,20221023-124249
0,0,경기76아1122,3,49,233000125,119900083,56,20221023-124303
0,0,경기76아4652,3,30,233000125,233000781,69,20221023-124303
0,0,경기76아1132,3,46,233000125,233001943,13,20221023-124303
0,0,경기76아1123,3,37,233000125,233000713,39,20221023-124303
0,0,경기76아4652,3,30,233000125,233000849,70,20221023-124318
0,0,경기76아1122,3,37,233000125,119900083,56,20221023-124318
0,0,경기76아1132,3,46,233000125,233001943,13,20221023-124318
0,0,경기76아1123,3,-1,233000125,233000713,39,20221023-124318
0,0,경기76아1122,3,37,233000125,119900083,56,20221023-124333
0,0,경기76아4652,3,30,233000125,233000848,71,20221023-124333
0,0,경기76아1132,3,46,233000125,233001943,13,20221023-124333
0,0,경기76아1123,3,37,233000125,233000712,40,20221023-124333
0,0,경기76아1122,3,37,233000125,119900083,56,20221023-124348
0,0,경기76아4652,3,30,233000125,233000848,71,20221023-124348
0,0,경기76아1132,3,46,233000125,233001943,13,20221023-124348
0,0,경기76아1123,3,37,233000125,233000712,40,20221023-124348
0,0,경기76아1122,3,37,233000125,119900083,56,20221023-124403
0,0,경기76아4652,3,30,233000125,233000848,71,20221023-124403
0,0,경기76아1132,3,46,233000125,233001943,13,20221023-124403
0,0,경기76아1123,3,37,233000125,233000712,40,20221023-124403
0,0,경기76아1122,3,37,233000125,119900083,56,20221023-124418
0,0,경기76아4652,3,30,233000125,233000848,71,20221023-124418
0,0,경기76아1132,3,46,233000125,233001943,13,20221023-124418
0,0,경기76아1123,3,36,233000125,233000712,40,20221023-124418
0,0,경기76아1122,3,37,233000125,119900083,56,20221023-124433
0,0,경기76아4652,3,30,233000125,233000848,71,20221023-124433
0,0,경기76아1123,3,36,233000125,233000712,40,20221023-124433
0,0,경기76아1132,3,46,233000125,233000188,14,20221023-124433
0,0,경기76아1122,3,37,233000125,119900083,56,20221023-124448
0,0,경기76아4652,3,30,233000125,233000847,72,20221023-124448
0,0,경기76아1123,3,36,233000125,233000712,40,20221023-124448
0,0,경기76아1132,3,46,233000125,233000188,14,20221023-124448
0,0,경기76아4652,3,30,233000125,233000847,72,20221023-124503
0,0,경기76아1122,3,37,233000125,277103902,53,20221023-124503
0,0,경기76아1123,3,36,233000125,233000712,40,20221023-124503
0,0,경기76아1132,3,43,233000125,233000188,14,20221023-124503
0,0,경기76아1122,3,37,233000125,277102049,57,20221023-124518
0,0,경기76아4652,3,30,233000125,233002174,73,20221023-124518
0,0,경기76아1123,3,36,233000125,233000712,40,20221023-124518
0,0,경기76아1132,3,43,233000125,233000188,14,20221023-124518
0,0,경기76아1122,3,37,233000125,277102049,57,20221023-124533
0,0,경기76아4652,3,30,233000125,233002174,73,20221023-124533
0,0,경기76아1123,3,36,233000125,233000712,40,20221023-124533
0,0,경기76아1132,3,43,233000125,233001318,15,20221023-124533
0,0,경기76아1122,3,37,233000125,277102049,57,20221023-124548
0,0,경기76아4652,3,30,233000125,233002174,73,20221023-124548
0,0,경기76아1123,3,36,233000125,233000712,40,20221023-124548
0,0,경기76아1132,3,43,233000125,233001318,15,20221023-124548
0,0,경기76아1122,3,37,233000125,277102049,57,20221023-124602
0,0,경기76아4652,3,30,233000125,233002174,73,20221023-124602
0,0,경기76아1123,3,36,233000125,233000712,40,20221023-124602
0,0,경기76아1132,3,43,233000125,233001318,15,20221023-124602
0,0,경기76아1122,3,37,233000125,277102049,57,20221023-124617
0,0,경기76아4652,3,30,233000125,233002174,73,20221023-124617
0,0,경기76아1123,3,36,233000125,233000712,40,20221023-124617
0,0,경기76아1132,3,43,233000125,233001318,15,20221023-124617
0,0,경기76아1122,3,37,233000125,277102049,57,20221023-124632
0,0,경기76아4652,3,30,233000125,233000055,74,20221023-124632
0,0,경기76아1132,3,43,233000125,233001318,15,20221023-124632
0,0,경기76아1123,3,36,233000125,233000712,40,20221023-124632
0,0,경기76아1122,3,37,233000125,277102049,57,20221023-124647
0,0,경기76아4652,3,30,233000125,233000846,75,20221023-124647
0,0,경기76아1132,3,43,233000125,233001318,15,20221023-124647
0,0,경기76아1123,3,36,233000125,233000712,40,20221023-124647
0,0,경기76아1122,3,37,233000125,277102049,57,20221023-124704
0,0,경기76아4652,3,30,233000125,233000845,76,20221023-124704
0,0,경기76아1132,3,43,233000125,233001318,15,20221023-124704
0,0,경기76아1123,3,36,233000125,233000712,40,20221023-124704
0,0,경기76아1122,3,37,233000125,277102049,57,20221023-124719
0,0,경기76아4652,3,30,233000125,233000845,76,20221023-124719
0,0,경기76아1123,3,36,233000125,233000712,40,20221023-124719
0,0,경기76아1132,3,43,233000125,233001318,15,20221023-124719
0,0,경기76아1122,3,37,233000125,277102049,57,20221023-124734
0,0,경기76아4652,3,30,233000125,233000845,76,20221023-124734
0,0,경기76아1123,3,36,233000125,233000712,40,20221023-124734
0,0,경기76아1132,3,43,233000125,233001318,15,20221023-124734
0,0,경기76아1122,3,37,233000125,277102049,57,20221023-124749
0,0,경기76아4652,3,30,233000125,233002150,77,20221023-124749
0,0,경기76아1132,3,43,233000125,233001318,15,20221023-124749
0,0,경기76아1123,3,36,233000125,277103520,41,20221023-124749
0,0,경기76아4652,3,30,233000125,233002150,77,20221023-124804
0,0,경기76아1122,3,37,233000125,277102291,58,20221023-124804
0,0,경기76아1123,3,36,233000125,277103520,41,20221023-124804
0,0,경기76아1132,3,43,233000125,233000730,16,20221023-124804
0,0,경기76아1122,3,37,233000125,277102291,58,20221023-124819
0,0,경기76아4652,3,30,233000125,233002150,77,20221023-124819
0,0,경기76아1123,3,36,233000125,277103520,41,20221023-124819
0,0,경기76아1132,3,43,233000125,233000730,16,20221023-124819
0,0,경기76아1122,3,37,233000125,277102291,58,20221023-124834
0,0,경기76아4652,3,30,233000125,233000844,78,20221023-124834
0,0,경기76아1123,3,36,233000125,277103520,41,20221023-124834
0,0,경기76아1132,3,43,233000125,233000730,16,20221023-124834
0,0,경기76아1122,3,37,233000125,277102291,58,20221023-124849
0,0,경기76아4652,3,30,233000125,233000844,78,20221023-124849
0,0,경기76아1123,3,36,233000125,277103520,41,20221023-124849
0,0,경기76아1132,3,43,233000125,233000730,16,20221023-124849
0,0,경기76아1122,3,37,233000125,277102291,58,20221023-124904
0,0,경기76아4652,3,30,233000125,233000844,78,20221023-124904
0,0,경기76아1123,3,36,233000125,277103520,41,20221023-124904
0,0,경기76아1132,3,43,233000125,233000729,17,20221023-124904
0,0,경기76아4652,3,30,233000125,233000844,78,20221023-124919
0,0,경기76아1122,3,37,233000125,277102291,58,20221023-124919
0,0,경기76아1132,3,43,233000125,233000729,17,20221023-124919
0,0,경기76아1123,3,36,233000125,277103520,41,20221023-124919
0,0,경기76아4652,3,30,233000125,233000844,78,20221023-124934
0,0,경기76아1122,3,37,233000125,277102291,58,20221023-124934
0,0,경기76아1123,3,36,233000125,277103520,41,20221023-124934
0,0,경기76아1132,3,42,233000125,233000729,17,20221023-124934
0,0,경기76아1122,3,37,233000125,277102291,58,20221023-124949
0,0,경기76아4652,3,28,233000125,233000844,78,20221023-124949
0,0,경기76아1123,3,36,233000125,277103520,41,20221023-124949
0,0,경기76아1132,3,42,233000125,233000729,17,20221023-124949
0,0,경기76아1122,3,37,233000125,277102291,58,20221023-125003
0,0,경기76아4652,3,28,233000125,233000844,78,20221023-125003
0,0,경기76아1132,3,42,233000125,233000729,17,20221023-125003
0,0,경기76아1123,3,36,233000125,277103520,41,20221023-125003
0,0,경기76아1122,3,37,233000125,277102291,58,20221023-125018
0,0,경기76아4652,3,28,233000125,233000844,78,20221023-125018
0,0,경기76아1132,3,42,233000125,233000729,17,20221023-125018
0,0,경기76아1123,3,36,233000125,277103520,41,20221023-125018
0,0,경기76아4652,3,28,233000125,233000844,78,20221023-125033
0,0,경기76아1122,3,37,233000125,277102291,58,20221023-125033
0,0,경기76아1132,3,42,233000125,233000729,17,20221023-125033
0,0,경기76아1123,3,36,233000125,277103528,42,20221023-125033
0,0,경기76아4652,3,28,233000125,233000843,79,20221023-125048
0,0,경기76아1122,3,37,233000125,277103204,59,20221023-125048
0,0,경기76아1132,3,42,233000125,233000729,17,20221023-125048
0,0,경기76아1123,3,36,233000125,277103528,42,20221023-125048
0,0,경기76아4652,3,28,233000125,233000843,79,20221023-125103
0,0,경기76아1122,3,37,233000125,277103204,59,20221023-125103
0,0,경기76아1132,3,42,233000125,233000729,17,20221023-125103
0,0,경기76아1123,3,36,233000125,277103528,42,20221023-125103
0,0,경기76아1122,3,37,233000125,277103204,59,20221023-125118
0,0,경기76아4652,3,28,233000125,233000780,80,20221023-125118
0,0,경기76아1123,3,36,233000125,277103528,42,20221023-125118
0,0,경기76아1132,3,42,233000125,233000729,17,20221023-125118
0,0,경기76아4652,3,28,233000125,233000780,80,20221023-125133
0,0,경기76아1122,3,37,233000125,277103204,59,20221023-125133
0,0,경기76아1132,3,42,233000125,233000729,17,20221023-125133
0,0,경기76아1123,3,36,233000125,277103317,43,20221023-125133
0,0,경기76아4652,3,28,233000125,233000780,80,20221023-125148
0,0,경기76아1122,3,37,233000125,277103204,59,20221023-125148
0,0,경기76아1132,3,42,233000125,233000729,17,20221023-125148
0,0,경기76아1123,3,36,233000125,277103317,43,20221023-125148
0,0,경기76아4652,3,28,233000125,233000780,80,20221023-125203
0,0,경기76아1122,3,37,233000125,277103204,59,20221023-125203
0,0,경기76아1123,3,36,233000125,277103317,43,20221023-125203
0,0,경기76아1132,3,42,233000125,233000728,18,20221023-125203
0,0,경기76아4652,3,28,233000125,233000780,80,20221023-125218
0,0,경기76아1122,3,37,233000125,277103204,59,20221023-125218
0,0,경기76아1123,3,36,233000125,277103317,43,20221023-125218
0,0,경기76아1132,3,42,233000125,233000728,18,20221023-125218
0,0,경기76아1122,3,37,233000125,277103204,59,20221023-125233
0,0,경기76아4652,3,28,233000125,233000780,80,20221023-125233
0,0,경기76아1123,3,36,233000125,277103317,43,20221023-125233
0,0,경기76아1132,3,42,233000125,233001404,19,20221023-125233
0,0,경기76아4652,3,28,233000125,233000780,80,20221023-125248
0,0,경기76아1122,3,37,233000125,277103204,59,20221023-125248
0,0,경기76아1123,3,36,233000125,277103317,43,20221023-125248
0,0,경기76아1132,3,42,233000125,233001404,19,20221023-125248
0,0,경기76아4652,3,28,233000125,233000780,80,20221023-125303
0,0,경기76아1122,3,37,233000125,277103202,60,20221023-125303
0,0,경기76아1123,3,36,233000125,277103317,43,20221023-125303
0,0,경기76아1132,3,41,233000125,233001404,19,20221023-125303
0,0,경기76아1122,3,37,233000125,277103202,60,20221023-125317
0,0,경기76아4652,3,28,233000125,233000780,80,20221023-125317
0,0,경기76아1123,3,36,233000125,277103317,43,20221023-125317
0,0,경기76아1132,3,41,233000125,233000727,20,20221023-125317
0,0,경기76아4652,3,28,233000125,233000780,80,20221023-125332
0,0,경기76아1122,3,37,233000125,277103202,60,20221023-125332
0,0,경기76아1123,3,36,233000125,277103317,43,20221023-125332
0,0,경기76아1132,3,41,233000125,233000727,20,20221023-125332
0,0,경기76아4652,3,28,233000125,233000780,80,20221023-125347
0,0,경기76아1122,3,37,233000125,277103202,60,20221023-125347
0,0,경기76아1132,3,41,233000125,233000727,20,20221023-125347
0,0,경기76아1123,3,36,233000125,277103317,43,20221023-125347
0,0,경기76아1122,3,37,233000125,277103202,60,20221023-125404
0,0,경기76아4652,3,28,233000125,233000779,81,20221023-125404
0,0,경기76아1132,3,41,233000125,233000727,20,20221023-125404
0,0,경기76아1123,3,36,233000125,277103317,43,20221023-125404
0,0,경기76아1122,3,37,233000125,277103202,60,20221023-125419
0,0,경기76아4652,3,28,233000125,233000779,81,20221023-125419
0,0,경기76아1132,3,41,233000125,233000727,20,20221023-125419
0,0,경기76아1123,3,36,233000125,277103315,44,20221023-125419
0,0,경기76아4652,3,28,233000125,233000779,81,20221023-125434
0,0,경기76아1122,3,37,233000125,277103201,61,20221023-125434
0,0,경기76아1132,3,41,233000125,233000727,20,20221023-125434
0,0,경기76아1123,3,36,233000125,277103315,44,20221023-125434
0,0,경기76아4652,3,28,233000125,233000779,81,20221023-125449
0,0,경기76아1122,3,37,233000125,277103201,61,20221023-125449
0,0,경기76아1123,3,36,233000125,277103315,44,20221023-125449
0,0,경기76아1132,3,41,233000125,233000726,21,20221023-125449
0,0,경기76아4652,3,28,233000125,233000779,81,20221023-125504
0,0,경기76아1122,3,37,233000125,277103201,61,20221023-125504
0,0,경기76아1132,3,41,233000125,233000726,21,20221023-125504
0,0,경기76아1123,3,36,233000125,277103315,44,20221023-125504
0,0,경기76아4652,3,28,233000125,233000779,81,20221023-125519
0,0,경기76아1122,3,37,233000125,277103201,61,20221023-125519
0,0,경기76아1132,3,41,233000125,233000726,21,20221023-125519
0,0,경기76아1123,3,36,233000125,277103315,44,20221023-125519
0,0,경기76아4652,3,28,233000125,233000779,81,20221023-125534
0,0,경기76아1122,3,37,233000125,277103201,61,20221023-125534
0,0,경기76아1132,3,41,233000125,233000726,21,20221023-125534
0,0,경기76아1123,3,36,233000125,277103315,44,20221023-125534
0,0,경기76아1122,3,37,233000125,277103201,61,20221023-125549
0,0,경기76아4652,3,31,233000125,233000779,81,20221023-125549
0,0,경기76아1132,3,41,233000125,233000726,21,20221023-125549
0,0,경기76아1123,3,36,233000125,277103315,44,20221023-125549
0,0,경기76아1122,3,37,233000125,277103201,61,20221023-125604
0,0,경기76아4652,3,31,233000125,233000779,81,20221023-125604
0,0,경기76아1132,3,41,233000125,233000726,21,20221023-125604
0,0,경기76아1123,3,36,233000125,277103315,44,20221023-125604
0,0,경기76아4652,3,31,233000125,233000779,81,20221023-125619
0,0,경기76아1122,3,37,233000125,277103201,61,20221023-125619
0,0,경기76아1132,3,41,233000125,233000726,21,20221023-125619
0,0,경기76아1123,3,36,233000125,226000039,45,20221023-125619
0,0,경기76아1122,3,37,233000125,277103201,61,20221023-125634
0,0,경기76아4652,3,31,233000125,233000778,82,20221023-125634
0,0,경기76아1132,3,41,233000125,233000726,21,20221023-125634
0,0,경기76아1123,3,36,233000125,226000039,45,20221023-125634
0,0,경기76아1122,3,37,233000125,277103201,61,20221023-125649
0,0,경기76아4652,3,31,233000125,233000778,82,20221023-125649
0,0,경기76아1132,3,-1,233000125,233000726,21,20221023-125649
0,0,경기76아1123,3,36,233000125,226000039,45,20221023-125649
0,0,경기76아1122,3,37,233000125,277103201,61,20221023-125703
0,0,경기76아4652,3,31,233000125,233000778,82,20221023-125703
0,0,경기76아1132,3,-1,233000125,233000726,21,20221023-125703
0,0,경기76아1123,3,36,233000125,226000039,45,20221023-125703
0,0,경기76아1122,3,37,233000125,277103201,61,20221023-125718
0,0,경기76아4652,3,31,233000125,233000778,82,20221023-125718
0,0,경기76아1123,3,36,233000125,226000039,45,20221023-125718
0,0,경기76아1132,3,38,233000125,233000726,21,20221023-125718
0,0,경기76아1122,3,37,233000125,277103158,62,20221023-125734
0,0,경기76아4652,3,31,233000125,233000777,83,20221023-125734
0,0,경기76아1123,3,36,233000125,226000039,45,20221023-125734
0,0,경기76아1132,3,38,233000125,233000725,22,20221023-125734
0,0,경기76아4652,3,31,233000125,233000777,83,20221023-125748
0,0,경기76아1122,3,37,233000125,277103158,62,20221023-125748
0,0,경기76아1123,3,36,233000125,226000039,45,20221023-125748
0,0,경기76아1132,3,38,233000125,233000725,22,20221023-125748
0,0,경기76아1122,3,37,233000125,277103158,62,20221023-125803
0,0,경기76아4652,3,31,233000125,233000776,84,20221023-125803
0,0,경기76아1132,3,38,233000125,233002118,23,20221023-125803
0,0,경기76아1123,3,36,233000125,277103221,46,20221023-125803
0,0,경기76아1122,3,37,233000125,277103158,62,20221023-125818
0,0,경기76아4652,3,31,233000125,233000774,85,20221023-125818
0,0,경기76아1123,3,36,233000125,277103221,46,20221023-125818
0,0,경기76아1132,3,38,233000125,233002118,23,20221023-125818
0,0,경기76아1122,3,37,233000125,277103158,62,20221023-125833
0,0,경기76아4652,3,31,233000125,233000774,85,20221023-125833
0,0,경기76아1123,3,36,233000125,277103221,46,20221023-125833
0,0,경기76아1132,3,38,233000125,233002118,23,20221023-125833
0,0,경기76아4652,3,31,233000125,233000774,85,20221023-125848
0,0,경기76아1122,3,37,233000125,277103158,62,20221023-125848
0,0,경기76아1123,3,36,233000125,277103221,46,20221023-125848
0,0,경기76아1132,3,38,233000125,233002118,23,20221023-125848
0,0,경기76아1122,3,37,233000125,277103220,63,20221023-125903
0,0,경기76아4652,3,31,233000125,233000774,85,20221023-125903
0,0,경기76아1132,3,38,233000125,233002118,23,20221023-125903
0,0,경기76아1123,3,36,233000125,277103221,46,20221023-125903
0,0,경기76아1122,3,37,233000125,277103220,63,20221023-125918
0,0,경기76아4652,3,31,233000125,233000774,85,20221023-125918
0,0,경기76아1132,3,38,233000125,233000724,24,20221023-125918
0,0,경기76아1123,3,36,233000125,277103221,46,20221023-125918
0,0,경기76아1122,3,37,233000125,277103220,63,20221023-125933
0,0,경기76아4652,3,31,233000125,233000774,85,20221023-125933
0,0,경기76아1123,3,36,233000125,277103221,46,20221023-125933
0,0,경기76아1132,3,38,233000125,233000724,24,20221023-125933
0,0,경기76아1122,3,37,233000125,277103220,63,20221023-125948
0,0,경기76아4652,3,31,233000125,233000773,86,20221023-125948
0,0,경기76아1123,3,36,233000125,277103221,46,20221023-125948
0,0,경기76아1132,3,38,233000125,233000723,25,20221023-125948
0,0,경기76아4652,3,31,233000125,233003082,87,20221023-130003
0,0,경기76아1122,3,37,233000125,277103220,63,20221023-130003
0,0,경기76아1123,3,36,233000125,277103221,46,20221023-130003
0,0,경기76아1132,3,38,233000125,233000723,25,20221023-130003
0,0,경기76아1122,3,37,233000125,277103220,63,20221023-130018
0,0,경기76아4652,3,31,233000125,233003082,87,20221023-130018
0,0,경기76아1123,3,36,233000125,277103221,46,20221023-130018
0,0,경기76아1132,3,38,233000125,233000722,26,20221023-130018
0,0,경기76아1122,3,37,233000125,277103220,63,20221023-130033
0,0,경기76아4652,3,31,233000125,233003082,87,20221023-130033
0,0,경기76아1123,3,36,233000125,277103221,46,20221023-130033
0,0,경기76아1132,3,37,233000125,233000722,26,20221023-130033
0,0,경기76아4652,3,31,233000125,233003082,87,20221023-130048
0,0,경기76아1122,3,37,233000125,277103220,63,20221023-130048
0,0,경기76아1132,3,37,233000125,233000722,26,20221023-130048
0,0,경기76아1123,3,36,233000125,277103159,47,20221023-130048
0,0,경기76아4652,3,31,233000125,233003082,87,20221023-130103
0,0,경기76아1122,3,37,233000125,277103220,63,20221023-130103
0,0,경기76아1132,3,37,233000125,233000722,26,20221023-130103
0,0,경기76아1123,3,36,233000125,277103159,47,20221023-130103
0,0,경기76아4652,3,31,233000125,233003082,87,20221023-130118
0,0,경기76아1122,3,37,233000125,226000038,64,20221023-130118
0,0,경기76아1132,3,37,233000125,233000722,26,20221023-130118
0,0,경기76아1123,3,36,233000125,277103159,47,20221023-130118
0,0,경기76아4652,3,31,233000125,233003082,87,20221023-130133
0,0,경기76아1122,3,37,233000125,226000038,64,20221023-130133
0,0,경기76아1132,3,37,233000125,233000722,26,20221023-130133
0,0,경기76아1123,3,36,233000125,277103159,47,20221023-130133
0,0,경기76아4652,3,31,233000125,233003082,87,20221023-130148
0,0,경기76아1122,3,36,233000125,226000038,64,20221023-130148
0,0,경기76아1132,3,37,233000125,233000721,27,20221023-130148
0,0,경기76아1123,3,36,233000125,277103200,48,20221023-130148
0,0,경기76아4652,3,31,233000125,233003082,87,20221023-130202
0,0,경기76아1122,3,36,233000125,226000038,64,20221023-130202
0,0,경기76아1123,3,36,233000125,277103200,48,20221023-130202
0,0,경기76아1132,3,37,233000125,233000721,27,20221023-130202
0,0,경기76아4652,3,31,233000125,233003082,87,20221023-130217
0,0,경기76아1122,3,36,233000125,226000038,64,20221023-130217
0,0,경기76아1123,3,36,233000125,277103200,48,20221023-130217
0,0,경기76아1132,3,37,233000125,233000721,27,20221023-130217
0,0,경기76아1122,3,36,233000125,226000038,64,20221023-130232
0,0,경기76아4652,3,31,233000125,233000772,88,20221023-130232
0,0,경기76아1132,3,37,233000125,233000721,27,20221023-130232
0,0,경기76아1123,3,36,233000125,277103200,48,20221023-130232
0,0,경기76아4652,3,31,233000125,233000772,88,20221023-130247
0,0,경기76아1122,3,36,233000125,226000038,64,20221023-130247
0,0,경기76아1132,3,37,233000125,233000721,27,20221023-130247
0,0,경기76아1123,3,36,233000125,277103200,48,20221023-130247
0,0,경기76아1122,3,36,233000125,226000038,64,20221023-130302
0,0,경기76아4652,3,31,233000125,233000772,88,20221023-130302
0,0,경기76아1132,3,37,233000125,233000721,27,20221023-130302
0,0,경기76아1123,3,36,233000125,277103200,48,20221023-130302
0,0,경기76아1122,3,36,233000125,226000038,64,20221023-130317
0,0,경기76아4652,3,31,233000125,233000772,88,20221023-130317
0,0,경기76아1132,3,37,233000125,233000721,27,20221023-130317
0,0,경기76아1123,3,36,233000125,277103200,48,20221023-130317
0,0,경기76아1122,3,36,233000125,226000038,64,20221023-130332
0,0,경기76아4652,3,31,233000125,233000772,88,20221023-130332
0,0,경기76아1123,3,36,233000125,277103200,48,20221023-130332
0,0,경기76아1132,3,37,233000125,233000721,27,20221023-130332
0,0,경기76아1122,3,36,233000125,226000038,64,20221023-130347
0,0,경기76아4652,3,31,233000125,233000772,88,20221023-130347
0,0,경기76아1123,3,36,233000125,277103200,48,20221023-130347
0,0,경기76아1132,3,37,233000125,233000721,27,20221023-130347
0,0,경기76아1122,3,36,233000125,226000038,64,20221023-130404
0,0,경기76아4652,3,31,233000125,233000771,89,20221023-130404
0,0,경기76아1132,3,37,233000125,233000720,28,20221023-130404
0,0,경기76아1123,3,36,233000125,277103203,49,20221023-130404
0,0,경기76아4652,3,31,233000125,233000771,89,20221023-130419
0,0,경기76아1122,3,36,233000125,277103314,65,20221023-130419
0,0,경기76아1132,3,36,233000125,233000720,28,20221023-130419
0,0,경기76아1123,3,36,233000125,277103203,49,20221023-130419
0,0,경기76아4652,3,31,233000125,233000771,89,20221023-130434
0,0,경기76아1122,3,36,233000125,277103314,65,20221023-130434
0,0,경기76아1123,3,36,233000125,277103203,49,20221023-130434
0,0,경기76아1132,3,36,233000125,233000720,28,20221023-130434
0,0,경기76아1122,3,36,233000125,277103314,65,20221023-130449
0,0,경기76아4652,3,31,233000125,233000771,89,20221023-130449
0,0,경기76아1123,3,36,233000125,277103203,49,20221023-130449
0,0,경기76아1132,3,36,233000125,233000720,28,20221023-130449
0,0,경기76아1122,3,36,233000125,277103314,65,20221023-130504
0,0,경기76아4652,3,31,233000125,233000770,90,20221023-130504
0,0,경기76아1123,3,36,233000125,277103203,49,20221023-130504
0,0,경기76아1132,3,36,233000125,233000720,28,20221023-130504
0,0,경기76아1122,3,36,233000125,277103314,65,20221023-130519
0,0,경기76아4652,3,31,233000125,233000770,90,20221023-130519
0,0,경기76아1123,3,36,233000125,277103203,49,20221023-130519
0,0,경기76아1132,3,36,233000125,233000720,28,20221023-130519
0,0,경기76아1122,3,36,233000125,277103314,65,20221023-130534
0,0,경기76아4652,3,31,233000125,233000770,90,20221023-130534
0,0,경기76아1132,3,36,233000125,233000720,28,20221023-130534
0,0,경기76아1123,3,36,233000125,277103203,49,20221023-130534
0,0,경기76아1122,3,36,233000125,277103314,65,20221023-130549
0,0,경기76아4652,3,31,233000125,233000770,90,20221023-130549
0,0,경기76아1132,3,36,233000125,233000720,28,20221023-130549
0,0,경기76아1123,3,36,233000125,277103203,49,20221023-130549
0,0,경기76아1122,3,36,233000125,277103314,65,20221023-130604
0,0,경기76아4652,3,31,233000125,233000770,90,20221023-130604
0,0,경기76아1132,3,36,233000125,233000720,28,20221023-130604
0,0,경기76아1123,3,36,233000125,277103205,50,20221023-130604
0,0,경기76아1122,3,36,233000125,277103314,65,20221023-130619
0,0,경기76아4652,3,31,233000125,233000770,90,20221023-130619
0,0,경기76아1123,3,36,233000125,277103205,50,20221023-130619
0,0,경기76아1132,3,36,233000125,233000720,28,20221023-130619
0,0,경기76아1122,3,36,233000125,277103314,65,20221023-130634
0,0,경기76아4652,3,31,233000125,233000770,90,20221023-130634
0,0,경기76아1123,3,36,233000125,277103205,50,20221023-130634
0,0,경기76아1132,3,36,233000125,233000719,29,20221023-130634
0,0,경기76아1122,3,36,233000125,277103314,65,20221023-130649
0,0,경기76아4652,3,31,233000125,233000770,90,20221023-130649
0,0,경기76아1132,3,36,233000125,233000719,29,20221023-130649
0,0,경기76아1123,3,36,233000125,277103205,50,20221023-130649
0,0,경기76아4652,3,31,233000125,233000770,90,20221023-130703
0,0,경기76아1122,3,36,233000125,277103314,65,20221023-130703
0,0,경기76아1123,3,36,233000125,277103205,50,20221023-130703
0,0,경기76아1132,3,36,233000125,233000718,30,20221023-130703
0,0,경기76아4652,3,31,233000125,233000770,90,20221023-130718
0,0,경기76아1122,3,36,233000125,277103316,66,20221023-130718
0,0,경기76아1132,3,36,233000125,233000718,30,20221023-130718
0,0,경기76아1123,3,36,233000125,277103205,50,20221023-130718
0,0,경기76아4652,3,31,233000125,233000770,90,20221023-130733
0,0,경기76아1122,3,36,233000125,277103316,66,20221023-130733
0,0,경기76아1123,3,36,233000125,277103205,50,20221023-130733
0,0,경기76아1132,3,36,233000125,233000718,30,20221023-130733
0,0,경기76아4652,3,31,233000125,233000770,90,20221023-130748
0,0,경기76아1122,3,36,233000125,277103316,66,20221023-130748
0,0,경기76아1132,3,36,233000125,233000718,30,20221023-130748
0,0,경기76아1123,3,36,233000125,277103205,50,20221023-130748
0,0,경기76아1122,3,36,233000125,277103316,66,20221023-130803
0,0,경기76아4652,3,31,233000125,233000769,91,20221023-130803
0,0,경기76아1123,3,36,233000125,277103205,50,20221023-130803
0,0,경기76아1132,3,36,233000125,233000842,31,20221023-130803
0,0,경기76아1122,3,36,233000125,277103316,66,20221023-130818
0,0,경기76아4652,3,31,233000125,233000769,91,20221023-130818
0,0,경기76아1123,3,36,233000125,277103205,50,20221023-130818
0,0,경기76아1132,3,36,233000125,233000842,31,20221023-130818
0,0,경기76아4652,3,32,233000125,233000769,91,20221023-130833
0,0,경기76아1122,3,36,233000125,277103527,67,20221023-130833
0,0,경기76아1123,3,36,233000125,277103205,50,20221023-130833
0,0,경기76아1132,3,37,233000125,233000842,31,20221023-130833
0,0,경기76아1122,3,36,233000125,277103527,67,20221023-130848
0,0,경기76아4652,3,32,233000125,233000769,91,20221023-130848
0,0,경기76아1123,3,36,233000125,277103205,50,20221023-130848
0,0,경기76아1132,3,37,233000125,233000842,31,20221023-130848
0,0,경기76아1122,3,36,233000125,277103527,67,20221023-130903
0,0,경기76아4652,3,32,233000125,233000768,92,20221023-130903
0,0,경기76아1123,3,36,233000125,277103205,50,20221023-130903
0,0,경기76아1132,3,37,233000125,233000842,31,20221023-130903
0,0,경기76아1122,3,36,233000125,277103527,67,20221023-130918
0,0,경기76아4652,3,32,233000125,233000768,92,20221023-130918
0,0,경기76아1132,3,37,233000125,233000842,31,20221023-130918
0,0,경기76아1123,3,36,233000125,277103903,51,20221023-130918
0,0,경기76아1122,3,36,233000125,277103527,67,20221023-130933
0,0,경기76아4652,3,32,233000125,233000768,92,20221023-130933
0,0,경기76아1123,3,36,233000125,277103903,51,20221023-130933
0,0,경기76아1132,3,37,233000125,233002149,32,20221023-130933
0,0,경기76아1122,3,36,233000125,277103527,67,20221023-130948
0,0,경기76아4652,3,37,233000125,233000768,92,20221023-130948
0,0,경기76아1132,3,37,233000125,233002149,32,20221023-130948
0,0,경기76아1123,3,36,233000125,120000671,52,20221023-130948
0,0,경기76아4652,3,-1,233000125,233000768,92,20221023-131003
0,0,경기76아1122,3,36,233000125,277103527,67,20221023-131003
0,0,경기76아1132,3,37,233000125,233002149,32,20221023-131003
0,0,경기76아1123,3,36,233000125,120000671,52,20221023-131003
0,0,경기76아1122,3,36,233000125,277103527,67,20221023-131018
0,0,경기76아4652,3,37,233000125,233001749,93,20221023-131018
0,0,경기76아1123,3,36,233000125,120000671,52,20221023-131018
0,0,경기76아1132,3,37,233000125,233000717,33,20221023-131018
0,0,경기76아1122,3,36,233000125,277103527,67,20221023-131033
0,0,경기76아4652,3,37,233000125,233001749,93,20221023-131033
0,0,경기76아1123,3,36,233000125,120000671,52,20221023-131033
0,0,경기76아1132,3,37,233000125,233000716,34,20221023-131033
0,0,경기76아1122,3,36,233000125,277103527,67,20221023-131048
0,0,경기76아4652,3,37,233000125,233002159,94,20221023-131048
0,0,경기76아1123,3,36,233000125,120000671,52,20221023-131048
0,0,경기76아1132,3,37,233000125,233000059,35,20221023-131048
0,0,경기76아1122,3,36,233000125,277103527,67,20221023-131102
0,0,경기76아4652,3,37,233000125,233002159,94,20221023-131102
0,0,경기76아1123,3,36,233000125,120000671,52,20221023-131102
0,0,경기76아1132,3,37,233000125,233000059,35,20221023-131102
0,0,경기76아1122,3,36,233000125,277103527,67,20221023-131117
0,0,경기76아4652,3,39,233000125,233002159,94,20221023-131117
0,0,경기76아1123,3,36,233000125,120000671,52,20221023-131117
0,0,경기76아1132,3,37,233000125,233000891,36,20221023-131117
0,0,경기76아4652,3,39,233000125,233002159,94,20221023-131132
0,0,경기76아1122,3,36,233000125,277103519,68,20221023-131132
0,0,경기76아1123,3,36,233000125,120000671,52,20221023-131132
0,0,경기76아1132,3,37,233000125,233000891,36,20221023-131132
0,0,경기76아4652,3,39,233000125,233002159,94,20221023-131147
0,0,경기76아1122,3,36,233000125,277103519,68,20221023-131147
0,0,경기76아1132,3,36,233000125,233000891,36,20221023-131147
0,0,경기76아4649,3,45,233000125,233002226,1,20221023-131147
0,0,경기76아1123,3,-1,233000125,277103902,53,20221023-131147
0,0,경기76아4652,3,39,233000125,233002159,94,20221023-131202
0,0,경기76아1122,3,36,233000125,277103519,68,20221023-131202
0,0,경기76아1132,3,36,233000125,233000891,36,20221023-131202
0,0,경기76아4649,3,45,233000125,233002226,1,20221023-131202
0,0,경기76아1123,3,36,233000125,277103902,53,20221023-131202
0,0,경기76아4652,3,39,233000125,233002159,94,20221023-131217
0,0,경기76아1122,3,36,233000125,277103519,68,20221023-131217
0,0,경기76아1132,3,36,233000125,233000891,36,20221023-131217
0,0,경기76아4649,3,45,233000125,233002226,1,20221023-131217
0,0,경기76아1123,3,36,233000125,277103902,53,20221023-131217
0,0,경기76아4652,3,39,233000125,233002159,94,20221023-131233
0,0,경기76아1122,3,36,233000125,277103519,68,20221023-131233
0,0,경기76아1123,3,36,233000125,277103902,53,20221023-131233
0,0,경기76아4649,3,45,233000125,233002226,1,20221023-131233
0,0,경기76아1132,3,36,233000125,233000715,37,20221023-131233
0,0,경기76아1122,3,36,233000125,277103519,68,20221023-131247
0,0,경기76아4652,3,40,233000125,233002159,94,20221023-131247
0,0,경기76아1123,3,36,233000125,277103902,53,20221023-131247
0,0,경기76아1132,3,36,233000125,233000715,37,20221023-131247
0,0,경기76아4649,3,45,233000125,277102459,2,20221023-131247
0,0,경기76아1122,3,36,233000125,277103519,68,20221023-131304
0,0,경기76아4652,3,40,233000125,233001828,95,20221023-131304
0,0,경기76아1123,3,36,233000125,277103902,53,20221023-131304
0,0,경기76아1132,3,36,233000125,233000715,37,20221023-131304
0,0,경기76아4649,3,45,233000125,277102459,2,20221023-131304
0,0,경기76아1122,3,36,233000125,277103519,68,20221023-131319
0,0,경기76아4652,3,40,233000125,233001828,95,20221023-131319
0,0,경기76아1123,3,36,233000125,277103902,53,20221023-131319
0,0,경기76아4649,3,45,233000125,277102459,2,20221023-131319
0,0,경기76아1132,3,36,233000125,233000714,38,20221023-131319
0,0,경기76아1122,3,36,233000125,277103519,68,20221023-131334
0,0,경기76아4652,3,40,233000125,233001828,95,20221023-131334
0,0,경기76아1123,3,36,233000125,277103902,53,20221023-131334
0,0,경기76아1132,3,36,233000125,233000714,38,20221023-131334
0,0,경기76아4649,3,45,233000125,277102459,2,20221023-131334
0,0,경기76아1122,3,36,233000125,277103519,68,20221023-131349
0,0,경기76아4652,3,40,233000125,233001828,95,20221023-131349
0,0,경기76아1123,3,36,233000125,277103902,53,20221023-131349
0,0,경기76아4649,3,45,233000125,277102459,2,20221023-131349
0,0,경기76아1132,3,36,233000125,233000713,39,20221023-131349
0,0,경기76아4652,3,40,233000125,233001828,95,20221023-131402
0,0,경기76아1122,3,36,233000125,233000781,69,20221023-131402
0,0,경기76아1123,3,36,233000125,277103902,53,20221023-131402
0,0,경기76아1132,3,36,233000125,233000713,39,20221023-131402
0,0,경기76아4649,3,45,233000125,233002221,3,20221023-131402
0,0,경기76아4652,3,40,233000125,233001828,95,20221023-131417
0,0,경기76아1122,3,36,233000125,233000781,69,20221023-131417
0,0,경기76아1123,3,36,233000125,277103902,53,20221023-131417
0,0,경기76아4649,3,45,233000125,233002221,3,20221023-131417
0,0,경기76아1132,3,36,233000125,233000713,39,20221023-131417
0,0,경기76아4652,3,40,233000125,233001828,95,20221023-131432
0,0,경기76아1122,3,36,233000125,233000781,69,20221023-131432
0,0,경기76아1123,3,36,233000125,277103902,53,20221023-131432
0,0,경기76아4649,3,45,233000125,233002221,3,20221023-131432
0,0,경기76아1132,3,36,233000125,233000713,39,20221023-131432
0,0,경기76아4652,3,40,233000125,233001828,95,20221023-131447
0,0,경기76아1122,3,36,233000125,233000781,69,20221023-131447
0,0,경기76아1123,3,36,233000125,277103902,53,20221023-131447
0,0,경기76아4649,3,45,233000125,233002221,3,20221023-131447
0,0,경기76아1132,3,36,233000125,233000712,40,20221023-131447
0,0,경기76아4652,3,40,233000125,233001828,95,20221023-131504
0,0,경기76아1122,3,36,233000125,233000781,69,20221023-131504
0,0,경기76아1123,3,36,233000125,277103902,53,20221023-131504
0,0,경기76아4649,3,45,233000125,233002221,3,20221023-131504
0,0,경기76아1132,3,36,233000125,233000712,40,20221023-131504
0,0,경기76아1122,3,36,233000125,233000781,69,20221023-131519
0,0,경기76아4652,3,40,233000125,233001828,95,20221023-131519
0,0,경기76아1123,3,36,233000125,277103902,53,20221023-131519
0,0,경기76아4649,3,45,233000125,233002221,3,20221023-131519
0,0,경기76아1132,3,36,233000125,233000712,40,20221023-131519
0,0,경기76아1122,3,36,233000125,233000781,69,20221023-131534
0,0,경기76아4652,3,40,233000125,233001435,96,20221023-131534
0,0,경기76아1123,3,36,233000125,277103902,53,20221023-131534
0,0,경기76아4649,3,45,233000125,233002221,3,20221023-131534
0,0,경기76아1132,3,36,233000125,233000712,40,20221023-131534
0,0,경기76아1122,3,36,233000125,233000781,69,20221023-131549
0,0,경기76아4652,3,40,233000125,233001435,96,20221023-131549
0,0,경기76아1123,3,36,233000125,277103902,53,20221023-131549
0,0,경기76아1132,3,36,233000125,233000712,40,20221023-131549
0,0,경기76아4649,3,45,233000125,233002224,4,20221023-131549
0,0,경기76아1122,3,36,233000125,233000781,69,20221023-131604
0,0,경기76아4652,3,40,233000125,233001435,96,20221023-131604
0,0,경기76아1123,3,36,233000125,277103902,53,20221023-131604
0,0,경기76아1132,3,36,233000125,233000712,40,20221023-131604
0,0,경기76아4649,3,45,233000125,233002224,4,20221023-131604
0,0,경기76아1122,3,36,233000125,233000781,69,20221023-131619
0,0,경기76아4652,3,44,233000125,233001435,96,20221023-131619
0,0,경기76아1123,3,36,233000125,277103902,53,20221023-131619
0,0,경기76아1132,3,36,233000125,233000712,40,20221023-131619
0,0,경기76아4649,3,45,233000125,233002224,4,20221023-131619
0,0,경기76아1122,3,37,233000125,233000781,69,20221023-131634
0,0,경기76아4652,3,44,233000125,233000208,97,20221023-131634
0,0,경기76아1123,3,36,233000125,277103902,53,20221023-131634
0,0,경기76아1132,3,36,233000125,233000712,40,20221023-131634
0,0,경기76아4649,3,45,233000125,233002224,4,20221023-131634
0,0,경기76아4652,3,44,233000125,233000208,97,20221023-131649
0,0,경기76아1122,3,37,233000125,233000781,69,20221023-131649
0,0,경기76아1123,3,36,233000125,277103902,53,20221023-131649
0,0,경기76아1132,3,36,233000125,233000712,40,20221023-131649
0,0,경기76아4649,3,45,233000125,233002225,5,20221023-131649
0,0,경기76아1122,3,37,233000125,233000781,69,20221023-131704
0,0,경기76아4652,3,44,233000125,233001043,98,20221023-131704
0,0,경기76아1123,3,36,233000125,277103902,53,20221023-131704
0,0,경기76아1132,3,36,233000125,233000712,40,20221023-131704
0,0,경기76아4649,3,45,233000125,233002225,5,20221023-131704
0,0,경기76아4652,3,45,233000125,233001043,98,20221023-131719
0,0,경기76아1122,3,37,233000125,233000849,70,20221023-131719
0,0,경기76아1123,3,36,233000125,277103902,53,20221023-131719
0,0,경기76아1132,3,35,233000125,233000712,40,20221023-131719
0,0,경기76아4649,3,45,233000125,233002225,5,20221023-131719
0,0,경기76아4652,3,45,233000125,233001043,98,20221023-131734
0,0,경기76아1122,3,37,233000125,233000849,70,20221023-131734
0,0,경기76아1123,3,36,233000125,277103902,53,20221023-131734
0,0,경기76아4649,3,45,233000125,233002225,5,20221023-131734
0,0,경기76아1132,3,35,233000125,233000712,40,20221023-131734
0,0,경기76아4652,3,45,233000125,233001043,98,20221023-131749
0,0,경기76아1122,3,37,233000125,233000848,71,20221023-131749
0,0,경기76아1123,3,36,233000125,277103902,53,20221023-131749
0,0,경기76아4649,3,45,233000125,233002225,5,20221023-131749
0,0,경기76아1132,3,35,233000125,233000712,40,20221023-131749
0,0,경기76아4652,3,45,233000125,233001043,98,20221023-131803
0,0,경기76아1122,3,37,233000125,233000848,71,20221023-131803
0,0,경기76아1123,3,36,233000125,277103902,53,20221023-131803
0,0,경기76아4649,3,45,233000125,233002225,5,20221023-131803
0,0,경기76아1132,3,35,233000125,233000712,40,20221023-131803
0,0,경기76아4652,3,45,233000125,233001043,98,20221023-131818
0,0,경기76아1122,3,37,233000125,233000848,71,20221023-131818
0,0,경기76아1123,3,36,233000125,277103902,53,20221023-131818
0,0,경기76아1132,3,35,233000125,233000712,40,20221023-131818
0,0,경기76아4649,3,45,233000125,233002295,6,20221023-131818
0,0,경기76아4652,3,45,233000125,233001043,98,20221023-131833
0,0,경기76아1122,3,37,233000125,233000848,71,20221023-131833
0,0,경기76아1123,3,36,233000125,277103902,53,20221023-131833
0,0,경기76아1132,3,35,233000125,233000712,40,20221023-131833
0,0,경기76아4649,3,45,233000125,233002295,6,20221023-131833
0,0,경기76아4652,3,45,233000125,233001043,98,20221023-131848
0,0,경기76아1122,3,37,233000125,233000848,71,20221023-131848
0,0,경기76아1123,3,36,233000125,277103902,53,20221023-131848
0,0,경기76아1132,3,35,233000125,233000712,40,20221023-131848
0,0,경기76아4649,3,45,233000125,233002295,6,20221023-131848
0,0,경기76아4652,3,45,233000125,233002130,99,20221023-131903
0,0,경기76아1122,3,37,233000125,233000847,72,20221023-131903
0,0,경기76아1123,3,36,233000125,277103902,53,20221023-131903
0,0,경기76아1132,3,35,233000125,233000712,40,20221023-131903
0,0,경기76아4649,3,45,233000125,233002295,6,20221023-131903
0,0,경기76아1122,3,37,233000125,233000847,72,20221023-131918
0,0,경기76아4652,3,45,233000125,233001042,100,20221023-131918
0,0,경기76아1123,3,36,233000125,277103902,53,20221023-131918
0,0,경기76아4649,3,45,233000125,233002295,6,20221023-131918
0,0,경기76아1132,3,35,233000125,233000712,40,20221023-131918
0,0,경기76아1122,3,37,233000125,233000847,72,20221023-131933
0,0,경기76아4652,3,45,233000125,233001042,100,20221023-131933
0,0,경기76아1123,3,36,233000125,277103902,53,20221023-131933
0,0,경기76아4649,3,45,233000125,233002295,6,20221023-131933
0,0,경기76아1132,3,35,233000125,233000712,40,20221023-131933
0,0,경기76아4652,3,45,233000125,233001042,100,20221023-131948
0,0,경기76아1122,3,37,233000125,233002174,73,20221023-131948
0,0,경기76아1123,3,36,233000125,277103902,53,20221023-131948
0,0,경기76아4649,3,45,233000125,233002295,6,20221023-131948
0,0,경기76아1132,3,35,233000125,233000712,40,20221023-131948
0,0,경기76아1122,3,37,233000125,233002174,73,20221023-132003
0,0,경기76아4652,3,45,233000125,233002296,101,20221023-132003
0,0,경기76아1123,3,36,233000125,277103902,53,20221023-132003
0,0,경기76아4649,3,45,233000125,233002295,6,20221023-132003
0,0,경기76아1132,3,35,233000125,233000712,40,20221023-132003
0,0,경기76아4652,3,45,233000125,233000207,102,20221023-132018
0,0,경기76아1122,3,39,233000125,233002174,73,20221023-132018
0,0,경기76아1123,3,36,233000125,277103902,53,20221023-132018
0,0,경기76아4649,3,45,233000125,233002295,6,20221023-132018
0,0,경기76아1132,3,35,233000125,233000712,40,20221023-132018
0,0,경기76아1122,3,39,233000125,233002174,73,20221023-132033
0,0,경기76아4652,3,45,233000125,233000207,102,20221023-132033
0,0,경기76아1123,3,36,233000125,277103902,53,20221023-132033
0,0,경기76아4649,3,45,233000125,233002295,6,20221023-132033
0,0,경기76아1132,3,35,233000125,233000712,40,20221023-132033
0,0,경기76아4652,3,45,233000125,233002216,103,20221023-132048
0,0,경기76아1122,3,39,233000125,233002174,73,20221023-132048
0,0,경기76아1123,3,36,233000125,277103902,53,20221023-132048
0,0,경기76아1132,3,35,233000125,233000712,40,20221023-132048
0,0,경기76아4649,3,45,233000125,233001041,7,20221023-132048
0,0,경기76아4652,3,45,233000125,233002216,103,20221023-132102
0,0,경기76아1122,3,39,233000125,233000055,74,20221023-132102
0,0,경기76아1123,3,36,233000125,277103902,53,20221023-132102
0,0,경기76아1132,3,35,233000125,233000712,40,20221023-132102
0,0,경기76아4649,3,45,233000125,233001041,7,20221023-132102
0,0,경기76아4652,3,45,233000125,233002216,103,20221023-132117
0,0,경기76아1122,3,39,233000125,233000846,75,20221023-132117
0,0,경기76아1123,3,36,233000125,277103902,53,20221023-132117
0,0,경기76아1132,3,35,233000125,233000712,40,20221023-132117
0,0,경기76아4649,3,45,233000125,233002131,8,20221023-132117
0,0,경기76아4652,3,45,233000125,233002223,104,20221023-132133
0,0,경기76아1122,3,39,233000125,233000845,76,20221023-132133
0,0,경기76아1123,3,36,233000125,277103902,53,20221023-132133
0,0,경기76아4649,3,45,233000125,233002131,8,20221023-132133
0,0,경기76아1132,3,35,233000125,233000712,40,20221023-132133
0,0,경기76아4652,3,45,233000125,233002223,104,20221023-132148
0,0,경기76아1122,3,39,233000125,233000845,76,20221023-132148
0,0,경기76아1123,3,36,233000125,277103902,53,20221023-132148
0,0,경기76아4649,3,45,233000125,233002131,8,20221023-132148
0,0,경기76아1132,3,35,233000125,277103520,41,20221023-132148
0,0,경기76아1122,3,39,233000125,233000845,76,20221023-132202
0,0,경기76아4652,3,45,233000125,233002223,104,20221023-132202
0,0,경기76아1123,3,36,233000125,277103902,53,20221023-132202
0,0,경기76아4649,3,45,233000125,233000148,9,20221023-132202
0,0,경기76아1132,3,35,233000125,277103520,41,20221023-132202
0,0,경기76아4652,3,45,233000125,233002223,104,20221023-132217
0,0,경기76아1122,3,39,233000125,233002150,77,20221023-132217
0,0,경기76아4649,3,45,233000125,233000148,9,20221023-132217
0,0,경기76아1132,3,35,233000125,277103520,41,20221023-132217
0,0,경기76아1123,3,49,233000125,121001315,54,20221023-132217
0,0,경기76아1122,3,39,233000125,233002150,77,20221023-132232
0,0,경기76아4652,3,45,233000125,233002214,105,20221023-132232
0,0,경기76아4649,3,45,233000125,233000148,9,20221023-132232
0,0,경기76아1132,3,35,233000125,277103520,41,20221023-132232
0,0,경기76아1123,3,49,233000125,121001315,54,20221023-132232
0,0,경기76아1122,3,39,233000125,233002150,77,20221023-132247
0,0,경기76아4652,3,45,233000125,233002214,105,20221023-132247
0,0,경기76아1132,3,35,233000125,277103520,41,20221023-132247
0,0,경기76아1123,3,49,233000125,121001315,54,20221023-132247
0,0,경기76아4649,3,45,233000125,233000191,10,20221023-132247
0,0,경기76아4652,3,45,233000125,233002214,105,20221023-132304
0,0,경기76아1122,3,39,233000125,233002150,77,20221023-132304
0,0,경기76아1132,3,35,233000125,277103520,41,20221023-132304
0,0,경기76아4649,3,45,233000125,233000191,10,20221023-132304
0,0,경기76아1123,3,49,233000125,121001315,54,20221023-132304
0,0,경기76아4652,3,45,233000125,233002214,105,20221023-132319
0,0,경기76아1122,3,39,233000125,233000844,78,20221023-132319
0,0,경기76아1132,3,35,233000125,277103520,41,20221023-132319
0,0,경기76아4649,3,45,233000125,233000191,10,20221023-132319
0,0,경기76아1123,3,49,233000125,121001315,54,20221023-132319
0,0,경기76아1122,3,39,233000125,233000844,78,20221023-132334
0,0,경기76아4652,3,45,233000125,233002214,105,20221023-132334
0,0,경기76아4649,3,45,233000125,233000191,10,20221023-132334
0,0,경기76아1123,3,49,233000125,277101688,55,20221023-132334
0,0,경기76아1132,3,35,233000125,277103520,41,20221023-132334
0,0,경기76아1122,3,39,233000125,233000844,78,20221023-132349
0,0,경기76아4652,3,45,233000125,233002214,105,20221023-132349
0,0,경기76아4649,3,45,233000125,233000191,10,20221023-132349
0,0,경기76아1123,3,49,233000125,277101688,55,20221023-132349
0,0,경기76아1132,3,35,233000125,277103520,41,20221023-132349
0,0,경기76아1122,3,39,233000125,233000844,78,20221023-132404
0,0,경기76아4649,3,45,233000125,233000191,10,20221023-132404
0,0,경기76아1123,3,49,233000125,277101688,55,20221023-132404
0,0,경기76아1132,3,35,233000125,277103520,41,20221023-132404
0,0,경기76아1122,3,39,233000125,233000844,78,20221023-132419
0,0,경기76아4649,3,45,233000125,233000191,10,20221023-132419
0,0,경기76아1123,3,49,233000125,277101688,55,20221023-132419
0,0,경기76아1132,3,35,233000125,277103520,41,20221023-132419
0,0,경기76아1122,3,39,233000125,233000843,79,20221023-132434
0,0,경기76아1123,3,49,233000125,277101688,55,20221023-132434
0,0,경기76아1132,3,35,233000125,277103520,41,20221023-132434
0,0,경기76아4649,3,44,233000125,233000191,10,20221023-132434
0,0,경기76아1122,3,39,233000125,233000843,79,20221023-132449
0,0,경기76아1123,3,49,233000125,277101688,55,20221023-132449
0,0,경기76아1132,3,35,233000125,277103528,42,20221023-132449
0,0,경기76아4649,3,44,233000125,233000191,10,20221023-132449
0,0,경기76아1122,3,39,233000125,233000780,80,20221023-132504
0,0,경기76아1123,3,49,233000125,277101688,55,20221023-132504
0,0,경기76아1132,3,35,233000125,277103528,42,20221023-132504
0,0,경기76아4649,3,44,233000125,233000190,11,20221023-132504
0,0,경기76아1122,3,39,233000125,233000780,80,20221023-132519
0,0,경기76아1123,3,49,233000125,277101688,55,20221023-132519
0,0,경기76아4649,3,44,233000125,233000190,11,20221023-132519
0,0,경기76아1132,3,35,233000125,277103528,42,20221023-132519
0,0,경기76아1122,3,39,233000125,233000780,80,20221023-132534
0,0,경기76아1123,3,49,233000125,277101688,55,20221023-132534
0,0,경기76아4649,3,44,233000125,233000190,11,20221023-132534
0,0,경기76아1132,3,35,233000125,277103528,42,20221023-132534
0,0,경기76아1122,3,39,233000125,233000780,80,20221023-132549
0,0,경기76아1123,3,49,233000125,277101688,55,20221023-132549
0,0,경기76아4649,3,44,233000125,233000190,11,20221023-132549
0,0,경기76아1132,3,35,233000125,277103528,42,20221023-132549
0,0,경기76아1122,3,39,233000125,233000780,80,20221023-132603
0,0,경기76아1123,3,49,233000125,277101688,55,20221023-132603
0,0,경기76아1132,3,35,233000125,277103317,43,20221023-132603
0,0,경기76아4649,3,44,233000125,233000190,11,20221023-132603
0,0,경기76아1122,3,39,233000125,233000780,80,20221023-132618
0,0,경기76아1123,3,49,233000125,277101688,55,20221023-132618
0,0,경기76아4649,3,44,233000125,233000190,11,20221023-132618
0,0,경기76아1132,3,35,233000125,277103317,43,20221023-132618
0,0,경기76아1122,3,39,233000125,233000779,81,20221023-132633
0,0,경기76아1123,3,49,233000125,277101688,55,20221023-132633
0,0,경기76아4649,3,44,233000125,233000190,11,20221023-132633
0,0,경기76아1132,3,35,233000125,277103317,43,20221023-132633
0,0,경기76아1122,3,39,233000125,233000779,81,20221023-132652
0,0,경기76아1132,3,35,233000125,277103317,43,20221023-132652
0,0,경기76아1123,3,49,233000125,119900083,56,20221023-132652
0,0,경기76아4649,3,44,233000125,233000189,12,20221023-132652
0,0,경기76아1122,3,39,233000125,233000779,81,20221023-132703
0,0,경기76아1132,3,35,233000125,277103317,43,20221023-132703
0,0,경기76아1123,3,49,233000125,119900083,56,20221023-132703
0,0,경기76아4649,3,44,233000125,233000189,12,20221023-132703
0,0,경기76아1122,3,39,233000125,233000779,81,20221023-132718
0,0,경기76아1132,3,35,233000125,277103317,43,20221023-132718
0,0,경기76아1123,3,49,233000125,119900083,56,20221023-132718
0,0,경기76아4649,3,-1,233000125,233001943,13,20221023-132718
0,0,경기76아1122,3,39,233000125,233000779,81,20221023-132733
0,0,경기76아1132,3,35,233000125,277103317,43,20221023-132733
0,0,경기76아4649,3,-1,233000125,233001943,13,20221023-132733
0,0,경기76아1123,3,49,233000125,119900083,56,20221023-132733
0,0,경기76아1122,3,39,233000125,233000779,81,20221023-132748
0,0,경기76아1132,3,35,233000125,277103317,43,20221023-132748
0,0,경기76아1123,3,49,233000125,119900083,56,20221023-132748
0,0,경기76아4649,3,42,233000125,233001943,13,20221023-132748
0,0,경기76아1122,3,39,233000125,233000779,81,20221023-132803
0,0,경기76아1132,3,35,233000125,277103317,43,20221023-132803
0,0,경기76아4649,3,42,233000125,233000188,14,20221023-132803
0,0,경기76아1123,3,49,233000125,119900083,56,20221023-132803
0,0,경기76아1122,3,39,233000125,233000779,81,20221023-132818
0,0,경기76아1132,3,35,233000125,277103317,43,20221023-132818
0,0,경기76아1123,3,49,233000125,119900083,56,20221023-132818
0,0,경기76아4649,3,42,233000125,233000188,14,20221023-132818
0,0,경기76아1122,3,39,233000125,233000779,81,20221023-132833
0,0,경기76아1123,3,38,233000125,119900083,56,20221023-132833
0,0,경기76아1132,3,35,233000125,277103317,43,20221023-132833
0,0,경기76아4649,3,39,233000125,233000188,14,20221023-132833
0,0,경기76아1122,3,39,233000125,233000779,81,20221023-132848
0,0,경기76아1123,3,38,233000125,119900083,56,20221023-132848
0,0,경기76아1132,3,35,233000125,277103317,43,20221023-132848
0,0,경기76아4649,3,39,233000125,233000188,14,20221023-132848
0,0,경기76아1122,3,39,233000125,233000779,81,20221023-132903
0,0,경기76아1123,3,38,233000125,119900083,56,20221023-132903
0,0,경기76아4649,3,39,233000125,233000188,14,20221023-132903
0,0,경기76아1132,3,35,233000125,277103315,44,20221023-132903
0,0,경기76아1122,3,39,233000125,233000779,81,20221023-132918
0,0,경기76아1123,3,38,233000125,119900083,56,20221023-132918
0,0,경기76아4649,3,39,233000125,233000188,14,20221023-132918
0,0,경기76아1132,3,35,233000125,277103315,44,20221023-132918
0,0,경기76아1122,3,39,233000125,233000779,81,20221023-132933
0,0,경기76아1123,3,38,233000125,119900083,56,20221023-132933
0,0,경기76아4649,3,39,233000125,233000188,14,20221023-132933
0,0,경기76아1132,3,35,233000125,277103315,44,20221023-132933
0,0,경기76아1122,3,39,233000125,233000779,81,20221023-132948
0,0,경기76아1123,3,38,233000125,119900083,56,20221023-132948
0,0,경기76아1132,3,35,233000125,277103315,44,20221023-132948
0,0,경기76아4649,3,39,233000125,233000188,14,20221023-132948
0,0,경기76아1122,3,39,233000125,233000779,81,20221023-133003
0,0,경기76아1123,3,38,233000125,119900083,56,20221023-133003
0,0,경기76아4649,3,39,233000125,233001318,15,20221023-133003
0,0,경기76아1132,3,35,233000125,277103315,44,20221023-133003
0,0,경기76아1122,3,39,233000125,233000779,81,20221023-133018
0,0,경기76아1123,3,38,233000125,119900083,56,20221023-133018
0,0,경기76아1132,3,35,233000125,277103315,44,20221023-133018
0,0,경기76아4649,3,39,233000125,233001318,15,20221023-133018
0,0,경기76아1122,3,39,233000125,233000778,82,20221023-133033
0,0,경기76아1123,3,38,233000125,119900083,56,20221023-133033
0,0,경기76아1132,3,35,233000125,277103315,44,20221023-133033
0,0,경기76아4649,3,39,233000125,233001318,15,20221023-133033
0,0,경기76아1122,3,39,233000125,233000778,82,20221023-133048
0,0,경기76아1123,3,38,233000125,119900083,56,20221023-133048
0,0,경기76아4649,3,39,233000125,233001318,15,20221023-133048
0,0,경기76아1132,3,35,233000125,226000039,45,20221023-133048
0,0,경기76아1122,3,39,233000125,233000778,82,20221023-133103
0,0,경기76아1123,3,38,233000125,119900083,56,20221023-133103
0,0,경기76아4649,3,39,233000125,233001318,15,20221023-133103
0,0,경기76아1132,3,35,233000125,226000039,45,20221023-133103
0,0,경기76아1122,3,39,233000125,233000778,82,20221023-133117
0,0,경기76아4649,3,39,233000125,233000730,16,20221023-133117
0,0,경기76아1123,3,38,233000125,277103902,53,20221023-133117
0,0,경기76아1132,3,36,233000125,226000039,45,20221023-133117
0,0,경기76아1122,3,39,233000125,233000778,82,20221023-133132
0,0,경기76아4649,3,39,233000125,233000730,16,20221023-133132
0,0,경기76아1132,3,36,233000125,226000039,45,20221023-133132
0,0,경기76아1123,3,38,233000125,277102049,57,20221023-133132
0,0,경기76아1122,3,39,233000125,233000777,83,20221023-133147
0,0,경기76아4649,3,39,233000125,233000730,16,20221023-133147
0,0,경기76아1123,3,38,233000125,277102049,57,20221023-133147
0,0,경기76아1132,3,36,233000125,226000039,45,20221023-133147
0,0,경기76아1122,3,39,233000125,233000776,84,20221023-133204
0,0,경기76아4649,3,39,233000125,233000730,16,20221023-133204
0,0,경기76아1123,3,38,233000125,277102049,57,20221023-133204
0,0,경기76아1132,3,36,233000125,226000039,45,20221023-133204
0,0,경기76아1122,3,39,233000125,233000776,84,20221023-133219
0,0,경기76아1123,3,38,233000125,277102049,57,20221023-133219
0,0,경기76아4649,3,31,233000125,233000730,16,20221023-133219
0,0,경기76아1132,3,36,233000125,226000039,45,20221023-133219
0,0,경기76아1122,3,39,233000125,233000776,84,20221023-133234
0,0,경기76아1123,3,38,233000125,277102049,57,20221023-133234
0,0,경기76아1132,3,36,233000125,226000039,45,20221023-133234
0,0,경기76아4649,3,31,233000125,233000730,16,20221023-133234
0,0,경기76아1122,3,39,233000125,233000774,85,20221023-133249
0,0,경기76아1123,3,38,233000125,277102049,57,20221023-133249
0,0,경기76아1132,3,36,233000125,226000039,45,20221023-133249
0,0,경기76아4649,3,31,233000125,233000730,16,20221023-133249
0,0,경기76아1122,3,39,233000125,233000774,85,20221023-133304
0,0,경기76아1123,3,38,233000125,277102049,57,20221023-133304
0,0,경기76아1132,3,36,233000125,277103221,46,20221023-133304
0,0,경기76아4649,3,31,233000125,233000730,16,20221023-133304
0,0,경기76아1122,3,39,233000125,233000774,85,20221023-133319
0,0,경기76아1123,3,38,233000125,277102049,57,20221023-133319
0,0,경기76아1132,3,36,233000125,277103221,46,20221023-133319
0,0,경기76아4649,3,31,233000125,233000730,16,20221023-133319
0,0,경기76아1122,3,39,233000125,233000774,85,20221023-133334
0,0,경기76아1123,3,38,233000125,277102049,57,20221023-133334
0,0,경기76아1132,3,36,233000125,277103221,46,20221023-133334
0,0,경기76아4649,3,31,233000125,233000730,16,20221023-133334
0,0,경기76아1122,3,39,233000125,233000774,85,20221023-133349
0,0,경기76아1132,3,36,233000125,277103221,46,20221023-133349
0,0,경기76아1123,3,38,233000125,277102291,58,20221023-133349
0,0,경기76아4649,3,31,233000125,233000730,16,20221023-133349
0,0,경기76아1122,3,39,233000125,233000774,85,20221023-133404
0,0,경기76아1123,3,38,233000125,277102291,58,20221023-133404
0,0,경기76아1132,3,36,233000125,277103221,46,20221023-133404
0,0,경기76아4649,3,31,233000125,233000729,17,20221023-133404
0,0,경기76아1122,3,39,233000125,233000773,86,20221023-133419
0,0,경기76아1123,3,38,233000125,277102291,58,20221023-133419
0,0,경기76아1132,3,36,233000125,277103221,46,20221023-133419
0,0,경기76아4649,3,31,233000125,233000729,17,20221023-133419
0,0,경기76아1122,3,39,233000125,233000773,86,20221023-133434
0,0,경기76아1123,3,38,233000125,277102291,58,20221023-133434
0,0,경기76아1132,3,36,233000125,277103221,46,20221023-133434
0,0,경기76아4649,3,30,233000125,233000729,17,20221023-133434
0,0,경기76아1122,3,39,233000125,233003082,87,20221023-133449
0,0,경기76아1123,3,38,233000125,277102291,58,20221023-133449
0,0,경기76아1132,3,36,233000125,277103221,46,20221023-133449
0,0,경기76아4649,3,30,233000125,233000729,17,20221023-133449
0,0,경기76아1122,3,39,233000125,233003082,87,20221023-133504
0,0,경기76아1123,3,38,233000125,277102291,58,20221023-133504
0,0,경기76아1132,3,36,233000125,277103221,46,20221023-133504
0,0,경기76아4649,3,30,233000125,233000729,17,20221023-133504
0,0,경기76아1122,3,39,233000125,233003082,87,20221023-133518
0,0,경기76아1132,3,36,233000125,277103221,46,20221023-133518
0,0,경기76아4649,3,30,233000125,233000729,17,20221023-133518
0,0,경기76아1123,3,38,233000125,277102291,58,20221023-133518
0,0,경기76아1122,3,39,233000125,233003082,87,20221023-133533
0,0,경기76아4649,3,30,233000125,233000729,17,20221023-133533
0,0,경기76아1123,3,38,233000125,277102291,58,20221023-133533
0,0,경기76아1132,3,36,233000125,277103159,47,20221023-133533
0,0,경기76아1122,3,39,233000125,233003082,87,20221023-133548
0,0,경기76아4649,3,30,233000125,233000729,17,20221023-133548
0,0,경기76아1123,3,38,233000125,277102291,58,20221023-133548
0,0,경기76아1132,3,36,233000125,277103159,47,20221023-133548
0,0,경기76아1122,3,39,233000125,233003082,87,20221023-133603
0,0,경기76아4649,3,30,233000125,233000729,17,20221023-133603
0,0,경기76아1123,3,38,233000125,277102291,58,20221023-133603
0,0,경기76아1132,3,36,233000125,277103159,47,20221023-133603
0,0,경기76아1122,3,39,233000125,233003082,87,20221023-133618
0,0,경기76아4649,3,30,233000125,233000729,17,20221023-133618
0,0,경기76아1123,3,38,233000125,277102291,58,20221023-133618
0,0,경기76아1132,3,36,233000125,277103159,47,20221023-133618
0,0,경기76아1122,3,39,233000125,233003082,87,20221023-133633
0,0,경기76아4649,3,30,233000125,233000729,17,20221023-133633
0,0,경기76아1132,3,36,233000125,277103159,47,20221023-133633
0,0,경기76아1123,3,38,233000125,277103204,59,20221023-133633
0,0,경기76아1122,3,39,233000125,233003082,87,20221023-133648
0,0,경기76아4649,3,30,233000125,233000729,17,20221023-133648
0,0,경기76아1123,3,38,233000125,277103204,59,20221023-133648
0,0,경기76아1132,3,36,233000125,277103200,48,20221023-133648
0,0,경기76아1122,3,39,233000125,233003082,87,20221023-133703
0,0,경기76아4649,3,30,233000125,233000729,17,20221023-133703
0,0,경기76아1132,3,36,233000125,277103200,48,20221023-133703
0,0,경기76아1123,3,38,233000125,277103204,59,20221023-133703
0,0,경기76아1122,3,39,233000125,233003082,87,20221023-133718
0,0,경기76아1132,3,36,233000125,277103200,48,20221023-133718
0,0,경기76아1123,3,38,233000125,277103204,59,20221023-133718
0,0,경기76아4649,3,30,233000125,233000729,17,20221023-133718
0,0,경기76아1122,3,39,233000125,233000772,88,20221023-133733
0,0,경기76아1123,3,38,233000125,277103204,59,20221023-133733
0,0,경기76아4649,3,30,233000125,233000728,18,20221023-133733
0,0,경기76아1132,3,36,233000125,277103200,48,20221023-133733
0,0,경기76아1122,3,39,233000125,233000772,88,20221023-133748
0,0,경기76아1123,3,38,233000125,277103204,59,20221023-133748
0,0,경기76아1132,3,36,233000125,277103200,48,20221023-133748
0,0,경기76아4649,3,30,233000125,233001404,19,20221023-133748
0,0,경기76아1122,3,39,233000125,233000772,88,20221023-133802
0,0,경기76아1123,3,38,233000125,277103204,59,20221023-133802
0,0,경기76아1132,3,36,233000125,277103200,48,20221023-133802
0,0,경기76아4649,3,30,233000125,233001404,19,20221023-133802
0,0,경기76아1122,3,39,233000125,233000772,88,20221023-133817
0,0,경기76아4649,3,30,233000125,233000727,20,20221023-133817
0,0,경기76아1123,3,38,233000125,277103202,60,20221023-133817
0,0,경기76아1132,3,36,233000125,277103200,48,20221023-133817
0,0,경기76아1122,3,39,233000125,233000772,88,20221023-133832
0,0,경기76아1132,3,36,233000125,277103200,48,20221023-133832
0,0,경기76아4649,3,30,233000125,233000727,20,20221023-133832
0,0,경기76아1123,3,38,233000125,277103202,60,20221023-133832
0,0,경기76아1122,3,39,233000125,233000772,88,20221023-133848
0,0,경기76아1132,3,36,233000125,277103200,48,20221023-133848
0,0,경기76아4649,3,30,233000125,233000727,20,20221023-133848
0,0,경기76아1123,3,38,233000125,277103202,60,20221023-133848
0,0,경기76아1122,3,39,233000125,233000771,89,20221023-133902
0,0,경기76아4649,3,30,233000125,233000727,20,20221023-133902
0,0,경기76아1132,3,36,233000125,277103203,49,20221023-133902
0,0,경기76아1123,3,38,233000125,277103202,60,20221023-133902
0,0,경기76아1122,3,40,233000125,233000771,89,20221023-133917
0,0,경기76아1123,3,38,233000125,277103202,60,20221023-133917
0,0,경기76아4649,3,30,233000125,233000726,21,20221023-133917
0,0,경기76아1132,3,36,233000125,277103203,49,20221023-133917
0,0,경기76아1122,3,40,233000125,233000771,89,20221023-133932
0,0,경기76아1123,3,38,233000125,277103202,60,20221023-133932
0,0,경기76아4649,3,30,233000125,233000726,21,20221023-133932
0,0,경기76아1132,3,36,233000125,277103203,49,20221023-133932
0,0,경기76아1122,3,40,233000125,233000771,89,20221023-133947
0,0,경기76아4649,3,30,233000125,233000726,21,20221023-133947
0,0,경기76아1132,3,36,233000125,277103203,49,20221023-133947
0,0,경기76아1123,3,38,233000125,277103201,61,20221023-133947
0,0,경기76아1122,3,40,233000125,233000770,90,20221023-134004
0,0,경기76아4649,3,30,233000125,233000726,21,20221023-134004
0,0,경기76아1132,3,36,233000125,277103203,49,20221023-134004
0,0,경기76아1123,3,38,233000125,277103201,61,20221023-134004
0,0,경기76아1122,3,40,233000125,233000770,90,20221023-134019
0,0,경기76아1123,3,38,233000125,277103201,61,20221023-134019
0,0,경기76아4649,3,30,233000125,233000726,21,20221023-134019
0,0,경기76아1132,3,36,233000125,277103203,49,20221023-134019
0,0,경기76아1122,3,40,233000125,233000770,90,20221023-134034
0,0,경기76아1123,3,38,233000125,277103201,61,20221023-134034
0,0,경기76아4649,3,30,233000125,233000726,21,20221023-134034
0,0,경기76아1132,3,36,233000125,277103203,49,20221023-134034
0,0,경기76아1122,3,40,233000125,233000770,90,20221023-134049
0,0,경기76아4649,3,30,233000125,233000726,21,20221023-134049
0,0,경기76아1123,3,38,233000125,277103201,61,20221023-134049
0,0,경기76아1132,3,36,233000125,277103205,50,20221023-134049
0,0,경기76아1122,3,40,233000125,233000770,90,20221023-134104
0,0,경기76아4649,3,30,233000125,233000726,21,20221023-134104
0,0,경기76아1123,3,38,233000125,277103201,61,20221023-134104
0,0,경기76아1132,3,36,233000125,277103205,50,20221023-134104
0,0,경기76아1122,3,40,233000125,233000770,90,20221023-134119
0,0,경기76아1132,3,36,233000125,277103205,50,20221023-134119
0,0,경기76아4649,3,30,233000125,233000726,21,20221023-134119
0,0,경기76아1123,3,38,233000125,277103201,61,20221023-134119
0,0,경기76아1122,3,40,233000125,233000770,90,20221023-134134
0,0,경기76아1132,3,36,233000125,277103205,50,20221023-134134
0,0,경기76아1123,3,38,233000125,277103201,61,20221023-134134
0,0,경기76아4649,3,30,233000125,233000726,21,20221023-134134
0,0,경기76아1122,3,40,233000125,233000770,90,20221023-134149
0,0,경기76아1132,3,36,233000125,277103205,50,20221023-134149
0,0,경기76아1123,3,38,233000125,277103201,61,20221023-134149
0,0,경기76아4649,3,30,233000125,233000725,22,20221023-134149
0,0,경기76아1122,3,40,233000125,233000769,91,20221023-134203
0,0,경기76아1132,3,36,233000125,277103205,50,20221023-134203
0,0,경기76아1123,3,38,233000125,277103201,61,20221023-134203
0,0,경기76아4649,3,30,233000125,233002118,23,20221023-134203
0,0,경기76아1122,3,40,233000125,233000769,91,20221023-134219
0,0,경기76아4649,3,30,233000125,233002118,23,20221023-134219
0,0,경기76아1123,3,38,233000125,277103158,62,20221023-134219
0,0,경기76아1132,3,36,233000125,277103205,50,20221023-134219
0,0,경기76아1122,3,40,233000125,233000769,91,20221023-134233
0,0,경기76아1132,3,36,233000125,277103205,50,20221023-134233
0,0,경기76아4649,3,30,233000125,233002118,23,20221023-134233
0,0,경기76아1123,3,38,233000125,277103158,62,20221023-134233
0,0,경기76아1122,3,39,233000125,233000769,91,20221023-134249
0,0,경기76아1132,3,36,233000125,277103205,50,20221023-134249
0,0,경기76아1123,3,38,233000125,277103158,62,20221023-134249
0,0,경기76아4649,3,30,233000125,233002118,23,20221023-134249
0,0,경기76아1122,3,39,233000125,233000769,91,20221023-134303
0,0,경기76아1132,3,36,233000125,277103205,50,20221023-134303
0,0,경기76아4649,3,30,233000125,233002118,23,20221023-134303
0,0,경기76아1123,3,38,233000125,277103158,62,20221023-134303
0,0,경기76아1122,3,39,233000125,233000769,91,20221023-134318
0,0,경기76아1132,3,36,233000125,277103205,50,20221023-134318
0,0,경기76아4649,3,30,233000125,233000724,24,20221023-134318
0,0,경기76아1123,3,38,233000125,277103158,62,20221023-134318
0,0,경기76아1122,3,39,233000125,233000769,91,20221023-134333
0,0,경기76아1132,3,36,233000125,277103205,50,20221023-134333
0,0,경기76아4649,3,30,233000125,233000724,24,20221023-134333
0,0,경기76아1123,3,38,233000125,277103220,63,20221023-134333
0,0,경기76아1122,3,39,233000125,233000769,91,20221023-134348
0,0,경기76아1132,3,36,233000125,277103205,50,20221023-134348
0,0,경기76아1123,3,38,233000125,277103220,63,20221023-134348
0,0,경기76아4649,3,30,233000125,233000723,25,20221023-134348
0,0,경기76아1122,3,40,233000125,233000768,92,20221023-134403
0,0,경기76아1123,3,38,233000125,277103220,63,20221023-134403
0,0,경기76아4649,3,30,233000125,233000723,25,20221023-134403
0,0,경기76아1132,3,36,233000125,277103903,51,20221023-134403
0,0,경기76아1122,3,40,233000125,233000768,92,20221023-134418
0,0,경기76아1123,3,38,233000125,277103220,63,20221023-134418
0,0,경기76아4649,3,30,233000125,233000722,26,20221023-134418
0,0,경기76아1132,3,36,233000125,120000671,52,20221023-134418
0,0,경기76아1122,3,40,233000125,233001749,93,20221023-134433
0,0,경기76아1123,3,38,233000125,277103220,63,20221023-134433
0,0,경기76아1132,3,36,233000125,120000671,52,20221023-134433
0,0,경기76아4649,3,30,233000125,233000722,26,20221023-134433
0,0,경기76아1122,3,40,233000125,233001749,93,20221023-134448
0,0,경기76아1123,3,38,233000125,277103220,63,20221023-134448
0,0,경기76아1132,3,36,233000125,120000671,52,20221023-134448
0,0,경기76아4649,3,30,233000125,233000722,26,20221023-134448
0,0,경기76아1122,3,40,233000125,233002159,94,20221023-134503
0,0,경기76아4649,3,30,233000125,233000722,26,20221023-134503
0,0,경기76아1123,3,38,233000125,277103220,63,20221023-134503
0,0,경기76아1132,3,36,233000125,120000671,52,20221023-134503
0,0,경기76아1122,3,40,233000125,233002159,94,20221023-134518
0,0,경기76아4649,3,30,233000125,233000722,26,20221023-134518
0,0,경기76아1123,3,38,233000125,226000038,64,20221023-134518
0,0,경기76아1132,3,36,233000125,277103902,53,20221023-134518
0,0,경기76아1122,3,40,233000125,233002159,94,20221023-134533
0,0,경기76아1123,3,38,233000125,226000038,64,20221023-134533
0,0,경기76아1132,3,36,233000125,277103902,53,20221023-134533
0,0,경기76아4649,3,30,233000125,233000721,27,20221023-134533
0,0,경기76아1122,3,40,233000125,233002159,94,20221023-134548
0,0,경기76아1132,3,36,233000125,277103902,53,20221023-134548
0,0,경기76아4649,3,30,233000125,233000721,27,20221023-134548
0,0,경기76아1123,3,37,233000125,226000038,64,20221023-134548
0,0,경기76아1122,3,40,233000125,233002159,94,20221023-134602
0,0,경기76아1132,3,36,233000125,277103902,53,20221023-134602
0,0,경기76아1123,3,37,233000125,226000038,64,20221023-134602
0,0,경기76아4649,3,29,233000125,233000721,27,20221023-134602
0,0,경기76아1122,3,40,233000125,233002159,94,20221023-134617
0,0,경기76아1132,3,36,233000125,277103902,53,20221023-134617
0,0,경기76아4649,3,29,233000125,233000721,27,20221023-134617
0,0,경기76아1123,3,37,233000125,226000038,64,20221023-134617
0,0,경기76아1122,3,40,233000125,233002159,94,20221023-134632
0,0,경기76아1132,3,36,233000125,277103902,53,20221023-134632
0,0,경기76아4649,3,29,233000125,233000721,27,20221023-134632
0,0,경기76아1123,3,37,233000125,226000038,64,20221023-134632
0,0,경기76아1122,3,40,233000125,233002159,94,20221023-134647
0,0,경기76아1132,3,36,233000125,277103902,53,20221023-134647
0,0,경기76아4649,3,29,233000125,233000721,27,20221023-134647
0,0,경기76아1123,3,37,233000125,226000038,64,20221023-134647
0,0,경기76아1122,3,40,233000125,233001828,95,20221023-134704
0,0,경기76아1132,3,36,233000125,277103902,53,20221023-134704
0,0,경기76아4649,3,29,233000125,233000721,27,20221023-134704
0,0,경기76아1123,3,37,233000125,226000038,64,20221023-134704
0,0,경기76아1122,3,40,233000125,233001828,95,20221023-134719
0,0,경기76아1132,3,36,233000125,277103902,53,20221023-134719
0,0,경기76아1123,3,37,233000125,226000038,64,20221023-134719
0,0,경기76아4649,3,29,233000125,233000721,27,20221023-134719
0,0,경기76아1122,3,43,233000125,233001828,95,20221023-134734
0,0,경기76아1132,3,36,233000125,277103902,53,20221023-134734
0,0,경기76아4649,3,29,233000125,233000721,27,20221023-134734
0,0,경기76아1123,3,37,233000125,277103314,65,20221023-134734
0,0,경기76아1122,3,43,233000125,233001828,95,20221023-134749
0,0,경기76아1132,3,36,233000125,277103902,53,20221023-134749
0,0,경기76아1123,3,37,233000125,277103314,65,20221023-134749
0,0,경기76아4649,3,29,233000125,233000721,27,20221023-134749
0,0,경기76아1122,3,43,233000125,233001828,95,20221023-134804
0,0,경기76아1132,3,36,233000125,277103902,53,20221023-134804
0,0,경기76아1123,3,37,233000125,277103314,65,20221023-134804
0,0,경기76아4649,3,29,233000125,233000720,28,20221023-134804
0,0,경기76아1122,3,43,233000125,233001828,95,20221023-134819
0,0,경기76아1132,3,36,233000125,277103902,53,20221023-134819
0,0,경기76아1123,3,37,233000125,277103314,65,20221023-134819
0,0,경기76아4649,3,29,233000125,233000720,28,20221023-134819
0,0,경기76아1122,3,43,233000125,233001828,95,20221023-134834
0,0,경기76아1123,3,37,233000125,277103314,65,20221023-134834
0,0,경기76아4649,3,29,233000125,233000720,28,20221023-134834
0,0,경기76아1132,3,49,233000125,121001315,54,20221023-134834
0,0,경기76아1122,3,43,233000125,233001828,95,20221023-134849
0,0,경기76아1123,3,37,233000125,277103314,65,20221023-134849
0,0,경기76아4649,3,29,233000125,233000720,28,20221023-134849
0,0,경기76아1132,3,49,233000125,121001315,54,20221023-134849
0,0,경기76아1122,3,43,233000125,233001828,95,20221023-134904
0,0,경기76아1123,3,37,233000125,277103314,65,20221023-134904
0,0,경기76아1132,3,49,233000125,121001315,54,20221023-134904
0,0,경기76아4649,3,29,233000125,233000720,28,20221023-134904
0,0,경기76아1122,3,43,233000125,233001828,95,20221023-134919
0,0,경기76아1123,3,37,233000125,277103314,65,20221023-134919
0,0,경기76아1132,3,49,233000125,121001315,54,20221023-134919
0,0,경기76아4649,3,29,233000125,233000720,28,20221023-134919
0,0,경기76아1122,3,43,233000125,233001828,95,20221023-134934
0,0,경기76아1132,3,49,233000125,121001315,54,20221023-134934
0,0,경기76아4649,3,29,233000125,233000719,29,20221023-134934
0,0,경기76아1123,3,37,233000125,277103314,65,20221023-134934
0,0,경기76아1122,3,43,233000125,233001435,96,20221023-134949
0,0,경기76아1132,3,49,233000125,121001315,54,20221023-134949
0,0,경기76아1123,3,37,233000125,277103314,65,20221023-134949
0,0,경기76아4649,3,29,233000125,233000719,29,20221023-134949
0,0,경기76아1122,3,43,233000125,233000208,97,20221023-135003
0,0,경기76아4649,3,29,233000125,233000719,29,20221023-135003
0,0,경기76아1123,3,37,233000125,277103316,66,20221023-135003
0,0,경기76아1132,3,49,233000125,277101688,55,20221023-135003
0,0,경기76아1122,3,43,233000125,233000208,97,20221023-135018
0,0,경기76아1123,3,37,233000125,277103316,66,20221023-135018
0,0,경기76아1132,3,49,233000125,277101688,55,20221023-135018
0,0,경기76아4649,3,29,233000125,233000718,30,20221023-135018
0,0,경기76아4650,3,45,233000125,233002226,1,20221023-135033
0,0,경기76아1122,3,43,233000125,233001043,98,20221023-135033
0,0,경기76아1132,3,49,233000125,277101688,55,20221023-135033
0,0,경기76아4649,3,29,233000125,233000718,30,20221023-135033
0,0,경기76아1123,3,37,233000125,277103316,66,20221023-135033
0,0,경기76아4650,3,45,233000125,233002226,1,20221023-135048
0,0,경기76아1122,3,43,233000125,233001043,98,20221023-135048
0,0,경기76아1132,3,49,233000125,277101688,55,20221023-135048
0,0,경기76아4649,3,29,233000125,233000718,30,20221023-135048
0,0,경기76아1123,3,37,233000125,277103316,66,20221023-135048
0,0,경기76아1122,3,46,233000125,233001043,98,20221023-135103
0,0,경기76아4650,3,45,233000125,277102459,2,20221023-135103
0,0,경기76아1132,3,49,233000125,277101688,55,20221023-135103
0,0,경기76아4649,3,29,233000125,233000718,30,20221023-135103
0,0,경기76아1123,3,-1,233000125,277103527,67,20221023-135103
0,0,경기76아1122,3,46,233000125,233001043,98,20221023-135118
0,0,경기76아4650,3,45,233000125,277102459,2,20221023-135118
0,0,경기76아1132,3,49,233000125,277101688,55,20221023-135118
0,0,경기76아1123,3,37,233000125,277103527,67,20221023-135118
0,0,경기76아4649,3,29,233000125,233000842,31,20221023-135118
0,0,경기76아1122,3,46,233000125,233001043,98,20221023-135133
0,0,경기76아4650,3,45,233000125,277102459,2,20221023-135133
0,0,경기76아1132,3,49,233000125,277101688,55,20221023-135133
0,0,경기76아4649,3,29,233000125,233000842,31,20221023-135133
0,0,경기76아1123,3,37,233000125,277103527,67,20221023-135133
0,0,경기76아1122,3,46,233000125,233001043,98,20221023-135148
0,0,경기76아4650,3,45,233000125,277102459,2,20221023-135148
0,0,경기76아1132,3,49,233000125,277101688,55,20221023-135148
0,0,경기76아4649,3,29,233000125,233000842,31,20221023-135148
0,0,경기76아1123,3,37,233000125,277103527,67,20221023-135148
0,0,경기76아1122,3,46,233000125,233001043,98,20221023-135203
0,0,경기76아4650,3,45,233000125,277102459,2,20221023-135203
0,0,경기76아1132,3,49,233000125,277101688,55,20221023-135203
0,0,경기76아1123,3,37,233000125,277103527,67,20221023-135203
0,0,경기76아4649,3,30,233000125,233000842,31,20221023-135203
0,0,경기76아1122,3,46,233000125,233001043,98,20221023-135218
0,0,경기76아4650,3,45,233000125,233002221,3,20221023-135218
0,0,경기76아1132,3,49,233000125,277101688,55,20221023-135218
0,0,경기76아4649,3,30,233000125,233000842,31,20221023-135218
0,0,경기76아1123,3,37,233000125,277103527,67,20221023-135218
0,0,경기76아4650,3,45,233000125,233002221,3,20221023-135233
0,0,경기76아1122,3,46,233000125,233002130,99,20221023-135233
0,0,경기76아1132,3,49,233000125,277101688,55,20221023-135233
0,0,경기76아1123,3,37,233000125,277103527,67,20221023-135233
0,0,경기76아4649,3,30,233000125,233000842,31,20221023-135233
0,0,경기76아1122,3,46,233000125,233002130,99,20221023-135248
0,0,경기76아4650,3,45,233000125,233002221,3,20221023-135248
0,0,경기76아1132,3,49,233000125,277101688,55,20221023-135248
0,0,경기76아1123,3,37,233000125,277103527,67,20221023-135248
0,0,경기76아4649,3,30,233000125,233000842,31,20221023-135248
0,0,경기76아4650,3,45,233000125,233002221,3,20221023-135304
0,0,경기76아1122,3,46,233000125,233001042,100,20221023-135304
0,0,경기76아1132,3,49,233000125,277101688,55,20221023-135304
0,0,경기76아1123,3,37,233000125,277103527,67,20221023-135304
0,0,경기76아4649,3,30,233000125,233002149,32,20221023-135304
0,0,경기76아4650,3,45,233000125,233002221,3,20221023-135318
0,0,경기76아1122,3,46,233000125,233001042,100,20221023-135318
0,0,경기76아1132,3,49,233000125,277101688,55,20221023-135318
0,0,경기76아4649,3,30,233000125,233002149,32,20221023-135318
0,0,경기76아1123,3,37,233000125,277103527,67,20221023-135318
0,0,경기76아4650,3,45,233000125,233002224,4,20221023-135333
0,0,경기76아1122,3,46,233000125,233002296,101,20221023-135333
0,0,경기76아4649,3,30,233000125,233002149,32,20221023-135333
0,0,경기76아1132,3,49,233000125,119900083,56,20221023-135333
0,0,경기76아1123,3,37,233000125,277103519,68,20221023-135333
0,0,경기76아4650,3,45,233000125,233002224,4,20221023-135348
0,0,경기76아1122,3,46,233000125,233002296,101,20221023-135348
0,0,경기76아4649,3,30,233000125,233002149,32,20221023-135348
0,0,경기76아1132,3,49,233000125,119900083,56,20221023-135348
0,0,경기76아1123,3,37,233000125,277103519,68,20221023-135348
0,0,경기76아4650,3,45,233000125,233002224,4,20221023-135404
0,0,경기76아1122,3,48,233000125,233000207,102,20221023-135404
0,0,경기76아1132,3,49,233000125,119900083,56,20221023-135404
0,0,경기76아1123,3,37,233000125,277103519,68,20221023-135404
0,0,경기76아4649,3,30,233000125,233000717,33,20221023-135404
0,0,경기76아4650,3,45,233000125,233002225,5,20221023-135418
0,0,경기76아1122,3,48,233000125,233000207,102,20221023-135418
0,0,경기76아1132,3,49,233000125,119900083,56,20221023-135418
0,0,경기76아1123,3,37,233000125,277103519,68,20221023-135418
0,0,경기76아4649,3,30,233000125,233000716,34,20221023-135418
0,0,경기76아4650,3,45,233000125,233002225,5,20221023-135433
0,0,경기76아1122,3,48,233000125,233002216,103,20221023-135433
0,0,경기76아1132,3,49,233000125,119900083,56,20221023-135433
0,0,경기76아1123,3,37,233000125,277103519,68,20221023-135433
0,0,경기76아4649,3,30,233000125,233000059,35,20221023-135433
0,0,경기76아1122,3,48,233000125,233002216,103,20221023-135448
0,0,경기76아4650,3,45,233000125,233002225,5,20221023-135448
0,0,경기76아1132,3,49,233000125,119900083,56,20221023-135448
0,0,경기76아1123,3,37,233000125,277103519,68,20221023-135448
0,0,경기76아4649,3,30,233000125,233000059,35,20221023-135448
0,0,경기76아1122,3,48,233000125,233002216,103,20221023-135503
0,0,경기76아4650,3,45,233000125,233002225,5,20221023-135503
0,0,경기76아1123,3,37,233000125,277103519,68,20221023-135503
0,0,경기76아1132,3,40,233000125,119900083,56,20221023-135503
0,0,경기76아4649,3,30,233000125,233000891,36,20221023-135503
0,0,경기76아1122,3,48,233000125,233002223,104,20221023-135518
0,0,경기76아4650,3,45,233000125,233002295,6,20221023-135518
0,0,경기76아1132,3,40,233000125,119900083,56,20221023-135518
0,0,경기76아4649,3,30,233000125,233000891,36,20221023-135518
0,0,경기76아1123,3,37,233000125,277103519,68,20221023-135518
0,0,경기76아1122,3,48,233000125,233002223,104,20221023-135533
0,0,경기76아4650,3,45,233000125,233002295,6,20221023-135533
0,0,경기76아1132,3,40,233000125,119900083,56,20221023-135533
0,0,경기76아4649,3,29,233000125,233000891,36,20221023-135533
0,0,경기76아1123,3,37,233000125,233000781,69,20221023-135533
0,0,경기76아1122,3,48,233000125,233002223,104,20221023-135548
0,0,경기76아4650,3,45,233000125,233002295,6,20221023-135548
0,0,경기76아1132,3,40,233000125,119900083,56,20221023-135548
0,0,경기76아4649,3,29,233000125,233000891,36,20221023-135548
0,0,경기76아1123,3,37,233000125,233000781,69,20221023-135548
0,0,경기76아1122,3,48,233000125,233002223,104,20221023-135603
0,0,경기76아4650,3,45,233000125,233002295,6,20221023-135603
0,0,경기76아1132,3,40,233000125,119900083,56,20221023-135603
0,0,경기76아4649,3,29,233000125,233000891,36,20221023-135603
0,0,경기76아1123,3,37,233000125,233000781,69,20221023-135603
0,0,경기76아4650,3,45,233000125,233002295,6,20221023-135618
0,0,경기76아1122,3,49,233000125,233002223,104,20221023-135618
0,0,경기76아1132,3,40,233000125,119900083,56,20221023-135618
0,0,경기76아1123,3,37,233000125,233000781,69,20221023-135618
0,0,경기76아4649,3,29,233000125,233000715,37,20221023-135618
0,0,경기76아4650,3,45,233000125,233002295,6,20221023-135633
0,0,경기76아1122,3,49,233000125,233002223,104,20221023-135633
0,0,경기76아1132,3,40,233000125,119900083,56,20221023-135633
0,0,경기76아4649,3,29,233000125,233000715,37,20221023-135633
0,0,경기76아1123,3,38,233000125,233000781,69,20221023-135633
0,0,경기76아4650,3,45,233000125,233002295,6,20221023-135648
0,0,경기76아1122,3,49,233000125,233002214,105,20221023-135648
0,0,경기76아1132,3,40,233000125,119900083,56,20221023-135648
0,0,경기76아4649,3,29,233000125,233000715,37,20221023-135648
0,0,경기76아1123,3,38,233000125,233000781,69,20221023-135648
0,0,경기76아4650,3,45,233000125,233002295,6,20221023-135703
0,0,경기76아1122,3,49,233000125,233002214,105,20221023-135703
0,0,경기76아1132,3,40,233000125,119900083,56,20221023-135703
0,0,경기76아4649,3,29,233000125,233000715,37,20221023-135703
0,0,경기76아1123,3,38,233000125,233000781,69,20221023-135703
0,0,경기76아1122,3,49,233000125,233002214,105,20221023-135718
0,0,경기76아4650,3,45,233000125,233002295,6,20221023-135718
0,0,경기76아1132,3,40,233000125,119900083,56,20221023-135718
0,0,경기76아1123,3,38,233000125,233000781,69,20221023-135718
0,0,경기76아4649,3,29,233000125,233000714,38,20221023-135718
0,0,경기76아1122,3,49,233000125,233002214,105,20221023-135733
0,0,경기76아4650,3,45,233000125,233001041,7,20221023-135733
0,0,경기76아1132,3,40,233000125,119900083,56,20221023-135733
0,0,경기76아4649,3,29,233000125,233000713,39,20221023-135733
0,0,경기76아1123,3,38,233000125,233000849,70,20221023-135733
0,0,경기76아1122,3,49,233000125,233002214,105,20221023-135748
0,0,경기76아4650,3,45,233000125,233001041,7,20221023-135748
0,0,경기76아1132,3,40,233000125,119900083,56,20221023-135748
0,0,경기76아4649,3,29,233000125,233000713,39,20221023-135748
0,0,경기76아1123,3,38,233000125,233000849,70,20221023-135748
0,0,경기76아4650,3,45,233000125,233002131,8,20221023-135803
0,0,경기76아1122,3,49,233000125,233002214,105,20221023-135803
0,0,경기76아1132,3,40,233000125,119900083,56,20221023-135803
0,0,경기76아4649,3,28,233000125,233000713,39,20221023-135803
0,0,경기76아1123,3,38,233000125,233000848,71,20221023-135803
0,0,경기76아1122,3,49,233000125,233002214,105,20221023-135818
0,0,경기76아4650,3,45,233000125,233002131,8,20221023-135818
0,0,경기76아1132,3,40,233000125,119900083,56,20221023-135818
0,0,경기76아4649,3,28,233000125,233000713,39,20221023-135818
0,0,경기76아1123,3,38,233000125,233000848,71,20221023-135818
0,0,경기76아4650,3,45,233000125,233002131,8,20221023-135833
0,0,경기76아1132,3,40,233000125,119900083,56,20221023-135833
0,0,경기76아1123,3,38,233000125,233000848,71,20221023-135833
0,0,경기76아4649,3,28,233000125,233000713,39,20221023-135833
0,0,경기76아4650,3,45,233000125,233000148,9,20221023-135848
0,0,경기76아1132,3,40,233000125,119900083,56,20221023-135848
0,0,경기76아1123,3,38,233000125,233000848,71,20221023-135848
0,0,경기76아4649,3,28,233000125,233000713,39,20221023-135848
0,0,경기76아4650,3,45,233000125,233000148,9,20221023-135903
0,0,경기76아1132,3,40,233000125,119900083,56,20221023-135903
0,0,경기76아4649,3,28,233000125,233000713,39,20221023-135903
0,0,경기76아1123,3,38,233000125,233000848,71,20221023-135903
0,0,경기76아4650,3,45,233000125,233000148,9,20221023-135918
0,0,경기76아1132,3,40,233000125,119900083,56,20221023-135918
0,0,경기76아1123,3,38,233000125,233000848,71,20221023-135918
0,0,경기76아4649,3,28,233000125,233000712,40,20221023-135918
0,0,경기76아4650,3,45,233000125,233000191,10,20221023-135933
0,0,경기76아1132,3,40,233000125,119900083,56,20221023-135933
0,0,경기76아1123,3,39,233000125,233000847,72,20221023-135933
0,0,경기76아4649,3,28,233000125,233000712,40,20221023-135933
0,0,경기76아4650,3,45,233000125,233000191,10,20221023-135948
0,0,경기76아1132,3,40,233000125,119900083,56,20221023-135948
0,0,경기76아1123,3,39,233000125,233000847,72,20221023-135948
0,0,경기76아4649,3,28,233000125,233000712,40,20221023-135948
0,0,경기76아4650,3,43,233000125,233000191,10,20221023-140003
0,0,경기76아1132,3,40,233000125,119900083,56,20221023-140003
0,0,경기76아4649,3,28,233000125,233000712,40,20221023-140003
0,0,경기76아1123,3,39,233000125,233002174,73,20221023-140003
0,0,경기76아4650,3,43,233000125,233000190,11,20221023-140018
0,0,경기76아1132,3,40,233000125,119900083,56,20221023-140018
0,0,경기76아1123,3,39,233000125,233002174,73,20221023-140018
0,0,경기76아4649,3,28,233000125,233000712,40,20221023-140018
0,0,경기76아4650,3,43,233000125,233000190,11,20221023-140033
0,0,경기76아1132,3,40,233000125,119900083,56,20221023-140033
0,0,경기76아1123,3,40,233000125,233002174,73,20221023-140033
0,0,경기76아4649,3,28,233000125,233000712,40,20221023-140033
0,0,경기76아4650,3,43,233000125,233000190,11,20221023-140048
0,0,경기76아1132,3,40,233000125,119900083,56,20221023-140048
0,0,경기76아4649,3,28,233000125,233000712,40,20221023-140048
0,0,경기76아1123,3,40,233000125,233002174,73,20221023-140048
0,0,경기76아4650,3,43,233000125,233000189,12,20221023-140103
0,0,경기76아1132,3,40,233000125,119900083,56,20221023-140103
0,0,경기76아1123,3,40,233000125,233000055,74,20221023-140103
0,0,경기76아4649,3,28,233000125,233000712,40,20221023-140103
0,0,경기76아4650,3,42,233000125,233000189,12,20221023-140118
0,0,경기76아1132,3,40,233000125,119900083,56,20221023-140118
0,0,경기76아4649,3,28,233000125,233000712,40,20221023-140118
0,0,경기76아1123,3,40,233000125,233000846,75,20221023-140118
0,0,경기76아4650,3,42,233000125,233000189,12,20221023-140133
0,0,경기76아1132,3,40,233000125,119900083,56,20221023-140133
0,0,경기76아1123,3,40,233000125,233000845,76,20221023-140133
0,0,경기76아4649,3,28,233000125,233000712,40,20221023-140133
0,0,경기76아4650,3,42,233000125,233001943,13,20221023-140148
0,0,경기76아1132,3,40,233000125,119900083,56,20221023-140148
0,0,경기76아1123,3,40,233000125,233000845,76,20221023-140148
0,0,경기76아4649,3,28,233000125,233000712,40,20221023-140148
0,0,경기76아4650,3,42,233000125,233000188,14,20221023-140203
0,0,경기76아1132,3,40,233000125,119900083,56,20221023-140203
0,0,경기76아4649,3,28,233000125,233000712,40,20221023-140203
0,0,경기76아1123,3,40,233000125,233002150,77,20221023-140203
0,0,경기76아4650,3,42,233000125,233000188,14,20221023-140218
0,0,경기76아1132,3,40,233000125,119900083,56,20221023-140218
0,0,경기76아4649,3,28,233000125,233000712,40,20221023-140218
0,0,경기76아1123,3,40,233000125,233002150,77,20221023-140218
0,0,경기76아4650,3,42,233000125,233000188,14,20221023-140233
0,0,경기76아1132,3,40,233000125,119900083,56,20221023-140233
0,0,경기76아1123,3,40,233000125,233002150,77,20221023-140233
0,0,경기76아4649,3,28,233000125,233000712,40,20221023-140233
0,0,경기76아4650,3,42,233000125,233000188,14,20221023-140248
0,0,경기76아1132,3,40,233000125,119900083,56,20221023-140248
0,0,경기76아4649,3,28,233000125,233000712,40,20221023-140248
0,0,경기76아1123,3,40,233000125,233000844,78,20221023-140248
0,0,경기76아4650,3,42,233000125,233000188,14,20221023-140303
0,0,경기76아1132,3,40,233000125,119900083,56,20221023-140303
0,0,경기76아4649,3,28,233000125,233000712,40,20221023-140303
0,0,경기76아1123,3,40,233000125,233000844,78,20221023-140303
0,0,경기76아4650,3,42,233000125,233000188,14,20221023-140318
0,0,경기76아1132,3,40,233000125,119900083,56,20221023-140318
0,0,경기76아1123,3,40,233000125,233000844,78,20221023-140318
0,0,경기76아4649,3,28,233000125,233000712,40,20221023-140318
0,0,경기76아4650,3,42,233000125,233000188,14,20221023-140333
0,0,경기76아1132,3,40,233000125,119900083,56,20221023-140333
0,0,경기76아4649,3,28,233000125,233000712,40,20221023-140333
0,0,경기76아1123,3,40,233000125,233000844,78,20221023-140333
0,0,경기76아4650,3,42,233000125,233000188,14,20221023-140348
0,0,경기76아1123,3,40,233000125,233000844,78,20221023-140348
0,0,경기76아4649,3,28,233000125,233000712,40,20221023-140348
0,0,경기76아1132,3,37,233000125,277103902,53,20221023-140348
0,0,경기76아4650,3,42,233000125,233001318,15,20221023-140403
0,0,경기76아4649,3,28,233000125,233000712,40,20221023-140403
0,0,경기76아1123,3,34,233000125,233000844,78,20221023-140403
0,0,경기76아1132,3,37,233000125,277102049,57,20221023-140403
0,0,경기76아4650,3,42,233000125,233001318,15,20221023-140418
0,0,경기76아1132,3,37,233000125,277102049,57,20221023-140418
0,0,경기76아4649,3,28,233000125,233000712,40,20221023-140418
0,0,경기76아1123,3,34,233000125,233000844,78,20221023-140418
0,0,경기76아4650,3,42,233000125,233000730,16,20221023-140433
0,0,경기76아1132,3,37,233000125,277102049,57,20221023-140433
0,0,경기76아1123,3,34,233000125,233000844,78,20221023-140433
0,0,경기76아4649,3,28,233000125,277103520,41,20221023-140433
0,0,경기76아4650,3,42,233000125,233000730,16,20221023-140448
0,0,경기76아1132,3,37,233000125,277102049,57,20221023-140448
0,0,경기76아4649,3,28,233000125,277103520,41,20221023-140448
0,0,경기76아1123,3,34,233000125,233000844,78,20221023-140448
0,0,경기76아4650,3,42,233000125,233000730,16,20221023-140503
0,0,경기76아1132,3,37,233000125,277102049,57,20221023-140503
0,0,경기76아1123,3,34,233000125,233000843,79,20221023-140503
0,0,경기76아4649,3,28,233000125,277103520,41,20221023-140503
0,0,경기76아4650,3,34,233000125,233000730,16,20221023-140518
0,0,경기76아1132,3,37,233000125,277102049,57,20221023-140518
0,0,경기76아1123,3,34,233000125,233000843,79,20221023-140518
0,0,경기76아4649,3,28,233000125,277103520,41,20221023-140518
0,0,경기76아4650,3,34,233000125,233000730,16,20221023-140533
0,0,경기76아1132,3,37,233000125,277102049,57,20221023-140533
0,0,경기76아1123,3,34,233000125,233000843,79,20221023-140533
0,0,경기76아4649,3,28,233000125,277103520,41,20221023-140533
0,0,경기76아4650,3,34,233000125,233000729,17,20221023-140548
0,0,경기76아1132,3,37,233000125,277102049,57,20221023-140548
0,0,경기76아4649,3,28,233000125,277103520,41,20221023-140548
0,0,경기76아1123,3,34,233000125,233000780,80,20221023-140548
0,0,경기76아4650,3,33,233000125,233000729,17,20221023-140604
0,0,경기76아1132,3,37,233000125,277102049,57,20221023-140604
0,0,경기76아4649,3,28,233000125,277103520,41,20221023-140604
0,0,경기76아1123,3,34,233000125,233000780,80,20221023-140604
0,0,경기76아4650,3,33,233000125,233000729,17,20221023-140618
0,0,경기76아1123,3,34,233000125,233000780,80,20221023-140618
0,0,경기76아4649,3,28,233000125,277103520,41,20221023-140618
0,0,경기76아1132,3,37,233000125,277102291,58,20221023-140618
0,0,경기76아4650,3,33,233000125,233000729,17,20221023-140633
0,0,경기76아1123,3,34,233000125,233000780,80,20221023-140633
0,0,경기76아4649,3,28,233000125,277103520,41,20221023-140633
0,0,경기76아1132,3,37,233000125,277102291,58,20221023-140633
0,0,경기76아4650,3,33,233000125,233000729,17,20221023-140648
0,0,경기76아1123,3,34,233000125,233000780,80,20221023-140648
0,0,경기76아1132,3,37,233000125,277102291,58,20221023-140648
0,0,경기76아4649,3,28,233000125,277103520,41,20221023-140648
0,0,경기76아4650,3,33,233000125,233000729,17,20221023-140703
0,0,경기76아1132,3,37,233000125,277102291,58,20221023-140703
0,0,경기76아1123,3,34,233000125,233000780,80,20221023-140703
0,0,경기76아4649,3,28,233000125,277103528,42,20221023-140703
0,0,경기76아4650,3,33,233000125,233000729,17,20221023-140718
0,0,경기76아4649,3,28,233000125,277103528,42,20221023-140718
0,0,경기76아1123,3,34,233000125,233000780,80,20221023-140718
0,0,경기76아1132,3,37,233000125,277102291,58,20221023-140718
0,0,경기76아4650,3,33,233000125,233000729,17,20221023-140733
0,0,경기76아1123,3,34,233000125,233000780,80,20221023-140733
0,0,경기76아4649,3,28,233000125,277103528,42,20221023-140733
0,0,경기76아1132,3,37,233000125,277102291,58,20221023-140733
0,0,경기76아4650,3,33,233000125,233000729,17,20221023-140748
0,0,경기76아1123,3,34,233000125,233000780,80,20221023-140748
0,0,경기76아1132,3,37,233000125,277102291,58,20221023-140748
0,0,경기76아4649,3,28,233000125,277103528,42,20221023-140748
0,0,경기76아4650,3,33,233000125,233000729,17,20221023-140803
0,0,경기76아1132,3,37,233000125,277102291,58,20221023-140803
0,0,경기76아4649,3,28,233000125,277103317,43,20221023-140803
0,0,경기76아1123,3,34,233000125,233000779,81,20221023-140803
0,0,경기76아4650,3,33,233000125,233000729,17,20221023-140818
0,0,경기76아1132,3,37,233000125,277102291,58,20221023-140818
0,0,경기76아1123,3,34,233000125,233000779,81,20221023-140818
0,0,경기76아4649,3,28,233000125,277103317,43,20221023-140818
0,0,경기76아4650,3,33,233000125,233000728,18,20221023-140833
0,0,경기76아1123,3,34,233000125,233000779,81,20221023-140833
0,0,경기76아4649,3,28,233000125,277103317,43,20221023-140833
0,0,경기76아1132,3,37,233000125,277102291,58,20221023-140833
0,0,경기76아4650,3,33,233000125,233000728,18,20221023-140848
0,0,경기76아1123,3,34,233000125,233000779,81,20221023-140848
0,0,경기76아1132,3,37,233000125,277103204,59,20221023-140848
0,0,경기76아4649,3,28,233000125,277103317,43,20221023-140848
0,0,경기76아4650,3,33,233000125,233001404,19,20221023-140903
0,0,경기76아1123,3,34,233000125,233000779,81,20221023-140903
0,0,경기76아1132,3,37,233000125,277103204,59,20221023-140903
0,0,경기76아4649,3,28,233000125,277103317,43,20221023-140903
0,0,경기76아4650,3,33,233000125,233001404,19,20221023-140918
0,0,경기76아1123,3,34,233000125,233000779,81,20221023-140918
0,0,경기76아4649,3,28,233000125,277103317,43,20221023-140918
0,0,경기76아1132,3,37,233000125,277103204,59,20221023-140918
0,0,경기76아4650,3,32,233000125,233000727,20,20221023-140933
0,0,경기76아1123,3,34,233000125,233000779,81,20221023-140933
0,0,경기76아1132,3,37,233000125,277103204,59,20221023-140933
0,0,경기76아4649,3,28,233000125,277103317,43,20221023-140933
0,0,경기76아4650,3,32,233000125,233000727,20,20221023-140948
0,0,경기76아1123,3,34,233000125,233000779,81,20221023-140948
0,0,경기76아4649,3,28,233000125,277103317,43,20221023-140948
0,0,경기76아1132,3,37,233000125,277103204,59,20221023-140948
0,0,경기76아4650,3,32,233000125,233000727,20,20221023-141003
0,0,경기76아1123,3,34,233000125,233000779,81,20221023-141003
0,0,경기76아1132,3,37,233000125,277103204,59,20221023-141003
0,0,경기76아4649,3,28,233000125,277103317,43,20221023-141003
0,0,경기76아4650,3,32,233000125,233000727,20,20221023-141018
0,0,경기76아1123,3,34,233000125,233000779,81,20221023-141018
0,0,경기76아4649,3,28,233000125,277103317,43,20221023-141018
0,0,경기76아1132,3,37,233000125,277103204,59,20221023-141018
0,0,경기76아4650,3,32,233000125,233000726,21,20221023-141033
0,0,경기76아1123,3,34,233000125,233000779,81,20221023-141033
0,0,경기76아1132,3,37,233000125,277103202,60,20221023-141033
0,0,경기76아4649,3,28,233000125,277103317,43,20221023-141033
0,0,경기76아4650,3,32,233000125,233000726,21,20221023-141048
0,0,경기76아1123,3,34,233000125,233000779,81,20221023-141048
0,0,경기76아4649,3,28,233000125,277103315,44,20221023-141048
0,0,경기76아1132,3,37,233000125,277103202,60,20221023-141048
0,0,경기76아4650,3,32,233000125,233000726,21,20221023-141103
0,0,경기76아1123,3,34,233000125,233000779,81,20221023-141103
0,0,경기76아1132,3,37,233000125,277103202,60,20221023-141103
0,0,경기76아4649,3,28,233000125,277103315,44,20221023-141103
0,0,경기76아4650,3,32,233000125,233000726,21,20221023-141118
0,0,경기76아1123,3,34,233000125,233000779,81,20221023-141118
0,0,경기76아1132,3,37,233000125,277103202,60,20221023-141118
0,0,경기76아4649,3,28,233000125,277103315,44,20221023-141118
0,0,경기76아4650,3,32,233000125,233000726,21,20221023-141133
0,0,경기76아1123,3,34,233000125,233000779,81,20221023-141133
0,0,경기76아4649,3,28,233000125,277103315,44,20221023-141133
0,0,경기76아1132,3,37,233000125,277103202,60,20221023-141133
0,0,경기76아4650,3,32,233000125,233000726,21,20221023-141148
0,0,경기76아1123,3,34,233000125,233000779,81,20221023-141148
0,0,경기76아4649,3,28,233000125,277103315,44,20221023-141148
0,0,경기76아1132,3,37,233000125,277103201,61,20221023-141148
0,0,경기76아4650,3,32,233000125,233000726,21,20221023-141203
0,0,경기76아1123,3,34,233000125,233000779,81,20221023-141203
0,0,경기76아1132,3,37,233000125,277103201,61,20221023-141203
0,0,경기76아4649,3,28,233000125,277103315,44,20221023-141203
0,0,경기76아4650,3,32,233000125,233000726,21,20221023-141218
0,0,경기76아1123,3,34,233000125,233000779,81,20221023-141218
0,0,경기76아1132,3,37,233000125,277103201,61,20221023-141218
0,0,경기76아4649,3,28,233000125,277103315,44,20221023-141218
0,0,경기76아4650,3,32,233000125,233000726,21,20221023-141233
0,0,경기76아1123,3,34,233000125,233000779,81,20221023-141233
0,0,경기76아1132,3,37,233000125,277103201,61,20221023-141233
0,0,경기76아4649,3,28,233000125,226000039,45,20221023-141233
0,0,경기76아4650,3,32,233000125,233000726,21,20221023-141248
0,0,경기76아1123,3,34,233000125,233000779,81,20221023-141248
0,0,경기76아1132,3,37,233000125,277103201,61,20221023-141248
0,0,경기76아4649,3,28,233000125,226000039,45,20221023-141248
0,0,경기76아4650,3,32,233000125,233000726,21,20221023-141303
0,0,경기76아1123,3,34,233000125,233000779,81,20221023-141303
0,0,경기76아4649,3,28,233000125,226000039,45,20221023-141303
0,0,경기76아1132,3,37,233000125,277103201,61,20221023-141303
0,0,경기76아4650,3,32,233000125,233000726,21,20221023-141317
0,0,경기76아1123,3,34,233000125,233000779,81,20221023-141317
0,0,경기76아1132,3,37,233000125,277103201,61,20221023-141317
0,0,경기76아4649,3,26,233000125,226000039,45,20221023-141317
0,0,경기76아4650,3,32,233000125,233000726,21,20221023-141332
0,0,경기76아4649,3,26,233000125,226000039,45,20221023-141332
0,0,경기76아1132,3,37,233000125,277103201,61,20221023-141332
0,0,경기76아1123,3,34,233000125,233000779,81,20221023-141332
0,0,경기76아4650,3,33,233000125,233000725,22,20221023-141347
0,0,경기76아1132,3,37,233000125,277103201,61,20221023-141347
0,0,경기76아1123,3,34,233000125,233000779,81,20221023-141347
0,0,경기76아4649,3,26,233000125,226000039,45,20221023-141347
0,0,경기76아4650,3,33,233000125,233000725,22,20221023-141404
0,0,경기76아1132,3,37,233000125,277103201,61,20221023-141404
0,0,경기76아4649,3,26,233000125,226000039,45,20221023-141404
0,0,경기76아1123,3,34,233000125,233000779,81,20221023-141404
0,0,경기76아4650,3,33,233000125,233002118,23,20221023-141419
0,0,경기76아1132,3,37,233000125,277103201,61,20221023-141419
0,0,경기76아4649,3,26,233000125,226000039,45,20221023-141419
0,0,경기76아1123,3,34,233000125,233000779,81,20221023-141419
0,0,경기76아4650,3,33,233000125,233002118,23,20221023-141434
0,0,경기76아1123,3,34,233000125,233000779,81,20221023-141434
0,0,경기76아4649,3,25,233000125,226000039,45,20221023-141434
0,0,경기76아1132,3,37,233000125,277103158,62,20221023-141434
0,0,경기76아4650,3,33,233000125,233002118,23,20221023-141449
0,0,경기76아4649,3,25,233000125,277103221,46,20221023-141449
0,0,경기76아1123,3,34,233000125,233000778,82,20221023-141449
0,0,경기76아1132,3,-1,233000125,277103158,62,20221023-141449
0,0,경기76아4650,3,33,233000125,233002118,23,20221023-141504
0,0,경기76아4649,3,25,233000125,277103221,46,20221023-141504
0,0,경기76아1123,3,34,233000125,233000778,82,20221023-141504
0,0,경기76아1132,3,-1,233000125,277103158,62,20221023-141504
0,0,경기76아4650,3,33,233000125,233002118,23,20221023-141519
0,0,경기76아4649,3,25,233000125,277103221,46,20221023-141519
0,0,경기76아1123,3,34,233000125,233000778,82,20221023-141519
0,0,경기76아1132,3,-1,233000125,277103158,62,20221023-141519
0,0,경기76아4650,3,33,233000125,233000724,24,20221023-141534
0,0,경기76아1132,3,37,233000125,277103158,62,20221023-141534
0,0,경기76아4649,3,25,233000125,277103221,46,20221023-141534
0,0,경기76아1123,3,34,233000125,233000777,83,20221023-141534
0,0,경기76아4650,3,33,233000125,233000723,25,20221023-141549
0,0,경기76아1123,3,34,233000125,233000777,83,20221023-141549
0,0,경기76아1132,3,37,233000125,277103158,62,20221023-141549
0,0,경기76아4649,3,25,233000125,277103221,46,20221023-141549
0,0,경기76아4650,3,33,233000125,233000723,25,20221023-141604
0,0,경기76아4649,3,25,233000125,277103221,46,20221023-141604
0,0,경기76아1132,3,37,233000125,277103220,63,20221023-141604
0,0,경기76아1123,3,34,233000125,233000776,84,20221023-141604
0,0,경기76아4650,3,-1,233000125,233000723,25,20221023-141619
0,0,경기76아1132,3,37,233000125,277103220,63,20221023-141619
0,0,경기76아4649,3,25,233000125,277103221,46,20221023-141619
0,0,경기76아1123,3,34,233000125,233000774,85,20221023-141619
0,0,경기76아4650,3,32,233000125,233000722,26,20221023-141634
0,0,경기76아1132,3,37,233000125,277103220,63,20221023-141634
0,0,경기76아4649,3,25,233000125,277103221,46,20221023-141634
0,0,경기76아1123,3,34,233000125,233000774,85,20221023-141634
0,0,경기76아4650,3,32,233000125,233000722,26,20221023-141649
0,0,경기76아1132,3,37,233000125,277103220,63,20221023-141649
0,0,경기76아4649,3,25,233000125,277103221,46,20221023-141649
0,0,경기76아1123,3,35,233000125,233000774,85,20221023-141649
0,0,경기76아4650,3,32,233000125,233000722,26,20221023-141703
0,0,경기76아4649,3,25,233000125,277103221,46,20221023-141703
0,0,경기76아1132,3,37,233000125,277103220,63,20221023-141703
0,0,경기76아1123,3,35,233000125,233000774,85,20221023-141703
0,0,경기76아4650,3,32,233000125,233000722,26,20221023-141718
0,0,경기76아1132,3,37,233000125,277103220,63,20221023-141718
0,0,경기76아1123,3,35,233000125,233000774,85,20221023-141718
0,0,경기76아4649,3,25,233000125,277103159,47,20221023-141718
0,0,경기76아4650,3,32,233000125,233000722,26,20221023-141733
0,0,경기76아1132,3,37,233000125,277103220,63,20221023-141733
0,0,경기76아4649,3,25,233000125,277103159,47,20221023-141733
0,0,경기76아1123,3,35,233000125,233000774,85,20221023-141733
0,0,경기76아4650,3,32,233000125,233000721,27,20221023-141748
0,0,경기76아1123,3,35,233000125,233000774,85,20221023-141748
0,0,경기76아4649,3,25,233000125,277103159,47,20221023-141748
0,0,경기76아1132,3,37,233000125,277103220,63,20221023-141748
0,0,경기76아4650,3,32,233000125,233000721,27,20221023-141803
0,0,경기76아4649,3,25,233000125,277103159,47,20221023-141803
0,0,경기76아1132,3,37,233000125,226000038,64,20221023-141803
0,0,경기76아1123,3,35,233000125,233000773,86,20221023-141803
0,0,경기76아4650,3,32,233000125,233000721,27,20221023-141818
0,0,경기76아4649,3,25,233000125,277103200,48,20221023-141818
0,0,경기76아1123,3,35,233000125,233003082,87,20221023-141818
0,0,경기76아1132,3,37,233000125,226000038,64,20221023-141818
0,0,경기76아4650,3,32,233000125,233000721,27,20221023-141833
0,0,경기76아4649,3,25,233000125,277103200,48,20221023-141833
0,0,경기76아1123,3,35,233000125,233003082,87,20221023-141833
0,0,경기76아1132,3,37,233000125,226000038,64,20221023-141833
0,0,경기76아4650,3,32,233000125,233000721,27,20221023-141848
0,0,경기76아4649,3,25,233000125,277103200,48,20221023-141848
0,0,경기76아1123,3,35,233000125,233003082,87,20221023-141848
0,0,경기76아1132,3,37,233000125,226000038,64,20221023-141848
0,0,경기76아4650,3,32,233000125,233000721,27,20221023-141903
0,0,경기76아4649,3,25,233000125,277103200,48,20221023-141903
0,0,경기76아1123,3,35,233000125,233003082,87,20221023-141903
0,0,경기76아1132,3,37,233000125,226000038,64,20221023-141903
0,0,경기76아4650,3,32,233000125,233000721,27,20221023-141918
0,0,경기76아4649,3,25,233000125,277103200,48,20221023-141918
0,0,경기76아1123,3,35,233000125,233003082,87,20221023-141918
0,0,경기76아1132,3,37,233000125,226000038,64,20221023-141918
0,0,경기76아4650,3,32,233000125,233000721,27,20221023-141933
0,0,경기76아4649,3,25,233000125,277103200,48,20221023-141933
0,0,경기76아1123,3,35,233000125,233003082,87,20221023-141933
0,0,경기76아1132,3,37,233000125,226000038,64,20221023-141933
0,0,경기76아4650,3,32,233000125,233000721,27,20221023-141948
0,0,경기76아1123,3,35,233000125,233003082,87,20221023-141948
0,0,경기76아1132,3,37,233000125,226000038,64,20221023-141948
0,0,경기76아4649,3,25,233000125,277103200,48,20221023-141948
0,0,경기76아4650,3,32,233000125,233000720,28,20221023-142003
0,0,경기76아1123,3,35,233000125,233003082,87,20221023-142003
0,0,경기76아4649,3,25,233000125,277103200,48,20221023-142003
0,0,경기76아1132,3,37,233000125,226000038,64,20221023-142003
0,0,경기76아4650,3,32,233000125,233000720,28,20221023-142018
0,0,경기76아1132,3,37,233000125,277103314,65,20221023-142018
0,0,경기76아1123,3,35,233000125,233000772,88,20221023-142018
0,0,경기76아4649,3,25,233000125,277103203,49,20221023-142018
0,0,경기76아4650,3,32,233000125,233000720,28,20221023-142033
0,0,경기76아1132,3,37,233000125,277103314,65,20221023-142033
0,0,경기76아1123,3,35,233000125,233000772,88,20221023-142033
0,0,경기76아4649,3,25,233000125,277103203,49,20221023-142033
0,0,경기76아4650,3,32,233000125,233000720,28,20221023-142048
0,0,경기76아1132,3,37,233000125,277103314,65,20221023-142048
0,0,경기76아1123,3,35,233000125,233000772,88,20221023-142048
0,0,경기76아4649,3,25,233000125,277103203,49,20221023-142048
0,0,경기76아4650,3,32,233000125,233000720,28,20221023-142103
0,0,경기76아1132,3,37,233000125,277103314,65,20221023-142103
0,0,경기76아1123,3,35,233000125,233000772,88,20221023-142103
0,0,경기76아4649,3,25,233000125,277103203,49,20221023-142103
0,0,경기76아4650,3,32,233000125,233000720,28,20221023-142117
0,0,경기76아1132,3,37,233000125,277103314,65,20221023-142117
0,0,경기76아1123,3,35,233000125,233000772,88,20221023-142117
0,0,경기76아4649,3,25,233000125,277103203,49,20221023-142117
0,0,경기76아4650,3,32,233000125,233000719,29,20221023-142132
0,0,경기76아1132,3,37,233000125,277103314,65,20221023-142132
0,0,경기76아1123,3,35,233000125,233000772,88,20221023-142132
0,0,경기76아4649,3,25,233000125,277103203,49,20221023-142132
0,0,경기76아4650,3,32,233000125,233000719,29,20221023-142147
0,0,경기76아1132,3,37,233000125,277103314,65,20221023-142147
0,0,경기76아4649,3,25,233000125,277103203,49,20221023-142147
0,0,경기76아1123,3,35,233000125,233000771,89,20221023-142147
0,0,경기76아4650,3,32,233000125,233000718,30,20221023-142204
0,0,경기76아1132,3,37,233000125,277103314,65,20221023-142204
0,0,경기76아1123,3,35,233000125,233000771,89,20221023-142204
0,0,경기76아4649,3,25,233000125,277103205,50,20221023-142204
0,0,경기76아4650,3,32,233000125,233000718,30,20221023-142219
0,0,경기76아1132,3,37,233000125,277103314,65,20221023-142219
0,0,경기76아4649,3,25,233000125,277103205,50,20221023-142219
0,0,경기76아1123,3,35,233000125,233000770,90,20221023-142219
0,0,경기76아4650,3,32,233000125,233000718,30,20221023-142234
0,0,경기76아4649,3,25,233000125,277103205,50,20221023-142234
0,0,경기76아1123,3,35,233000125,233000770,90,20221023-142234
0,0,경기76아1132,3,37,233000125,277103314,65,20221023-142234
0,0,경기76아4650,3,32,233000125,233000718,30,20221023-142249
0,0,경기76아4649,3,25,233000125,277103205,50,20221023-142249
0,0,경기76아1123,3,35,233000125,233000770,90,20221023-142249
0,0,경기76아1132,3,37,233000125,277103316,66,20221023-142249
0,0,경기76아4650,3,32,233000125,233000842,31,20221023-142304
0,0,경기76아4649,3,25,233000125,277103205,50,20221023-142304
0,0,경기76아1132,3,37,233000125,277103316,66,20221023-142304
0,0,경기76아1123,3,35,233000125,233000770,90,20221023-142304
0,0,경기76아4650,3,32,233000125,233000842,31,20221023-142319
0,0,경기76아4649,3,25,233000125,277103205,50,20221023-142319
0,0,경기76아1123,3,35,233000125,233000770,90,20221023-142319
0,0,경기76아1132,3,37,233000125,277103316,66,20221023-142319
0,0,경기76아4650,3,33,233000125,233000842,31,20221023-142334
0,0,경기76아1123,3,35,233000125,233000770,90,20221023-142334
0,0,경기76아1132,3,37,233000125,277103316,66,20221023-142334
0,0,경기76아4649,3,25,233000125,277103205,50,20221023-142334
0,0,경기76아4650,3,33,233000125,233000842,31,20221023-142349
0,0,경기76아1123,3,35,233000125,233000770,90,20221023-142349
0,0,경기76아4649,3,25,233000125,277103205,50,20221023-142349
0,0,경기76아1132,3,37,233000125,277103527,67,20221023-142349
0,0,경기76아4650,3,33,233000125,233000842,31,20221023-142404
0,0,경기76아1123,3,35,233000125,233000770,90,20221023-142404
0,0,경기76아4649,3,25,233000125,277103205,50,20221023-142404
0,0,경기76아1132,3,37,233000125,277103527,67,20221023-142404
0,0,경기76아4650,3,33,233000125,233000842,31,20221023-142419
0,0,경기76아1123,3,35,233000125,233000770,90,20221023-142419
0,0,경기76아4649,3,25,233000125,277103205,50,20221023-142419
0,0,경기76아1132,3,37,233000125,277103527,67,20221023-142419
0,0,경기76아4650,3,33,233000125,233002149,32,20221023-142434
0,0,경기76아1123,3,35,233000125,233000770,90,20221023-142434
0,0,경기76아4649,3,25,233000125,277103205,50,20221023-142434
0,0,경기76아1132,3,37,233000125,277103527,67,20221023-142434
0,0,경기76아4650,3,34,233000125,233002149,32,20221023-142449
0,0,경기76아1132,3,37,233000125,277103527,67,20221023-142449
0,0,경기76아4649,3,25,233000125,277103903,51,20221023-142449
0,0,경기76아1123,3,35,233000125,233000769,91,20221023-142449
0,0,경기76아4650,3,34,233000125,233002149,32,20221023-142503
0,0,경기76아1132,3,37,233000125,277103527,67,20221023-142503
0,0,경기76아4649,3,25,233000125,120000671,52,20221023-142503
0,0,경기76아1123,3,35,233000125,233000769,91,20221023-142503
0,0,경기76아4650,3,34,233000125,233000717,33,20221023-142518
0,0,경기76아4649,3,25,233000125,120000671,52,20221023-142518
0,0,경기76아1123,3,35,233000125,233000769,91,20221023-142518
0,0,경기76아1132,3,37,233000125,277103527,67,20221023-142518
0,0,경기76아4650,3,34,233000125,233000717,33,20221023-142533
0,0,경기76아4649,3,25,233000125,120000671,52,20221023-142533
0,0,경기76아1132,3,37,233000125,277103527,67,20221023-142533
0,0,경기76아1123,3,35,233000125,233000768,92,20221023-142533
0,0,경기76아4650,3,34,233000125,233000716,34,20221023-142551
0,0,경기76아4649,3,25,233000125,120000671,52,20221023-142551
0,0,경기76아1132,3,37,233000125,277103527,67,20221023-142551
0,0,경기76아1123,3,35,233000125,233000768,92,20221023-142551
0,0,경기76아4650,3,-1,233000125,233000716,34,20221023-142603
0,0,경기76아1132,3,37,233000125,277103527,67,20221023-142603
0,0,경기76아1123,3,35,233000125,233000768,92,20221023-142603
0,0,경기76아4649,3,28,233000125,120000671,52,20221023-142603
0,0,경기76아4650,3,33,233000125,233000059,35,20221023-142618
0,0,경기76아4649,3,28,233000125,120000671,52,20221023-142618
0,0,경기76아1132,3,37,233000125,277103527,67,20221023-142618
0,0,경기76아1123,3,43,233000125,233000768,92,20221023-142618
0,0,경기76아4650,3,-1,233000125,233000059,35,20221023-142633
0,0,경기76아1132,3,37,233000125,277103519,68,20221023-142633
0,0,경기76아1123,3,43,233000125,233000768,92,20221023-142633
0,0,경기76아4649,3,28,233000125,277103902,53,20221023-142633
0,0,경기76아4650,3,33,233000125,233000891,36,20221023-142648
0,0,경기76아1132,3,37,233000125,277103519,68,20221023-142648
0,0,경기76아4649,3,-1,233000125,277103902,53,20221023-142648
0,0,경기76아1123,3,43,233000125,233001749,93,20221023-142648
0,0,경기76아4650,3,32,233000125,233000891,36,20221023-142703
0,0,경기76아4649,3,-1,233000125,277103902,53,20221023-142703
0,0,경기76아1132,3,37,233000125,277103519,68,20221023-142703
0,0,경기76아1123,3,43,233000125,233001749,93,20221023-142703
0,0,경기76아4650,3,32,233000125,233000891,36,20221023-142718
0,0,경기76아1132,3,37,233000125,277103519,68,20221023-142718
0,0,경기76아4649,3,28,233000125,121001315,54,20221023-142718
0,0,경기76아1123,3,43,233000125,233002159,94,20221023-142718
0,0,경기76아4650,3,32,233000125,233000715,37,20221023-142733
0,0,경기76아4649,3,28,233000125,121001315,54,20221023-142733
0,0,경기76아1132,3,37,233000125,277103519,68,20221023-142733
0,0,경기76아1123,3,43,233000125,233001828,95,20221023-142733
0,0,경기76아4650,3,32,233000125,233000715,37,20221023-142748
0,0,경기76아4649,3,28,233000125,121001315,54,20221023-142748
0,0,경기76아1132,3,37,233000125,277103519,68,20221023-142748
0,0,경기76아1123,3,43,233000125,233001828,95,20221023-142748
0,0,경기76아4650,3,32,233000125,233000715,37,20221023-142803
0,0,경기76아4649,3,28,233000125,121001315,54,20221023-142803
0,0,경기76아1132,3,37,233000125,277103519,68,20221023-142803
0,0,경기76아1123,3,46,233000125,233001828,95,20221023-142803
0,0,경기76아4650,3,32,233000125,233000715,37,20221023-142818
0,0,경기76아4649,3,28,233000125,121001315,54,20221023-142818
0,0,경기76아1123,3,46,233000125,233001828,95,20221023-142818
0,0,경기76아1132,3,37,233000125,277103519,68,20221023-142818
0,0,경기76아4650,3,32,233000125,233000715,37,20221023-142833
0,0,경기76아1123,3,46,233000125,233001828,95,20221023-142833
0,0,경기76아4649,3,45,233000125,121001315,54,20221023-142833
0,0,경기76아1132,3,37,233000125,233000781,69,20221023-142833
0,0,경기76아4650,3,32,233000125,233000714,38,20221023-142848
0,0,경기76아1123,3,46,233000125,233001828,95,20221023-142848
0,0,경기76아4649,3,45,233000125,121001315,54,20221023-142848
0,0,경기76아1132,3,37,233000125,233000781,69,20221023-142848
0,0,경기76아4650,3,32,233000125,233000713,39,20221023-142902
0,0,경기76아4649,3,45,233000125,121001315,54,20221023-142902
0,0,경기76아1132,3,37,233000125,233000781,69,20221023-142902
0,0,경기76아1123,3,46,233000125,233001828,95,20221023-142902
0,0,경기76아4650,3,32,233000125,233000713,39,20221023-142917
0,0,경기76아4649,3,45,233000125,121001315,54,20221023-142917
0,0,경기76아1132,3,37,233000125,233000849,70,20221023-142917
0,0,경기76아1123,3,46,233000125,233001435,96,20221023-142917
0,0,경기76아4650,3,32,233000125,233000713,39,20221023-142932
0,0,경기76아4649,3,45,233000125,121001315,54,20221023-142932
0,0,경기76아1123,3,46,233000125,233001435,96,20221023-142932
0,0,경기76아1132,3,37,233000125,233000848,71,20221023-142932
0,0,경기76아4650,3,32,233000125,233000713,39,20221023-142947
0,0,경기76아1123,3,47,233000125,233001435,96,20221023-142947
0,0,경기76아1132,3,37,233000125,233000848,71,20221023-142947
0,0,경기76아4649,3,45,233000125,277101688,55,20221023-142947
0,0,경기76아4650,3,32,233000125,233000713,39,20221023-143007
0,0,경기76아1132,3,37,233000125,233000848,71,20221023-143007
0,0,경기76아4649,3,45,233000125,277101688,55,20221023-143007
0,0,경기76아1123,3,47,233000125,233000208,97,20221023-143007
0,0,경기76아4650,3,32,233000125,233000712,40,20221023-143019
0,0,경기76아1132,3,37,233000125,233000848,71,20221023-143019
0,0,경기76아4649,3,45,233000125,277101688,55,20221023-143019
0,0,경기76아1123,3,47,233000125,233001043,98,20221023-143019
0,0,경기76아4650,3,32,233000125,233000712,40,20221023-143034
0,0,경기76아4649,3,45,233000125,277101688,55,20221023-143034
0,0,경기76아1123,3,47,233000125,233001043,98,20221023-143034
0,0,경기76아1132,3,37,233000125,233000847,72,20221023-143034
0,0,경기76아4650,3,32,233000125,233000712,40,20221023-143049
0,0,경기76아4649,3,45,233000125,277101688,55,20221023-143049
0,0,경기76아1123,3,47,233000125,233001043,98,20221023-143049
0,0,경기76아4651,3,45,233000125,233002226,1,20221023-143049
0,0,경기76아1132,3,37,233000125,233000847,72,20221023-143049
0,0,경기76아4650,3,32,233000125,233000712,40,20221023-143104
0,0,경기76아4649,3,45,233000125,277101688,55,20221023-143104
0,0,경기76아1123,3,47,233000125,233001043,98,20221023-143104
0,0,경기76아4651,3,45,233000125,233002226,1,20221023-143104
0,0,경기76아1132,3,37,233000125,233002174,73,20221023-143104
0,0,경기76아4650,3,31,233000125,233000712,40,20221023-143119
0,0,경기76아4649,3,45,233000125,277101688,55,20221023-143119
0,0,경기76아4651,3,45,233000125,233002226,1,20221023-143119
0,0,경기76아1132,3,37,233000125,233002174,73,20221023-143119
0,0,경기76아1123,3,47,233000125,233002130,99,20221023-143119
0,0,경기76아4650,3,31,233000125,233000712,40,20221023-143134
0,0,경기76아4649,3,45,233000125,277101688,55,20221023-143134
0,0,경기76아4651,3,45,233000125,233002226,1,20221023-143134
0,0,경기76아1123,3,47,233000125,233002130,99,20221023-143134
0,0,경기76아1132,3,37,233000125,233002174,73,20221023-143134
0,0,경기76아4650,3,31,233000125,233000712,40,20221023-143149
0,0,경기76아1132,3,37,233000125,233002174,73,20221023-143149
0,0,경기76아4651,3,45,233000125,233002226,1,20221023-143149
0,0,경기76아1123,3,49,233000125,233002130,99,20221023-143149
0,0,경기76아4649,3,45,233000125,119900083,56,20221023-143149
0,0,경기76아4650,3,31,233000125,233000712,40,20221023-143204
0,0,경기76아1132,3,37,233000125,233002174,73,20221023-143204
0,0,경기76아1123,3,49,233000125,233002130,99,20221023-143204
0,0,경기76아4651,3,45,233000125,277102459,2,20221023-143204
0,0,경기76아4649,3,45,233000125,119900083,56,20221023-143204
0,0,경기76아4650,3,31,233000125,233000712,40,20221023-143219
0,0,경기76아1123,3,49,233000125,233002130,99,20221023-143219
0,0,경기76아4649,3,45,233000125,119900083,56,20221023-143219
0,0,경기76아4651,3,45,233000125,277102459,2,20221023-143219
0,0,경기76아1132,3,37,233000125,233002174,73,20221023-143219
0,0,경기76아4650,3,31,233000125,233000712,40,20221023-143234
0,0,경기76아1123,3,49,233000125,233002130,99,20221023-143234
0,0,경기76아4649,3,45,233000125,119900083,56,20221023-143234
0,0,경기76아4651,3,45,233000125,277102459,2,20221023-143234
0,0,경기76아1132,3,37,233000125,233000055,74,20221023-143234
0,0,경기76아4650,3,31,233000125,233000712,40,20221023-143249
0,0,경기76아4649,3,45,233000125,119900083,56,20221023-143249
0,0,경기76아1123,3,49,233000125,233001042,100,20221023-143249
0,0,경기76아1132,3,37,233000125,233000846,75,20221023-143249
0,0,경기76아4651,3,45,233000125,277102459,2,20221023-143249
0,0,경기76아4650,3,31,233000125,233000712,40,20221023-143304
0,0,경기76아4649,3,45,233000125,119900083,56,20221023-143304
0,0,경기76아1123,3,49,233000125,233001042,100,20221023-143304
0,0,경기76아4651,3,45,233000125,277102459,2,20221023-143304
0,0,경기76아1132,3,37,233000125,233000845,76,20221023-143304
0,0,경기76아4650,3,31,233000125,233000712,40,20221023-143318
0,0,경기76아4649,3,45,233000125,119900083,56,20221023-143318
0,0,경기76아1132,3,37,233000125,233000845,76,20221023-143318
0,0,경기76아4651,3,45,233000125,233002221,3,20221023-143318
0,0,경기76아1123,3,49,233000125,233002296,101,20221023-143318
0,0,경기76아4650,3,31,233000125,233000712,40,20221023-143333
0,0,경기76아4649,3,45,233000125,119900083,56,20221023-143333
0,0,경기76아4651,3,45,233000125,233002221,3,20221023-143333
0,0,경기76아1132,3,37,233000125,233002150,77,20221023-143333
0,0,경기76아1123,3,49,233000125,233000207,102,20221023-143333
0,0,경기76아4650,3,31,233000125,233000712,40,20221023-143348
0,0,경기76아4649,3,45,233000125,119900083,56,20221023-143348
0,0,경기76아1123,3,49,233000125,233000207,102,20221023-143348
0,0,경기76아1132,3,37,233000125,233002150,77,20221023-143348
0,0,경기76아4651,3,45,233000125,233002221,3,20221023-143348
0,0,경기76아4650,3,31,233000125,233000712,40,20221023-143403
0,0,경기76아4649,3,45,233000125,119900083,56,20221023-143403
0,0,경기76아1132,3,37,233000125,233002150,77,20221023-143403
0,0,경기76아1123,3,49,233000125,233002216,103,20221023-143403
0,0,경기76아4651,3,45,233000125,233002221,3,20221023-143403
0,0,경기76아4650,3,31,233000125,233000712,40,20221023-143418
0,0,경기76아4649,3,45,233000125,119900083,56,20221023-143418
0,0,경기76아4651,3,45,233000125,233002221,3,20221023-143418
0,0,경기76아1123,3,49,233000125,233002216,103,20221023-143418
0,0,경기76아1132,3,37,233000125,233002150,77,20221023-143418
0,0,경기76아4650,3,31,233000125,233000712,40,20221023-143433
0,0,경기76아4649,3,45,233000125,119900083,56,20221023-143433
0,0,경기76아4651,3,45,233000125,233002221,3,20221023-143433
0,0,경기76아1123,3,49,233000125,233002223,104,20221023-143433
0,0,경기76아1132,3,37,233000125,233000844,78,20221023-143433
0,0,경기76아4650,3,31,233000125,233000712,40,20221023-143448
0,0,경기76아4649,3,45,233000125,119900083,56,20221023-143448
0,0,경기76아1132,3,37,233000125,233000844,78,20221023-143448
0,0,경기76아1123,3,49,233000125,233002223,104,20221023-143448
0,0,경기76아4651,3,45,233000125,233002224,4,20221023-143448
0,0,경기76아4650,3,31,233000125,233000712,40,20221023-143503
0,0,경기76아4649,3,45,233000125,119900083,56,20221023-143503
0,0,경기76아1132,3,37,233000125,233000844,78,20221023-143503
0,0,경기76아1123,3,49,233000125,233002223,104,20221023-143503
0,0,경기76아4651,3,45,233000125,233002224,4,20221023-143503
0,0,경기76아4650,3,31,233000125,277103520,41,20221023-143518
0,0,경기76아4649,3,45,233000125,119900083,56,20221023-143518
0,0,경기76아1132,3,37,233000125,233000844,78,20221023-143518
0,0,경기76아1123,3,49,233000125,233002223,104,20221023-143518
0,0,경기76아4651,3,45,233000125,233002224,4,20221023-143518
0,0,경기76아4650,3,31,233000125,277103520,41,20221023-143533
0,0,경기76아4649,3,45,233000125,119900083,56,20221023-143533
0,0,경기76아1132,3,37,233000125,233000844,78,20221023-143533
0,0,경기76아1123,3,49,233000125,233002214,105,20221023-143533
0,0,경기76아4651,3,45,233000125,233002225,5,20221023-143533
0,0,경기76아4650,3,31,233000125,277103520,41,20221023-143548
0,0,경기76아4649,3,45,233000125,119900083,56,20221023-143548
0,0,경기76아4651,3,45,233000125,233002225,5,20221023-143548
0,0,경기76아1123,3,49,233000125,233002214,105,20221023-143548
0,0,경기76아1132,3,28,233000125,233000844,78,20221023-143548
0,0,경기76아4650,3,31,233000125,277103520,41,20221023-143603
0,0,경기76아4649,3,45,233000125,119900083,56,20221023-143603
0,0,경기76아1123,3,49,233000125,233002214,105,20221023-143603
0,0,경기76아1132,3,28,233000125,233000844,78,20221023-143603
0,0,경기76아4651,3,45,233000125,233002225,5,20221023-143603
0,0,경기76아4650,3,31,233000125,277103520,41,20221023-143618
0,0,경기76아4649,3,45,233000125,119900083,56,20221023-143618
0,0,경기76아1123,3,49,233000125,233002214,105,20221023-143618
0,0,경기76아1132,3,28,233000125,233000844,78,20221023-143618
0,0,경기76아4651,3,45,233000125,233002225,5,20221023-143618
0,0,경기76아4650,3,31,233000125,277103520,41,20221023-143633
0,0,경기76아4649,3,45,233000125,119900083,56,20221023-143633
0,0,경기76아1123,3,49,233000125,233002214,105,20221023-143633
0,0,경기76아4651,3,45,233000125,233002225,5,20221023-143633
0,0,경기76아1132,3,28,233000125,233000844,78,20221023-143633
0,0,경기76아4650,3,31,233000125,277103520,41,20221023-143648
0,0,경기76아4649,3,45,233000125,119900083,56,20221023-143648
0,0,경기76아4651,3,45,233000125,233002225,5,20221023-143648
0,0,경기76아1123,3,49,233000125,233002214,105,20221023-143648
0,0,경기76아1132,3,28,233000125,233000843,79,20221023-143648
0,0,경기76아4650,3,31,233000125,277103520,41,20221023-143702
0,0,경기76아4649,3,45,233000125,119900083,56,20221023-143702
0,0,경기76아1132,3,28,233000125,233000843,79,20221023-143702
0,0,경기76아4651,3,45,233000125,233002295,6,20221023-143702
0,0,경기76아4650,3,31,233000125,277103520,41,20221023-143717
0,0,경기76아4649,3,45,233000125,119900083,56,20221023-143717
0,0,경기76아1132,3,28,233000125,233000843,79,20221023-143717
0,0,경기76아4651,3,45,233000125,233002295,6,20221023-143717
0,0,경기76아4650,3,31,233000125,277103520,41,20221023-143732
0,0,경기76아4649,3,45,233000125,119900083,56,20221023-143732
0,0,경기76아4651,3,45,233000125,233001041,7,20221023-143732
0,0,경기76아1132,3,28,233000125,233000780,80,20221023-143732
0,0,경기76아4650,3,31,233000125,277103520,41,20221023-143747
0,0,경기76아4649,3,45,233000125,119900083,56,20221023-143747
0,0,경기76아1132,3,28,233000125,233000780,80,20221023-143747
0,0,경기76아4651,3,45,233000125,233001041,7,20221023-143747
0,0,경기76아4650,3,31,233000125,277103528,42,20221023-143802
0,0,경기76아4649,3,45,233000125,119900083,56,20221023-143802
0,0,경기76아1132,3,28,233000125,233000780,80,20221023-143802
0,0,경기76아4651,3,45,233000125,233002131,8,20221023-143802
0,0,경기76아4650,3,31,233000125,277103528,42,20221023-143817
0,0,경기76아4649,3,45,233000125,119900083,56,20221023-143817
0,0,경기76아1132,3,28,233000125,233000780,80,20221023-143817
0,0,경기76아4651,3,45,233000125,233002131,8,20221023-143817
0,0,경기76아4650,3,31,233000125,277103528,42,20221023-143832
0,0,경기76아4649,3,45,233000125,119900083,56,20221023-143832
0,0,경기76아1132,3,28,233000125,233000780,80,20221023-143832
0,0,경기76아4651,3,45,233000125,233000148,9,20221023-143832
0,0,경기76아4650,3,31,233000125,277103528,42,20221023-143847
0,0,경기76아4649,3,45,233000125,119900083,56,20221023-143847
0,0,경기76아1132,3,28,233000125,233000780,80,20221023-143847
0,0,경기76아4651,3,45,233000125,233000148,9,20221023-143847
0,0,경기76아4650,3,31,233000125,277103528,42,20221023-143904
0,0,경기76아4649,3,45,233000125,119900083,56,20221023-143904
0,0,경기76아4651,3,45,233000125,233000148,9,20221023-143904
0,0,경기76아1132,3,28,233000125,233000780,80,20221023-143904
0,0,경기76아4650,3,31,233000125,277103317,43,20221023-143919
0,0,경기76아4649,3,45,233000125,119900083,56,20221023-143919
0,0,경기76아4651,3,45,233000125,233000191,10,20221023-143919
0,0,경기76아1132,3,28,233000125,233000780,80,20221023-143919
0,0,경기76아4650,3,31,233000125,277103317,43,20221023-143934
0,0,경기76아4649,3,45,233000125,119900083,56,20221023-143934
0,0,경기76아1132,3,28,233000125,233000779,81,20221023-143934
0,0,경기76아4651,3,43,233000125,233000191,10,20221023-143934
0,0,경기76아4650,3,31,233000125,277103317,43,20221023-143949
0,0,경기76아4649,3,45,233000125,119900083,56,20221023-143949
0,0,경기76아1132,3,28,233000125,233000779,81,20221023-143949
0,0,경기76아4651,3,43,233000125,233000191,10,20221023-143949
0,0,경기76아4650,3,31,233000125,277103317,43,20221023-144004
0,0,경기76아1132,3,28,233000125,233000779,81,20221023-144004
0,0,경기76아4651,3,43,233000125,233000190,11,20221023-144004
0,0,경기76아4649,3,26,233000125,119900083,56,20221023-144004
0,0,경기76아4650,3,31,233000125,277103317,43,20221023-144019
0,0,경기76아1132,3,28,233000125,233000779,81,20221023-144019
0,0,경기76아4649,3,26,233000125,119900083,56,20221023-144019
0,0,경기76아4651,3,43,233000125,233000190,11,20221023-144019
0,0,경기76아4650,3,31,233000125,277103317,43,20221023-144034
0,0,경기76아1132,3,28,233000125,233000779,81,20221023-144034
0,0,경기76아4649,3,26,233000125,119900083,56,20221023-144034
0,0,경기76아4651,3,43,233000125,233000189,12,20221023-144034
0,0,경기76아4650,3,31,233000125,277103317,43,20221023-144049
0,0,경기76아1132,3,28,233000125,233000779,81,20221023-144049
0,0,경기76아4649,3,26,233000125,119900083,56,20221023-144049
0,0,경기76아4651,3,43,233000125,233000189,12,20221023-144049
0,0,경기76아4650,3,31,233000125,277103317,43,20221023-144104
0,0,경기76아1132,3,28,233000125,233000779,81,20221023-144104
0,0,경기76아4649,3,26,233000125,119900083,56,20221023-144104
0,0,경기76아4651,3,43,233000125,233000189,12,20221023-144104
0,0,경기76아4650,3,31,233000125,277103317,43,20221023-144118
0,0,경기76아1132,3,28,233000125,233000779,81,20221023-144118
0,0,경기76아4649,3,26,233000125,119900083,56,20221023-144118
0,0,경기76아4651,3,43,233000125,233001943,13,20221023-144118
0,0,경기76아4650,3,31,233000125,277103317,43,20221023-144133
0,0,경기76아1132,3,28,233000125,233000779,81,20221023-144133
0,0,경기76아4649,3,26,233000125,277103902,53,20221023-144133
0,0,경기76아4651,3,43,233000125,233000188,14,20221023-144133
0,0,경기76아4650,3,31,233000125,277103317,43,20221023-144148
0,0,경기76아1132,3,28,233000125,233000779,81,20221023-144148
0,0,경기76아4649,3,26,233000125,277103902,53,20221023-144148
0,0,경기76아4651,3,43,233000125,233000188,14,20221023-144148
0,0,경기76아4650,3,31,233000125,277103315,44,20221023-144203
0,0,경기76아1132,3,28,233000125,233000779,81,20221023-144203
0,0,경기76아4649,3,26,233000125,277102049,57,20221023-144203
0,0,경기76아4651,3,43,233000125,233000188,14,20221023-144203
0,0,경기76아4650,3,31,233000125,277103315,44,20221023-144218
0,0,경기76아1132,3,28,233000125,233000779,81,20221023-144218
0,0,경기76아4651,3,43,233000125,233000188,14,20221023-144218
0,0,경기76아4649,3,26,233000125,277102049,57,20221023-144218
0,0,경기76아4650,3,31,233000125,277103315,44,20221023-144233
0,0,경기76아1132,3,28,233000125,233000779,81,20221023-144233
0,0,경기76아4649,3,26,233000125,277102049,57,20221023-144233
0,0,경기76아4651,3,43,233000125,233000188,14,20221023-144233
0,0,경기76아4650,3,31,233000125,277103315,44,20221023-144248
0,0,경기76아1132,3,28,233000125,233000779,81,20221023-144248
0,0,경기76아4651,3,43,233000125,233000188,14,20221023-144248
0,0,경기76아4649,3,26,233000125,277102049,57,20221023-144248
0,0,경기76아4650,3,31,233000125,277103315,44,20221023-144303
0,0,경기76아1132,3,28,233000125,233000779,81,20221023-144303
0,0,경기76아4649,3,26,233000125,277102049,57,20221023-144303
0,0,경기76아4651,3,43,233000125,233000188,14,20221023-144303
0,0,경기76아4650,3,31,233000125,277103315,44,20221023-144318
0,0,경기76아1132,3,28,233000125,233000779,81,20221023-144318
0,0,경기76아4651,3,43,233000125,233000188,14,20221023-144318
0,0,경기76아4649,3,26,233000125,277102049,57,20221023-144318
0,0,경기76아4650,3,-1,233000125,277103315,44,20221023-144333
0,0,경기76아4649,3,26,233000125,277102049,57,20221023-144333
0,0,경기76아4651,3,43,233000125,233000188,14,20221023-144333
0,0,경기76아1132,3,28,233000125,233000779,81,20221023-144333
0,0,경기76아4650,3,31,233000125,277103315,44,20221023-144348
0,0,경기76아4649,3,26,233000125,277102049,57,20221023-144348
0,0,경기76아4651,3,43,233000125,233001318,15,20221023-144348
0,0,경기76아1132,3,28,233000125,233000779,81,20221023-144348
0,0,경기76아4650,3,31,233000125,226000039,45,20221023-144403
0,0,경기76아4651,3,43,233000125,233001318,15,20221023-144403
0,0,경기76아1132,3,28,233000125,233000779,81,20221023-144403
0,0,경기76아4649,3,26,233000125,277102291,58,20221023-144403
0,0,경기76아4650,3,31,233000125,226000039,45,20221023-144417
0,0,경기76아1132,3,28,233000125,233000779,81,20221023-144417
0,0,경기76아4649,3,26,233000125,277102291,58,20221023-144417
0,0,경기76아4651,3,43,233000125,233001318,15,20221023-144417
0,0,경기76아4650,3,31,233000125,226000039,45,20221023-144432
0,0,경기76아1132,3,28,233000125,233000779,81,20221023-144432
0,0,경기76아4649,3,26,233000125,277102291,58,20221023-144432
0,0,경기76아4651,3,43,233000125,233001318,15,20221023-144432
0,0,경기76아4650,3,31,233000125,226000039,45,20221023-144448
0,0,경기76아4649,3,26,233000125,277102291,58,20221023-144448
0,0,경기76아1132,3,28,233000125,233000778,82,20221023-144448
0,0,경기76아4651,3,43,233000125,233001318,15,20221023-144448
0,0,경기76아4650,3,31,233000125,226000039,45,20221023-144503
0,0,경기76아4651,3,43,233000125,233001318,15,20221023-144503
0,0,경기76아1132,3,28,233000125,233000778,82,20221023-144503
0,0,경기76아4649,3,26,233000125,277102291,58,20221023-144503
0,0,경기76아4650,3,31,233000125,226000039,45,20221023-144517
0,0,경기76아1132,3,28,233000125,233000778,82,20221023-144517
0,0,경기76아4649,3,26,233000125,277102291,58,20221023-144517
0,0,경기76아4651,3,43,233000125,233000730,16,20221023-144517
0,0,경기76아4650,3,31,233000125,226000039,45,20221023-144532
0,0,경기76아1132,3,28,233000125,233000778,82,20221023-144532
0,0,경기76아4649,3,26,233000125,277102291,58,20221023-144532
0,0,경기76아4651,3,42,233000125,233000730,16,20221023-144532
0,0,경기76아4650,3,31,233000125,226000039,45,20221023-144547
0,0,경기76아4649,3,26,233000125,277102291,58,20221023-144547
0,0,경기76아1132,3,28,233000125,233000777,83,20221023-144547
0,0,경기76아4651,3,42,233000125,233000730,16,20221023-144547
0,0,경기76아4650,3,31,233000125,277103221,46,20221023-144604
0,0,경기76아4649,3,26,233000125,277102291,58,20221023-144604
0,0,경기76아1132,3,28,233000125,233000777,83,20221023-144604
0,0,경기76아4651,3,42,233000125,233000729,17,20221023-144604
0,0,경기76아4650,3,31,233000125,277103221,46,20221023-144619
0,0,경기76아4651,3,42,233000125,233000729,17,20221023-144619
0,0,경기76아1132,3,28,233000125,233000776,84,20221023-144619
0,0,경기76아4649,3,26,233000125,277102291,58,20221023-144619
0,0,경기76아4650,3,31,233000125,277103221,46,20221023-144634
0,0,경기76아4651,3,42,233000125,233000729,17,20221023-144634
0,0,경기76아1132,3,28,233000125,233000776,84,20221023-144634
0,0,경기76아4649,3,26,233000125,277103204,59,20221023-144634
0,0,경기76아4650,3,31,233000125,277103221,46,20221023-144649
0,0,경기76아4651,3,42,233000125,233000729,17,20221023-144649
0,0,경기76아1132,3,28,233000125,233000774,85,20221023-144649
0,0,경기76아4649,3,26,233000125,277103204,59,20221023-144649
0,0,경기76아4650,3,31,233000125,277103221,46,20221023-144704
0,0,경기76아4651,3,42,233000125,233000729,17,20221023-144704
0,0,경기76아1132,3,28,233000125,233000774,85,20221023-144704
0,0,경기76아4649,3,26,233000125,277103204,59,20221023-144704
0,0,경기76아4650,3,31,233000125,277103221,46,20221023-144719
0,0,경기76아4649,3,26,233000125,277103204,59,20221023-144719
0,0,경기76아1132,3,28,233000125,233000774,85,20221023-144719
0,0,경기76아4651,3,41,233000125,233000729,17,20221023-144719
0,0,경기76아4650,3,31,233000125,277103221,46,20221023-144734
0,0,경기76아4649,3,26,233000125,277103204,59,20221023-144734
0,0,경기76아1132,3,28,233000125,233000774,85,20221023-144734
0,0,경기76아4651,3,41,233000125,233000729,17,20221023-144734
0,0,경기76아4650,3,31,233000125,277103221,46,20221023-144749
0,0,경기76아4649,3,26,233000125,277103204,59,20221023-144749
0,0,경기76아4651,3,41,233000125,233000729,17,20221023-144749
0,0,경기76아1132,3,28,233000125,233000774,85,20221023-144749
0,0,경기76아4650,3,31,233000125,277103221,46,20221023-144804
0,0,경기76아4649,3,26,233000125,277103204,59,20221023-144804
0,0,경기76아4651,3,41,233000125,233000729,17,20221023-144804
0,0,경기76아1132,3,28,233000125,233000774,85,20221023-144804
0,0,경기76아4650,3,31,233000125,277103221,46,20221023-144819
0,0,경기76아1132,3,28,233000125,233000774,85,20221023-144819
0,0,경기76아4649,3,26,233000125,277103204,59,20221023-144819
0,0,경기76아4651,3,41,233000125,233000729,17,20221023-144819
0,0,경기76아4650,3,31,233000125,277103221,46,20221023-144834
0,0,경기76아4651,3,41,233000125,233000728,18,20221023-144834
0,0,경기76아1132,3,28,233000125,233000773,86,20221023-144834
0,0,경기76아4649,3,26,233000125,277103202,60,20221023-144834
0,0,경기76아4650,3,31,233000125,277103159,47,20221023-144849
0,0,경기76아4651,3,42,233000125,233000728,18,20221023-144849
0,0,경기76아4649,3,26,233000125,277103202,60,20221023-144849
0,0,경기76아1132,3,28,233000125,233003082,87,20221023-144849
0,0,경기76아4650,3,31,233000125,277103159,47,20221023-144904
0,0,경기76아4651,3,42,233000125,233000728,18,20221023-144904
0,0,경기76아1132,3,28,233000125,233003082,87,20221023-144904
0,0,경기76아4649,3,26,233000125,277103202,60,20221023-144904
0,0,경기76아4650,3,31,233000125,277103159,47,20221023-144918
0,0,경기76아4651,3,42,233000125,233000728,18,20221023-144918
0,0,경기76아1132,3,28,233000125,233003082,87,20221023-144918
0,0,경기76아4649,3,26,233000125,277103202,60,20221023-144918
0,0,경기76아4650,3,31,233000125,277103159,47,20221023-144933
0,0,경기76아4651,3,42,233000125,233000728,18,20221023-144933
0,0,경기76아1132,3,28,233000125,233003082,87,20221023-144933
0,0,경기76아4649,3,26,233000125,277103202,60,20221023-144933
0,0,경기76아4650,3,31,233000125,277103159,47,20221023-144948
0,0,경기76아4651,3,42,233000125,233000728,18,20221023-144948
0,0,경기76아1132,3,28,233000125,233003082,87,20221023-144948
0,0,경기76아4649,3,26,233000125,277103201,61,20221023-144948
0,0,경기76아4650,3,31,233000125,277103200,48,20221023-145004
0,0,경기76아4651,3,42,233000125,233000728,18,20221023-145004
0,0,경기76아4649,3,26,233000125,277103201,61,20221023-145004
0,0,경기76아1132,3,28,233000125,233003082,87,20221023-145004
0,0,경기76아4650,3,31,233000125,277103200,48,20221023-145018
0,0,경기76아4651,3,42,233000125,233000728,18,20221023-145018
0,0,경기76아1132,3,28,233000125,233003082,87,20221023-145018
0,0,경기76아4649,3,26,233000125,277103201,61,20221023-145018
0,0,경기76아4650,3,31,233000125,277103200,48,20221023-145033
0,0,경기76아4651,3,42,233000125,233000728,18,20221023-145033
0,0,경기76아4649,3,26,233000125,277103201,61,20221023-145033
0,0,경기76아1132,3,28,233000125,233003082,87,20221023-145033
0,0,경기76아4650,3,31,233000125,277103200,48,20221023-145048
0,0,경기76아4651,3,42,233000125,233000728,18,20221023-145048
0,0,경기76아1132,3,28,233000125,233003082,87,20221023-145048
0,0,경기76아4649,3,26,233000125,277103201,61,20221023-145048
0,0,경기76아4650,3,31,233000125,277103200,48,20221023-145103
0,0,경기76아1132,3,28,233000125,233003082,87,20221023-145103
0,0,경기76아4651,3,42,233000125,233000728,18,20221023-145103
0,0,경기76아4649,3,26,233000125,277103201,61,20221023-145103
0,0,경기76아4650,3,31,233000125,277103200,48,20221023-145118
0,0,경기76아1132,3,28,233000125,233003082,87,20221023-145118
0,0,경기76아4649,3,26,233000125,277103201,61,20221023-145118
0,0,경기76아4651,3,42,233000125,233001404,19,20221023-145118
0,0,경기76아4650,3,31,233000125,277103200,48,20221023-145133
0,0,경기76아4649,3,26,233000125,277103201,61,20221023-145133
0,0,경기76아4651,3,42,233000125,233000727,20,20221023-145133
0,0,경기76아1132,3,28,233000125,233000772,88,20221023-145133
0,0,경기76아4650,3,31,233000125,277103200,48,20221023-145148
0,0,경기76아4649,3,26,233000125,277103201,61,20221023-145148
0,0,경기76아4651,3,42,233000125,233000727,20,20221023-145148
0,0,경기76아1132,3,28,233000125,233000772,88,20221023-145148
0,0,경기76아4650,3,31,233000125,277103200,48,20221023-145203
0,0,경기76아4649,3,26,233000125,277103201,61,20221023-145203
0,0,경기76아1132,3,28,233000125,233000772,88,20221023-145203
0,0,경기76아4651,3,41,233000125,233000727,20,20221023-145203
0,0,경기76아4650,3,31,233000125,277103203,49,20221023-145218
0,0,경기76아4649,3,26,233000125,277103201,61,20221023-145218
0,0,경기76아1132,3,28,233000125,233000772,88,20221023-145218
0,0,경기76아4651,3,41,233000125,233000727,20,20221023-145218
0,0,경기76아4650,3,31,233000125,277103203,49,20221023-145233
0,0,경기76아4649,3,26,233000125,277103158,62,20221023-145233
0,0,경기76아4651,3,41,233000125,233000727,20,20221023-145233
0,0,경기76아1132,3,28,233000125,233000772,88,20221023-145233
0,0,경기76아4650,3,31,233000125,277103203,49,20221023-145248
0,0,경기76아4651,3,41,233000125,233000727,20,20221023-145248
0,0,경기76아4649,3,26,233000125,277103158,62,20221023-145248
0,0,경기76아1132,3,28,233000125,233000771,89,20221023-145248
0,0,경기76아4650,3,31,233000125,277103203,49,20221023-145303
0,0,경기76아4649,3,26,233000125,277103158,62,20221023-145303
0,0,경기76아4651,3,41,233000125,233000726,21,20221023-145303
0,0,경기76아1132,3,28,233000125,233000771,89,20221023-145303
0,0,경기76아4650,3,31,233000125,277103203,49,20221023-145318
0,0,경기76아4651,3,41,233000125,233000726,21,20221023-145318
0,0,경기76아4649,3,26,233000125,277103158,62,20221023-145318
0,0,경기76아1132,3,28,233000125,233000770,90,20221023-145318
0,0,경기76아4650,3,31,233000125,277103203,49,20221023-145333
0,0,경기76아4651,3,41,233000125,233000726,21,20221023-145333
0,0,경기76아1132,3,28,233000125,233000770,90,20221023-145333
0,0,경기76아4649,3,26,233000125,277103158,62,20221023-145333
0,0,경기76아4650,3,31,233000125,277103203,49,20221023-145348
0,0,경기76아4651,3,41,233000125,233000726,21,20221023-145348
0,0,경기76아1132,3,28,233000125,233000770,90,20221023-145348
0,0,경기76아4649,3,26,233000125,277103220,63,20221023-145348
0,0,경기76아4650,3,31,233000125,277103203,49,20221023-145403
0,0,경기76아4651,3,41,233000125,233000726,21,20221023-145403
0,0,경기76아1132,3,28,233000125,233000770,90,20221023-145403
0,0,경기76아4649,3,26,233000125,277103220,63,20221023-145403
0,0,경기76아4650,3,31,233000125,277103203,49,20221023-145418
0,0,경기76아4651,3,41,233000125,233000726,21,20221023-145418
0,0,경기76아4649,3,26,233000125,277103220,63,20221023-145418
0,0,경기76아1132,3,28,233000125,233000770,90,20221023-145418
0,0,경기76아4650,3,31,233000125,277103205,50,20221023-145433
0,0,경기76아4649,3,26,233000125,277103220,63,20221023-145433
0,0,경기76아1132,3,28,233000125,233000770,90,20221023-145433
0,0,경기76아4651,3,41,233000125,233000726,21,20221023-145433
0,0,경기76아4650,3,31,233000125,277103205,50,20221023-145448
0,0,경기76아1132,3,28,233000125,233000770,90,20221023-145448
0,0,경기76아4651,3,41,233000125,233000726,21,20221023-145448
0,0,경기76아4649,3,26,233000125,277103220,63,20221023-145448
0,0,경기76아4650,3,31,233000125,277103205,50,20221023-145503
0,0,경기76아1132,3,28,233000125,233000770,90,20221023-145503
0,0,경기76아4649,3,26,233000125,277103220,63,20221023-145503
0,0,경기76아4651,3,41,233000125,233000726,21,20221023-145503
0,0,경기76아4650,3,31,233000125,277103205,50,20221023-145518
0,0,경기76아1132,3,28,233000125,233000770,90,20221023-145518
0,0,경기76아4651,3,41,233000125,233000726,21,20221023-145518
0,0,경기76아4649,3,26,233000125,277103220,63,20221023-145518
0,0,경기76아4650,3,31,233000125,277103205,50,20221023-145532
0,0,경기76아1132,3,28,233000125,233000770,90,20221023-145532
0,0,경기76아4651,3,41,233000125,233000726,21,20221023-145532
0,0,경기76아4649,3,26,233000125,226000038,64,20221023-145532
0,0,경기76아4650,3,31,233000125,277103205,50,20221023-145548
0,0,경기76아4651,3,41,233000125,233000726,21,20221023-145548
0,0,경기76아4649,3,26,233000125,226000038,64,20221023-145548
0,0,경기76아1132,3,28,233000125,233000770,90,20221023-145548
0,0,경기76아4650,3,31,233000125,277103205,50,20221023-145602
0,0,경기76아1132,3,28,233000125,233000769,91,20221023-145602
0,0,경기76아4649,3,23,233000125,226000038,64,20221023-145602
0,0,경기76아4651,3,39,233000125,233000725,22,20221023-145602
0,0,경기76아4650,3,31,233000125,277103205,50,20221023-145617
0,0,경기76아1132,3,28,233000125,233000769,91,20221023-145617
0,0,경기76아4649,3,23,233000125,226000038,64,20221023-145617
0,0,경기76아4651,3,39,233000125,233000725,22,20221023-145617
0,0,경기76아4650,3,31,233000125,277103205,50,20221023-145632
0,0,경기76아1132,3,28,233000125,233000769,91,20221023-145632
0,0,경기76아4649,3,23,233000125,226000038,64,20221023-145632
0,0,경기76아4651,3,39,233000125,233002118,23,20221023-145632
0,0,경기76아4650,3,31,233000125,277103205,50,20221023-145647
0,0,경기76아1132,3,31,233000125,233000769,91,20221023-145647
0,0,경기76아4651,3,39,233000125,233002118,23,20221023-145647
0,0,경기76아4649,3,23,233000125,226000038,64,20221023-145647
0,0,경기76아4650,3,31,233000125,277103903,51,20221023-145704
0,0,경기76아4649,3,23,233000125,226000038,64,20221023-145704
0,0,경기76아1132,3,31,233000125,233000769,91,20221023-145704
0,0,경기76아4651,3,39,233000125,233002118,23,20221023-145704
0,0,경기76아4650,3,31,233000125,277103903,51,20221023-145719
0,0,경기76아4649,3,23,233000125,226000038,64,20221023-145719
0,0,경기76아1132,3,32,233000125,233000768,92,20221023-145719
0,0,경기76아4651,3,39,233000125,233002118,23,20221023-145719
0,0,경기76아4650,3,31,233000125,120000671,52,20221023-145734
0,0,경기76아4649,3,23,233000125,226000038,64,20221023-145734
0,0,경기76아1132,3,32,233000125,233000768,92,20221023-145734
0,0,경기76아4651,3,39,233000125,233002118,23,20221023-145734
0,0,경기76아4650,3,31,233000125,120000671,52,20221023-145749
0,0,경기76아1132,3,32,233000125,233000768,92,20221023-145749
0,0,경기76아4649,3,23,233000125,226000038,64,20221023-145749
0,0,경기76아4651,3,39,233000125,233000724,24,20221023-145749
0,0,경기76아4650,3,31,233000125,120000671,52,20221023-145804
0,0,경기76아4651,3,39,233000125,233000724,24,20221023-145804
0,0,경기76아1132,3,36,233000125,233000768,92,20221023-145804
0,0,경기76아4649,3,23,233000125,277103314,65,20221023-145804
0,0,경기76아4650,3,31,233000125,120000671,52,20221023-145819
0,0,경기76아1132,3,36,233000125,233000768,92,20221023-145819
0,0,경기76아4649,3,23,233000125,277103314,65,20221023-145819
0,0,경기76아4651,3,39,233000125,233000723,25,20221023-145819
0,0,경기76아4650,3,31,233000125,120000671,52,20221023-145834
0,0,경기76아1132,3,36,233000125,233000768,92,20221023-145834
0,0,경기76아4649,3,23,233000125,277103314,65,20221023-145834
0,0,경기76아4651,3,-1,233000125,233000723,25,20221023-145834
0,0,경기76아4650,3,31,233000125,120000671,52,20221023-145849
0,0,경기76아1132,3,36,233000125,233000768,92,20221023-145849
0,0,경기76아4649,3,23,233000125,277103314,65,20221023-145849
0,0,경기76아4651,3,39,233000125,233000722,26,20221023-145849
0,0,경기76아4650,3,31,233000125,120000671,52,20221023-145904
0,0,경기76아1132,3,36,233000125,233000768,92,20221023-145904
0,0,경기76아4649,3,23,233000125,277103314,65,20221023-145904
0,0,경기76아4651,3,-1,233000125,233000722,26,20221023-145904
0,0,경기76아4650,3,31,233000125,277103902,53,20221023-145919
0,0,경기76아1132,3,36,233000125,233000768,92,20221023-145919
0,0,경기76아4649,3,23,233000125,277103314,65,20221023-145919
0,0,경기76아4651,3,-1,233000125,233000722,26,20221023-145919
0,0,경기76아4650,3,31,233000125,277103902,53,20221023-145934
0,0,경기76아1132,3,36,233000125,233000768,92,20221023-145934
0,0,경기76아4649,3,23,233000125,277103314,65,20221023-145934
0,0,경기76아4651,3,-1,233000125,233000722,26,20221023-145934
0,0,경기76아4650,3,31,233000125,277103902,53,20221023-145949
0,0,경기76아1132,3,36,233000125,233000768,92,20221023-145949
0,0,경기76아4649,3,23,233000125,277103314,65,20221023-145949
0,0,경기76아4651,3,-1,233000125,233000722,26,20221023-145949
0,0,경기76아4650,3,31,233000125,121001315,54,20221023-150004
0,0,경기76아4649,3,23,233000125,277103314,65,20221023-150004
0,0,경기76아4651,3,-1,233000125,233000722,26,20221023-150004
0,0,경기76아1132,3,36,233000125,233000768,92,20221023-150004
0,0,경기76아4650,3,31,233000125,121001315,54,20221023-150018
0,0,경기76아1132,3,36,233000125,233000768,92,20221023-150018
0,0,경기76아4649,3,23,233000125,277103314,65,20221023-150018
0,0,경기76아4651,3,39,233000125,233000721,27,20221023-150018
0,0,경기76아4650,3,31,233000125,121001315,54,20221023-150033
0,0,경기76아4651,3,39,233000125,233000721,27,20221023-150033
0,0,경기76아4649,3,23,233000125,277103316,66,20221023-150033
0,0,경기76아1132,3,36,233000125,233001749,93,20221023-150033
0,0,경기76아4650,3,31,233000125,121001315,54,20221023-150048
0,0,경기76아4649,3,23,233000125,277103316,66,20221023-150048
0,0,경기76아1132,3,36,233000125,233001749,93,20221023-150048
0,0,경기76아4651,3,37,233000125,233000721,27,20221023-150048
0,0,경기76아4650,3,31,233000125,121001315,54,20221023-150103
0,0,경기76아4651,3,37,233000125,233000721,27,20221023-150103
0,0,경기76아1132,3,36,233000125,233002159,94,20221023-150103
0,0,경기76아4649,3,23,233000125,277103316,66,20221023-150103
0,0,경기76아4650,3,31,233000125,121001315,54,20221023-150118
0,0,경기76아4651,3,37,233000125,233000721,27,20221023-150118
0,0,경기76아1132,3,36,233000125,233002159,94,20221023-150118
0,0,경기76아4649,3,23,233000125,277103316,66,20221023-150118
0,0,경기76아4650,3,31,233000125,121001315,54,20221023-150133
0,0,경기76아1132,3,38,233000125,233002159,94,20221023-150133
0,0,경기76아4649,3,23,233000125,277103527,67,20221023-150133
0,0,경기76아4651,3,37,233000125,233000721,27,20221023-150133
0,0,경기76아4650,3,31,233000125,121001315,54,20221023-150148
0,0,경기76아1132,3,38,233000125,233002159,94,20221023-150148
0,0,경기76아4651,3,37,233000125,233000721,27,20221023-150148
0,0,경기76아4649,3,23,233000125,277103527,67,20221023-150148
0,0,경기76아4650,3,31,233000125,121001315,54,20221023-150203
0,0,경기76아1132,3,38,233000125,233002159,94,20221023-150203
0,0,경기76아4649,3,23,233000125,277103527,67,20221023-150203
0,0,경기76아4651,3,37,233000125,233000720,28,20221023-150203
0,0,경기76아4650,3,31,233000125,121001315,54,20221023-150218
0,0,경기76아1132,3,38,233000125,233002159,94,20221023-150218
0,0,경기76아4649,3,23,233000125,277103527,67,20221023-150218
0,0,경기76아4651,3,37,233000125,233000720,28,20221023-150218
0,0,경기76아4650,3,31,233000125,121001315,54,20221023-150233
0,0,경기76아1132,3,38,233000125,233002159,94,20221023-150233
0,0,경기76아4649,3,23,233000125,277103527,67,20221023-150233
0,0,경기76아4651,3,34,233000125,233000720,28,20221023-150233
0,0,경기76아4650,3,31,233000125,121001315,54,20221023-150248
0,0,경기76아1132,3,38,233000125,233002159,94,20221023-150248
0,0,경기76아4649,3,23,233000125,277103527,67,20221023-150248
0,0,경기76아4651,3,34,233000125,233000720,28,20221023-150248
0,0,경기76아4650,3,31,233000125,121001315,54,20221023-150303
0,0,경기76아1132,3,38,233000125,233002159,94,20221023-150303
0,0,경기76아4649,3,23,233000125,277103527,67,20221023-150303
0,0,경기76아4651,3,34,233000125,233000720,28,20221023-150303
0,0,경기76아4650,3,31,233000125,121001315,54,20221023-150318
0,0,경기76아4649,3,23,233000125,277103527,67,20221023-150318
0,0,경기76아4651,3,34,233000125,233000720,28,20221023-150318
0,0,경기76아1132,3,38,233000125,233002159,94,20221023-150318
0,0,경기76아4650,3,31,233000125,121001315,54,20221023-150332
0,0,경기76아4649,3,23,233000125,277103527,67,20221023-150332
0,0,경기76아4651,3,34,233000125,233000720,28,20221023-150332
0,0,경기76아1132,3,38,233000125,233001828,95,20221023-150332
0,0,경기76아4650,3,31,233000125,121001315,54,20221023-150347
0,0,경기76아4651,3,34,233000125,233000720,28,20221023-150347
0,0,경기76아4649,3,23,233000125,277103527,67,20221023-150347
0,0,경기76아1132,3,40,233000125,233001828,95,20221023-150347
0,0,경기76아4650,3,31,233000125,121001315,54,20221023-150402
0,0,경기76아1132,3,40,233000125,233001828,95,20221023-150402
0,0,경기76아4649,3,23,233000125,277103519,68,20221023-150402
0,0,경기76아4651,3,34,233000125,233000720,28,20221023-150402
0,0,경기76아4650,3,31,233000125,121001315,54,20221023-150417
0,0,경기76아1132,3,40,233000125,233001828,95,20221023-150417
0,0,경기76아4649,3,23,233000125,277103519,68,20221023-150417
0,0,경기76아4651,3,34,233000125,233000719,29,20221023-150417
0,0,경기76아4650,3,31,233000125,121001315,54,20221023-150432
0,0,경기76아1132,3,40,233000125,233001828,95,20221023-150432
0,0,경기76아4651,3,34,233000125,233000719,29,20221023-150432
0,0,경기76아4649,3,23,233000125,277103519,68,20221023-150432
0,0,경기76아4650,3,45,233000125,121001315,54,20221023-150447
0,0,경기76아1132,3,40,233000125,233001828,95,20221023-150447
0,0,경기76아4649,3,23,233000125,277103519,68,20221023-150447
0,0,경기76아4651,3,34,233000125,233000718,30,20221023-150447
0,0,경기76아4650,3,45,233000125,121001315,54,20221023-150504
0,0,경기76아1132,3,40,233000125,233001828,95,20221023-150504
0,0,경기76아4651,3,34,233000125,233000718,30,20221023-150504
0,0,경기76아4649,3,23,233000125,277103519,68,20221023-150504
0,0,경기76아4650,3,45,233000125,121001315,54,20221023-150519
0,0,경기76아1132,3,40,233000125,233001828,95,20221023-150519
0,0,경기76아4651,3,34,233000125,233000718,30,20221023-150519
0,0,경기76아4649,3,23,233000125,277103519,68,20221023-150519
0,0,경기76아4650,3,45,233000125,121001315,54,20221023-150534
0,0,경기76아1132,3,40,233000125,233001828,95,20221023-150534
0,0,경기76아4649,3,23,233000125,277103519,68,20221023-150534
0,0,경기76아4651,3,34,233000125,233000718,30,20221023-150534
0,0,경기76아4650,3,45,233000125,121001315,54,20221023-150549
0,0,경기76아4649,3,23,233000125,277103519,68,20221023-150549
0,0,경기76아1132,3,41,233000125,233001828,95,20221023-150549
0,0,경기76아4651,3,34,233000125,233000718,30,20221023-150549
0,0,경기76아4650,3,45,233000125,121001315,54,20221023-150605
0,0,경기76아4651,3,34,233000125,233000842,31,20221023-150605
0,0,경기76아4649,3,23,233000125,233000781,69,20221023-150605
0,0,경기76아1132,3,41,233000125,233001435,96,20221023-150605
0,0,경기76아4650,3,45,233000125,121001315,54,20221023-150619
0,0,경기76아4649,3,23,233000125,233000781,69,20221023-150619
0,0,경기76아1132,3,41,233000125,233001435,96,20221023-150619
0,0,경기76아4651,3,34,233000125,233000842,31,20221023-150619
0,0,경기76아4650,3,45,233000125,277101688,55,20221023-150634
0,0,경기76아4649,3,23,233000125,233000781,69,20221023-150634
0,0,경기76아1132,3,43,233000125,233001435,96,20221023-150634
0,0,경기76아4651,3,34,233000125,233000842,31,20221023-150634
0,0,경기76아4650,3,45,233000125,277101688,55,20221023-150649
0,0,경기76아1132,3,43,233000125,233001435,96,20221023-150649
0,0,경기76아4651,3,34,233000125,233000842,31,20221023-150649
0,0,경기76아4649,3,23,233000125,233000849,70,20221023-150649
0,0,경기76아4650,3,45,233000125,277101688,55,20221023-150703
0,0,경기76아4651,3,34,233000125,233000842,31,20221023-150703
0,0,경기76아4649,3,-1,233000125,233000849,70,20221023-150703
0,0,경기76아1132,3,43,233000125,233000208,97,20221023-150703
0,0,경기76아4650,3,45,233000125,277101688,55,20221023-150718
0,0,경기76아4649,3,23,233000125,233000848,71,20221023-150718
0,0,경기76아1132,3,42,233000125,233000208,97,20221023-150718
0,0,경기76아4651,3,34,233000125,233002149,32,20221023-150718
0,0,경기76아4650,3,45,233000125,277101688,55,20221023-150733
0,0,경기76아4649,3,23,233000125,233000848,71,20221023-150733
0,0,경기76아4651,3,34,233000125,233002149,32,20221023-150733
0,0,경기76아1132,3,42,233000125,233001043,98,20221023-150733
0,0,경기76아4650,3,45,233000125,277101688,55,20221023-150749
0,0,경기76아4649,3,23,233000125,233000848,71,20221023-150749
0,0,경기76아4651,3,34,233000125,233002149,32,20221023-150749
0,0,경기76아1132,3,42,233000125,233001043,98,20221023-150749
0,0,경기76아4650,3,45,233000125,277101688,55,20221023-150803
0,0,경기76아1132,3,44,233000125,233001043,98,20221023-150803
0,0,경기76아4649,3,23,233000125,233000847,72,20221023-150803
0,0,경기76아4651,3,34,233000125,233000717,33,20221023-150803
0,0,경기76아4650,3,45,233000125,277101688,55,20221023-150818
0,0,경기76아1132,3,44,233000125,233001043,98,20221023-150818
0,0,경기76아4649,3,23,233000125,233000847,72,20221023-150818
0,0,경기76아4651,3,34,233000125,233000717,33,20221023-150818
0,0,경기76아4650,3,45,233000125,277101688,55,20221023-150833
0,0,경기76아1132,3,44,233000125,233001043,98,20221023-150833
0,0,경기76아4651,3,34,233000125,233000716,34,20221023-150833
0,0,경기76아4649,3,23,233000125,233002174,73,20221023-150833
0,0,경기76아4650,3,45,233000125,119900083,56,20221023-150848
0,0,경기76아1132,3,44,233000125,233001043,98,20221023-150848
0,0,경기76아4651,3,34,233000125,233000716,34,20221023-150848
0,0,경기76아4649,3,23,233000125,233002174,73,20221023-150848
0,0,경기76아4650,3,45,233000125,119900083,56,20221023-150903
0,0,경기76아1132,3,44,233000125,233001043,98,20221023-150903
0,0,경기76아4649,3,23,233000125,233002174,73,20221023-150903
0,0,경기76아4651,3,33,233000125,233000059,35,20221023-150903
0,0,경기76아4650,3,45,233000125,119900083,56,20221023-150918
0,0,경기76아4651,3,33,233000125,233000059,35,20221023-150918
0,0,경기76아4649,3,23,233000125,233002174,73,20221023-150918
0,0,경기76아1132,3,44,233000125,233002130,99,20221023-150918
0,0,경기76아4650,3,45,233000125,119900083,56,20221023-150933
0,0,경기76아4651,3,33,233000125,233000059,35,20221023-150933
0,0,경기76아1132,3,44,233000125,233002130,99,20221023-150933
0,0,경기76아4649,3,23,233000125,233000055,74,20221023-150933
0,0,경기76아4650,3,45,233000125,119900083,56,20221023-150948
0,0,경기76아4651,3,33,233000125,233000059,35,20221023-150948
0,0,경기76아1132,3,44,233000125,233001042,100,20221023-150948
0,0,경기76아4649,3,23,233000125,233000846,75,20221023-150948
0,0,경기76아4650,3,45,233000125,119900083,56,20221023-151003
0,0,경기76아4651,3,33,233000125,233000059,35,20221023-151003
0,0,경기76아1132,3,44,233000125,233001042,100,20221023-151003
0,0,경기76아4649,3,23,233000125,233000845,76,20221023-151003
0,0,경기76아4650,3,45,233000125,119900083,56,20221023-151018
0,0,경기76아4649,3,23,233000125,233000845,76,20221023-151018
0,0,경기76아4651,3,33,233000125,233000059,35,20221023-151018
0,0,경기76아1132,3,44,233000125,233002296,101,20221023-151018
0,0,경기76아4650,3,45,233000125,119900083,56,20221023-151033
0,0,경기76아1132,3,44,233000125,233000207,102,20221023-151033
0,0,경기76아4651,3,33,233000125,233000891,36,20221023-151033
0,0,경기76아4649,3,23,233000125,233002150,77,20221023-151033
0,0,경기76아4650,3,45,233000125,119900083,56,20221023-151048
0,0,경기76아4652,3,45,233000125,233002226,1,20221023-151048
0,0,경기76아4649,3,23,233000125,233002150,77,20221023-151048
0,0,경기76아1132,3,44,233000125,233000207,102,20221023-151048
0,0,경기76아4651,3,33,233000125,233000891,36,20221023-151048
0,0,경기76아4650,3,45,233000125,119900083,56,20221023-151103
0,0,경기76아4652,3,45,233000125,233002226,1,20221023-151103
0,0,경기76아4649,3,23,233000125,233002150,77,20221023-151103
0,0,경기76아4651,3,33,233000125,233000891,36,20221023-151103
0,0,경기76아1132,3,44,233000125,233002216,103,20221023-151103
0,0,경기76아4650,3,45,233000125,119900083,56,20221023-151118
0,0,경기76아4652,3,45,233000125,233002226,1,20221023-151118
0,0,경기76아1132,3,44,233000125,233002216,103,20221023-151118
0,0,경기76아4649,3,23,233000125,233002150,77,20221023-151118
0,0,경기76아4651,3,33,233000125,233000715,37,20221023-151118
0,0,경기76아4650,3,45,233000125,119900083,56,20221023-151133
0,0,경기76아4652,3,45,233000125,277102459,2,20221023-151133
0,0,경기76아1132,3,44,233000125,233002216,103,20221023-151133
0,0,경기76아4651,3,33,233000125,233000715,37,20221023-151133
0,0,경기76아4649,3,23,233000125,233000844,78,20221023-151133
0,0,경기76아4650,3,45,233000125,119900083,56,20221023-151148
0,0,경기76아4652,3,45,233000125,277102459,2,20221023-151148
0,0,경기76아4649,3,23,233000125,233000844,78,20221023-151148
0,0,경기76아4651,3,32,233000125,233000715,37,20221023-151148
0,0,경기76아1132,3,44,233000125,233002223,104,20221023-151148
0,0,경기76아4650,3,45,233000125,119900083,56,20221023-151202
0,0,경기76아4652,3,45,233000125,277102459,2,20221023-151202
0,0,경기76아4651,3,32,233000125,233000715,37,20221023-151202
0,0,경기76아1132,3,44,233000125,233002223,104,20221023-151202
0,0,경기76아4649,3,19,233000125,233000844,78,20221023-151202
0,0,경기76아4650,3,45,233000125,119900083,56,20221023-151217
0,0,경기76아4652,3,45,233000125,277102459,2,20221023-151217
0,0,경기76아4651,3,32,233000125,233000715,37,20221023-151217
0,0,경기76아1132,3,44,233000125,233002223,104,20221023-151217
0,0,경기76아4649,3,19,233000125,233000844,78,20221023-151217
0,0,경기76아4650,3,45,233000125,119900083,56,20221023-151232
0,0,경기76아4652,3,45,233000125,233002221,3,20221023-151232
0,0,경기76아4651,3,32,233000125,233000715,37,20221023-151232
0,0,경기76아1132,3,44,233000125,233002223,104,20221023-151232
0,0,경기76아4649,3,19,233000125,233000844,78,20221023-151232
0,0,경기76아4650,3,45,233000125,119900083,56,20221023-151247
0,0,경기76아4652,3,45,233000125,233002221,3,20221023-151247
0,0,경기76아4649,3,19,233000125,233000844,78,20221023-151247
0,0,경기76아1132,3,46,233000125,233002223,104,20221023-151247
0,0,경기76아4651,3,32,233000125,233000714,38,20221023-151247
0,0,경기76아4650,3,45,233000125,119900083,56,20221023-151304
0,0,경기76아4652,3,45,233000125,233002221,3,20221023-151304
0,0,경기76아4649,3,19,233000125,233000844,78,20221023-151304
0,0,경기76아1132,3,46,233000125,233002223,104,20221023-151304
0,0,경기76아4651,3,32,233000125,233000713,39,20221023-151304
0,0,경기76아4650,3,45,233000125,119900083,56,20221023-151319
0,0,경기76아4652,3,45,233000125,233002221,3,20221023-151319
0,0,경기76아4651,3,32,233000125,233000713,39,20221023-151319
0,0,경기76아1132,3,48,233000125,233002214,105,20221023-151319
0,0,경기76아4649,3,19,233000125,233000843,79,20221023-151319
0,0,경기76아4650,3,45,233000125,119900083,56,20221023-151334
0,0,경기76아4652,3,45,233000125,233002224,4,20221023-151334
0,0,경기76아4649,3,19,233000125,233000843,79,20221023-151334
0,0,경기76아1132,3,48,233000125,233002214,105,20221023-151334
0,0,경기76아4651,3,31,233000125,233000713,39,20221023-151334
0,0,경기76아4650,3,45,233000125,119900083,56,20221023-151349
0,0,경기76아4652,3,45,233000125,233002224,4,20221023-151349
0,0,경기76아4649,3,19,233000125,233000843,79,20221023-151349
0,0,경기76아4651,3,31,233000125,233000713,39,20221023-151349
0,0,경기76아1132,3,48,233000125,233002214,105,20221023-151349
0,0,경기76아4650,3,45,233000125,119900083,56,20221023-151404
0,0,경기76아4652,3,45,233000125,233002224,4,20221023-151404
0,0,경기76아1132,3,48,233000125,233002214,105,20221023-151404
0,0,경기76아4651,3,31,233000125,233000713,39,20221023-151404
0,0,경기76아4649,3,19,233000125,233000780,80,20221023-151404
0,0,경기76아4650,3,45,233000125,119900083,56,20221023-151419
0,0,경기76아4652,3,45,233000125,233002225,5,20221023-151419
0,0,경기76아1132,3,48,233000125,233002214,105,20221023-151419
0,0,경기76아4649,3,19,233000125,233000780,80,20221023-151419
0,0,경기76아4651,3,31,233000125,233000712,40,20221023-151419
0,0,경기76아4650,3,45,233000125,119900083,56,20221023-151434
0,0,경기76아4652,3,45,233000125,233002225,5,20221023-151434
0,0,경기76아1132,3,48,233000125,233002214,105,20221023-151434
0,0,경기76아4649,3,19,233000125,233000780,80,20221023-151434
0,0,경기76아4651,3,31,233000125,233000712,40,20221023-151434
0,0,경기76아4650,3,45,233000125,119900083,56,20221023-151449
0,0,경기76아4652,3,45,233000125,233002225,5,20221023-151449
0,0,경기76아4649,3,19,233000125,233000780,80,20221023-151449
0,0,경기76아4651,3,31,233000125,233000712,40,20221023-151449
0,0,경기76아1132,3,48,233000125,233002214,105,20221023-151449
0,0,경기76아4650,3,45,233000125,119900083,56,20221023-151504
0,0,경기76아4652,3,45,233000125,233002225,5,20221023-151504
0,0,경기76아4651,3,31,233000125,233000712,40,20221023-151504
0,0,경기76아4649,3,19,233000125,233000780,80,20221023-151504
0,0,경기76아4650,3,45,233000125,119900083,56,20221023-151519
0,0,경기76아4652,3,45,233000125,233002225,5,20221023-151519
0,0,경기76아4651,3,31,233000125,233000712,40,20221023-151519
0,0,경기76아4649,3,19,233000125,233000779,81,20221023-151519
0,0,경기76아4650,3,45,233000125,119900083,56,20221023-151534
0,0,경기76아4652,3,45,233000125,233002295,6,20221023-151534
0,0,경기76아4651,3,31,233000125,233000712,40,20221023-151534
0,0,경기76아4649,3,19,233000125,233000779,81,20221023-151534
0,0,경기76아4650,3,45,233000125,119900083,56,20221023-151549
0,0,경기76아4652,3,45,233000125,233002295,6,20221023-151549
0,0,경기76아4649,3,19,233000125,233000779,81,20221023-151549
0,0,경기76아4651,3,31,233000125,233000712,40,20221023-151549
0,0,경기76아4650,3,45,233000125,119900083,56,20221023-151603
0,0,경기76아4652,3,45,233000125,233002295,6,20221023-151603
0,0,경기76아4649,3,19,233000125,233000779,81,20221023-151603
0,0,경기76아4651,3,31,233000125,233000712,40,20221023-151603
0,0,경기76아4650,3,45,233000125,119900083,56,20221023-151618
0,0,경기76아4652,3,45,233000125,233002295,6,20221023-151618
0,0,경기76아4649,3,19,233000125,233000779,81,20221023-151618
0,0,경기76아4651,3,31,233000125,233000712,40,20221023-151618
0,0,경기76아4650,3,45,233000125,119900083,56,20221023-151633
0,0,경기76아4652,3,45,233000125,233002295,6,20221023-151633
0,0,경기76아4649,3,19,233000125,233000779,81,20221023-151633
0,0,경기76아4651,3,31,233000125,233000712,40,20221023-151633
0,0,경기76아4650,3,45,233000125,119900083,56,20221023-151648
0,0,경기76아4652,3,45,233000125,233002295,6,20221023-151648
0,0,경기76아4649,3,19,233000125,233000779,81,20221023-151648
0,0,경기76아4651,3,31,233000125,233000712,40,20221023-151648
0,0,경기76아4650,3,30,233000125,119900083,56,20221023-151703
0,0,경기76아4652,3,45,233000125,233001041,7,20221023-151703
0,0,경기76아4649,3,19,233000125,233000779,81,20221023-151703
0,0,경기76아4651,3,31,233000125,233000712,40,20221023-151703
0,0,경기76아4650,3,30,233000125,119900083,56,20221023-151718
0,0,경기76아4652,3,45,233000125,233001041,7,20221023-151718
0,0,경기76아4649,3,19,233000125,233000779,81,20221023-151718
0,0,경기76아4651,3,31,233000125,233000712,40,20221023-151718
0,0,경기76아4650,3,30,233000125,119900083,56,20221023-151733
0,0,경기76아4652,3,45,233000125,233002131,8,20221023-151733
0,0,경기76아4649,3,19,233000125,233000779,81,20221023-151733
0,0,경기76아4651,3,31,233000125,233000712,40,20221023-151733
0,0,경기76아4650,3,30,233000125,119900083,56,20221023-151748
0,0,경기76아4652,3,45,233000125,233002131,8,20221023-151748
0,0,경기76아4649,3,19,233000125,233000779,81,20221023-151748
0,0,경기76아4651,3,31,233000125,233000712,40,20221023-151748
0,0,경기76아4650,3,30,233000125,119900083,56,20221023-151803
0,0,경기76아4652,3,45,233000125,233002131,8,20221023-151803
0,0,경기76아4649,3,19,233000125,233000779,81,20221023-151803
0,0,경기76아4651,3,31,233000125,233000712,40,20221023-151803
0,0,경기76아4650,3,30,233000125,119900083,56,20221023-151818
0,0,경기76아4652,3,45,233000125,233000148,9,20221023-151818
0,0,경기76아4649,3,19,233000125,233000779,81,20221023-151818
0,0,경기76아4651,3,31,233000125,233000712,40,20221023-151818
0,0,경기76아4650,3,30,233000125,119900083,56,20221023-151833
0,0,경기76아4652,3,43,233000125,233000148,9,20221023-151833
0,0,경기76아4651,3,31,233000125,233000712,40,20221023-151833
0,0,경기76아4649,3,19,233000125,233000779,81,20221023-151833
0,0,경기76아4650,3,30,233000125,119900083,56,20221023-151848
0,0,경기76아4652,3,43,233000125,233000148,9,20221023-151848
0,0,경기76아4651,3,31,233000125,233000712,40,20221023-151848
0,0,경기76아4649,3,19,233000125,233000779,81,20221023-151848
0,0,경기76아4650,3,30,233000125,119900083,56,20221023-151903
0,0,경기76아4652,3,43,233000125,233000148,9,20221023-151903
0,0,경기76아4651,3,31,233000125,233000712,40,20221023-151903
0,0,경기76아4649,3,19,233000125,233000779,81,20221023-151903
0,0,경기76아4650,3,30,233000125,119900083,56,20221023-151918
0,0,경기76아4652,3,43,233000125,233000191,10,20221023-151918
0,0,경기76아4649,3,19,233000125,233000779,81,20221023-151918
0,0,경기76아4651,3,31,233000125,233000712,40,20221023-151918
0,0,경기76아4650,3,30,233000125,119900083,56,20221023-151933
0,0,경기76아4652,3,43,233000125,233000191,10,20221023-151933
0,0,경기76아4649,3,19,233000125,233000779,81,20221023-151933
0,0,경기76아4651,3,31,233000125,233000712,40,20221023-151933
0,0,경기76아4650,3,30,233000125,119900083,56,20221023-151948
0,0,경기76아4652,3,43,233000125,233000191,10,20221023-151948
0,0,경기76아4649,3,19,233000125,233000779,81,20221023-151948
0,0,경기76아4651,3,31,233000125,233000712,40,20221023-151948
0,0,경기76아4650,3,30,233000125,119900083,56,20221023-152002
0,0,경기76아4652,3,43,233000125,233000191,10,20221023-152002
0,0,경기76아4651,3,31,233000125,233000712,40,20221023-152002
0,0,경기76아4649,3,19,233000125,233000779,81,20221023-152002
0,0,경기76아4650,3,30,233000125,119900083,56,20221023-152018
0,0,경기76아4652,3,43,233000125,233000191,10,20221023-152018
0,0,경기76아4651,3,31,233000125,233000712,40,20221023-152018
0,0,경기76아4649,3,19,233000125,233000779,81,20221023-152018
0,0,경기76아4650,3,30,233000125,119900083,56,20221023-152032
0,0,경기76아4652,3,43,233000125,233000191,10,20221023-152032
0,0,경기76아4651,3,31,233000125,233000712,40,20221023-152032
0,0,경기76아4649,3,19,233000125,233000778,82,20221023-152032
0,0,경기76아4650,3,30,233000125,277103902,53,20221023-152048
0,0,경기76아4652,3,41,233000125,233000191,10,20221023-152048
0,0,경기76아4649,3,19,233000125,233000778,82,20221023-152048
0,0,경기76아4651,3,31,233000125,277103520,41,20221023-152048
0,0,경기76아4652,3,41,233000125,233000191,10,20221023-152102
0,0,경기76아4650,3,30,233000125,277102049,57,20221023-152102
0,0,경기76아4649,3,19,233000125,233000778,82,20221023-152102
0,0,경기76아4651,3,31,233000125,277103520,41,20221023-152102
0,0,경기76아4650,3,30,233000125,277102049,57,20221023-152117
0,0,경기76아4652,3,41,233000125,233000190,11,20221023-152117
0,0,경기76아4649,3,19,233000125,233000778,82,20221023-152117
0,0,경기76아4651,3,31,233000125,277103520,41,20221023-152117
0,0,경기76아4650,3,30,233000125,277102049,57,20221023-152132
0,0,경기76아4652,3,39,233000125,233000190,11,20221023-152132
0,0,경기76아4649,3,19,233000125,233000778,82,20221023-152132
0,0,경기76아4651,3,31,233000125,277103520,41,20221023-152132
0,0,경기76아4650,3,30,233000125,277102049,57,20221023-152147
0,0,경기76아4652,3,39,233000125,233000190,11,20221023-152147
0,0,경기76아4651,3,31,233000125,277103520,41,20221023-152147
0,0,경기76아4649,3,22,233000125,233000777,83,20221023-152147
0,0,경기76아4650,3,30,233000125,277102049,57,20221023-152204
0,0,경기76아4652,3,39,233000125,233000190,11,20221023-152204
0,0,경기76아4651,3,31,233000125,277103520,41,20221023-152204
0,0,경기76아4649,3,22,233000125,233000777,83,20221023-152204
0,0,경기76아4650,3,30,233000125,277102049,57,20221023-152219
0,0,경기76아4652,3,39,233000125,233000190,11,20221023-152219
0,0,경기76아4651,3,31,233000125,277103520,41,20221023-152219
0,0,경기76아4649,3,22,233000125,233000776,84,20221023-152219
0,0,경기76아4650,3,30,233000125,277102049,57,20221023-152234
0,0,경기76아4652,3,39,233000125,233000190,11,20221023-152234
0,0,경기76아4651,3,31,233000125,277103520,41,20221023-152234
0,0,경기76아4649,3,22,233000125,233000776,84,20221023-152234
0,0,경기76아4650,3,30,233000125,277102049,57,20221023-152249
0,0,경기76아4652,3,39,233000125,233000190,11,20221023-152249
0,0,경기76아4651,3,31,233000125,277103520,41,20221023-152249
0,0,경기76아4649,3,22,233000125,233000774,85,20221023-152249
0,0,경기76아4650,3,30,233000125,277102291,58,20221023-152304
0,0,경기76아4652,3,39,233000125,233000189,12,20221023-152304
0,0,경기76아4651,3,31,233000125,277103520,41,20221023-152304
0,0,경기76아4649,3,22,233000125,233000774,85,20221023-152304
0,0,경기76아4650,3,30,233000125,277102291,58,20221023-152319
0,0,경기76아4652,3,39,233000125,233000189,12,20221023-152319
0,0,경기76아4651,3,31,233000125,277103520,41,20221023-152319
0,0,경기76아4649,3,22,233000125,233000774,85,20221023-152319
0,0,경기76아4650,3,30,233000125,277102291,58,20221023-152334
0,0,경기76아4652,3,39,233000125,233000189,12,20221023-152334
0,0,경기76아4649,3,22,233000125,233000774,85,20221023-152334
0,0,경기76아4651,3,31,233000125,277103520,41,20221023-152334
0,0,경기76아4652,3,38,233000125,233000189,12,20221023-152349
0,0,경기76아4650,3,30,233000125,277102291,58,20221023-152349
0,0,경기76아4649,3,22,233000125,233000774,85,20221023-152349
0,0,경기76아4651,3,31,233000125,277103520,41,20221023-152349
0,0,경기76아4652,3,38,233000125,233000189,12,20221023-152404
0,0,경기76아4650,3,30,233000125,277102291,58,20221023-152404
0,0,경기76아4651,3,31,233000125,277103520,41,20221023-152404
0,0,경기76아4649,3,22,233000125,233000773,86,20221023-152404
0,0,경기76아4652,3,38,233000125,233000189,12,20221023-152419
0,0,경기76아4650,3,30,233000125,277102291,58,20221023-152419
0,0,경기76아4649,3,22,233000125,233003082,87,20221023-152419
0,0,경기76아4651,3,31,233000125,277103528,42,20221023-152419
0,0,경기76아4652,3,38,233000125,233000189,12,20221023-152434
0,0,경기76아4650,3,30,233000125,277102291,58,20221023-152434
0,0,경기76아4651,3,31,233000125,277103528,42,20221023-152434
0,0,경기76아4649,3,22,233000125,233003082,87,20221023-152434
0,0,경기76아4652,3,38,233000125,233000189,12,20221023-152449
0,0,경기76아4650,3,30,233000125,277102291,58,20221023-152449
0,0,경기76아4649,3,22,233000125,233003082,87,20221023-152449
0,0,경기76아4651,3,31,233000125,277103528,42,20221023-152449
0,0,경기76아4652,3,38,233000125,233000189,12,20221023-152503
0,0,경기76아4650,3,30,233000125,277103204,59,20221023-152503
0,0,경기76아4651,3,31,233000125,277103528,42,20221023-152503
0,0,경기76아4649,3,22,233000125,233003082,87,20221023-152503
0,0,경기76아4652,3,38,233000125,233000189,12,20221023-152518
0,0,경기76아4650,3,30,233000125,277103204,59,20221023-152518
0,0,경기76아4651,3,31,233000125,277103528,42,20221023-152518
0,0,경기76아4649,3,22,233000125,233003082,87,20221023-152518
0,0,경기76아4652,3,38,233000125,233000189,12,20221023-152533
0,0,경기76아4650,3,30,233000125,277103204,59,20221023-152533
0,0,경기76아4649,3,22,233000125,233003082,87,20221023-152533
0,0,경기76아4651,3,31,233000125,277103317,43,20221023-152533
0,0,경기76아4650,3,30,233000125,277103204,59,20221023-152548
0,0,경기76아4652,3,38,233000125,233000189,12,20221023-152548
0,0,경기76아4649,3,22,233000125,233003082,87,20221023-152548
0,0,경기76아4651,3,31,233000125,277103317,43,20221023-152548
0,0,경기76아4650,3,30,233000125,277103204,59,20221023-152603
0,0,경기76아4652,3,38,233000125,233000189,12,20221023-152603
0,0,경기76아4649,3,22,233000125,233003082,87,20221023-152603
0,0,경기76아4651,3,31,233000125,277103317,43,20221023-152603
0,0,경기76아4650,3,30,233000125,277103204,59,20221023-152618
0,0,경기76아4652,3,38,233000125,233001943,13,20221023-152618
0,0,경기76아4649,3,22,233000125,233003082,87,20221023-152618
0,0,경기76아4651,3,31,233000125,277103317,43,20221023-152618
0,0,경기76아4650,3,30,233000125,277103204,59,20221023-152633
0,0,경기76아4652,3,38,233000125,233000188,14,20221023-152633
0,0,경기76아4651,3,31,233000125,277103317,43,20221023-152633
0,0,경기76아4649,3,22,233000125,233000772,88,20221023-152633
0,0,경기76아4652,3,38,233000125,233000188,14,20221023-152648
0,0,경기76아4650,3,30,233000125,277103202,60,20221023-152648
0,0,경기76아4651,3,31,233000125,277103317,43,20221023-152648
0,0,경기76아4649,3,22,233000125,233000772,88,20221023-152648
0,0,경기76아4650,3,30,233000125,277103202,60,20221023-152703
0,0,경기76아4652,3,36,233000125,233000188,14,20221023-152703
0,0,경기76아4651,3,31,233000125,277103317,43,20221023-152703
0,0,경기76아4649,3,22,233000125,233000772,88,20221023-152703
0,0,경기76아4652,3,36,233000125,233000188,14,20221023-152718
0,0,경기76아4650,3,30,233000125,277103202,60,20221023-152718
0,0,경기76아4651,3,31,233000125,277103317,43,20221023-152718
0,0,경기76아4649,3,22,233000125,233000772,88,20221023-152718
0,0,경기76아4652,3,36,233000125,233000188,14,20221023-152733
0,0,경기76아4650,3,30,233000125,277103202,60,20221023-152733
0,0,경기76아4651,3,31,233000125,277103317,43,20221023-152733
0,0,경기76아4649,3,22,233000125,233000772,88,20221023-152733
0,0,경기76아4652,3,36,233000125,233000188,14,20221023-152748
0,0,경기76아4650,3,30,233000125,277103202,60,20221023-152748
0,0,경기76아4651,3,31,233000125,277103317,43,20221023-152748
0,0,경기76아4649,3,22,233000125,233000772,88,20221023-152748
0,0,경기76아4652,3,36,233000125,233000188,14,20221023-152802
0,0,경기76아4650,3,30,233000125,277103202,60,20221023-152802
0,0,경기76아4651,3,31,233000125,277103317,43,20221023-152802
0,0,경기76아4649,3,22,233000125,233000771,89,20221023-152802
0,0,경기76아4652,3,36,233000125,233000188,14,20221023-152817
0,0,경기76아4650,3,30,233000125,277103201,61,20221023-152817
0,0,경기76아4649,3,22,233000125,233000771,89,20221023-152817
0,0,경기76아4651,3,31,233000125,277103317,43,20221023-152817
0,0,경기76아4652,3,36,233000125,233000188,14,20221023-152832
0,0,경기76아4650,3,30,233000125,277103201,61,20221023-152832
0,0,경기76아4651,3,31,233000125,277103317,43,20221023-152832
0,0,경기76아4649,3,22,233000125,233000770,90,20221023-152832
0,0,경기76아4652,3,36,233000125,233000188,14,20221023-152847
0,0,경기76아4650,3,30,233000125,277103201,61,20221023-152847
0,0,경기76아4651,3,31,233000125,277103315,44,20221023-152847
0,0,경기76아4649,3,23,233000125,233000770,90,20221023-152847
0,0,경기76아4650,3,30,233000125,277103201,61,20221023-152904
0,0,경기76아4652,3,36,233000125,233001318,15,20221023-152904
0,0,경기76아4651,3,31,233000125,277103315,44,20221023-152904
0,0,경기76아4649,3,23,233000125,233000770,90,20221023-152904
0,0,경기76아4652,3,36,233000125,233001318,15,20221023-152919
0,0,경기76아4650,3,30,233000125,277103201,61,20221023-152919
0,0,경기76아4651,3,31,233000125,277103315,44,20221023-152919
0,0,경기76아4649,3,23,233000125,233000770,90,20221023-152919
0,0,경기76아4650,3,30,233000125,277103201,61,20221023-152934
0,0,경기76아4652,3,36,233000125,233001318,15,20221023-152934
0,0,경기76아4649,3,23,233000125,233000770,90,20221023-152934
0,0,경기76아4651,3,31,233000125,277103315,44,20221023-152934
0,0,경기76아4650,3,30,233000125,277103201,61,20221023-152949
0,0,경기76아4652,3,36,233000125,233001318,15,20221023-152949
0,0,경기76아4651,3,31,233000125,277103315,44,20221023-152949
0,0,경기76아4649,3,23,233000125,233000770,90,20221023-152949
0,0,경기76아4650,3,30,233000125,277103201,61,20221023-153004
0,0,경기76아4652,3,36,233000125,233001318,15,20221023-153004
0,0,경기76아4651,3,31,233000125,277103315,44,20221023-153004
0,0,경기76아4649,3,23,233000125,233000769,91,20221023-153004
0,0,경기76아4650,3,30,233000125,277103201,61,20221023-153019
0,0,경기76아4652,3,36,233000125,233001318,15,20221023-153019
0,0,경기76아4649,3,23,233000125,233000769,91,20221023-153019
0,0,경기76아4651,3,31,233000125,277103315,44,20221023-153019
0,0,경기76아4650,3,30,233000125,277103201,61,20221023-153034
0,0,경기76아4652,3,36,233000125,233000730,16,20221023-153034
0,0,경기76아4651,3,31,233000125,277103315,44,20221023-153034
0,0,경기76아4649,3,23,233000125,233000768,92,20221023-153034
0,0,경기76아4652,3,36,233000125,233000730,16,20221023-153049
0,0,경기76아4650,3,30,233000125,277103158,62,20221023-153049
0,0,경기76아4649,3,23,233000125,233000768,92,20221023-153049
0,0,경기76아4651,3,31,233000125,277103315,44,20221023-153049
0,0,경기76아4652,3,36,233000125,233000730,16,20221023-153104
0,0,경기76아4650,3,30,233000125,277103158,62,20221023-153104
0,0,경기76아4649,3,23,233000125,233000768,92,20221023-153104
0,0,경기76아4651,3,31,233000125,226000039,45,20221023-153104
0,0,경기76아4652,3,36,233000125,233000730,16,20221023-153119
0,0,경기76아4650,3,30,233000125,277103158,62,20221023-153119
0,0,경기76아4649,3,23,233000125,233000768,92,20221023-153119
0,0,경기76아4651,3,31,233000125,226000039,45,20221023-153119
0,0,경기76아4650,3,30,233000125,277103158,62,20221023-153135
0,0,경기76아4652,3,34,233000125,233000730,16,20221023-153135
0,0,경기76아4651,3,31,233000125,226000039,45,20221023-153135
0,0,경기76아4649,3,27,233000125,233000768,92,20221023-153135
0,0,경기76아4650,3,30,233000125,277103158,62,20221023-153149
0,0,경기76아4652,3,34,233000125,233000730,16,20221023-153149
0,0,경기76아4649,3,27,233000125,233000768,92,20221023-153149
0,0,경기76아4651,3,31,233000125,226000039,45,20221023-153149
0,0,경기76아4650,3,30,233000125,277103158,62,20221023-153203
0,0,경기76아4652,3,34,233000125,233000730,16,20221023-153203
0,0,경기76아4651,3,31,233000125,226000039,45,20221023-153203
0,0,경기76아4649,3,27,233000125,233001749,93,20221023-153203
0,0,경기76아4650,3,30,233000125,277103158,62,20221023-153218
0,0,경기76아4652,3,34,233000125,233000730,16,20221023-153218
0,0,경기76아4651,3,31,233000125,226000039,45,20221023-153218
0,0,경기76아4649,3,27,233000125,233002159,94,20221023-153218
0,0,경기76아4650,3,30,233000125,277103158,62,20221023-153233
0,0,경기76아4652,3,34,233000125,233000730,16,20221023-153233
0,0,경기76아4651,3,31,233000125,226000039,45,20221023-153233
0,0,경기76아4649,3,27,233000125,233002159,94,20221023-153233
0,0,경기76아4650,3,30,233000125,277103158,62,20221023-153249
0,0,경기76아4652,3,34,233000125,233000730,16,20221023-153249
0,0,경기76아4649,3,27,233000125,233002159,94,20221023-153249
0,0,경기76아4651,3,31,233000125,226000039,45,20221023-153249
0,0,경기76아4650,3,30,233000125,277103158,62,20221023-153303
0,0,경기76아4652,3,34,233000125,233000729,17,20221023-153303
0,0,경기76아4649,3,33,233000125,233002159,94,20221023-153303
0,0,경기76아4651,3,31,233000125,277103221,46,20221023-153303
0,0,경기76아4652,3,34,233000125,233000729,17,20221023-153318
0,0,경기76아4650,3,30,233000125,277103220,63,20221023-153318
0,0,경기76아4649,3,33,233000125,233002159,94,20221023-153318
0,0,경기76아4651,3,31,233000125,277103221,46,20221023-153318
0,0,경기76아4650,3,30,233000125,277103220,63,20221023-153333
0,0,경기76아4652,3,34,233000125,233000729,17,20221023-153333
0,0,경기76아4649,3,33,233000125,233002159,94,20221023-153333
0,0,경기76아4651,3,31,233000125,277103221,46,20221023-153333
0,0,경기76아4650,3,30,233000125,277103220,63,20221023-153348
0,0,경기76아4652,3,34,233000125,233000729,17,20221023-153348
0,0,경기76아4649,3,33,233000125,233002159,94,20221023-153348
0,0,경기76아4651,3,31,233000125,277103221,46,20221023-153348
0,0,경기76아4650,3,30,233000125,277103220,63,20221023-153403
0,0,경기76아4652,3,34,233000125,233000729,17,20221023-153403
0,0,경기76아4649,3,33,233000125,233002159,94,20221023-153403
0,0,경기76아4651,3,31,233000125,277103221,46,20221023-153403
0,0,경기76아4652,3,34,233000125,233000729,17,20221023-153418
0,0,경기76아4650,3,30,233000125,277103220,63,20221023-153418
0,0,경기76아4649,3,33,233000125,233002159,94,20221023-153418
0,0,경기76아4651,3,31,233000125,277103221,46,20221023-153418
0,0,경기76아4652,3,34,233000125,233000729,17,20221023-153433
0,0,경기76아4650,3,30,233000125,277103220,63,20221023-153433
0,0,경기76아4651,3,31,233000125,277103221,46,20221023-153433
0,0,경기76아4649,3,33,233000125,233002159,94,20221023-153433
0,0,경기76아4652,3,34,233000125,233000729,17,20221023-153448
0,0,경기76아4650,3,30,233000125,277103220,63,20221023-153448
0,0,경기76아4649,3,33,233000125,233001828,95,20221023-153448
0,0,경기76아4651,3,31,233000125,277103221,46,20221023-153448
0,0,경기76아4652,3,34,233000125,233000729,17,20221023-153503
0,0,경기76아4650,3,30,233000125,277103220,63,20221023-153503
0,0,경기76아4649,3,33,233000125,233001828,95,20221023-153503
0,0,경기76아4651,3,31,233000125,277103221,46,20221023-153503
0,0,경기76아4652,3,34,233000125,233000729,17,20221023-153518
0,0,경기76아4650,3,30,233000125,226000038,64,20221023-153518
0,0,경기76아4651,3,31,233000125,277103221,46,20221023-153518
0,0,경기76아4649,3,36,233000125,233001828,95,20221023-153518
0,0,경기76아4652,3,34,233000125,233000729,17,20221023-153533
0,0,경기76아4650,3,30,233000125,226000038,64,20221023-153533
0,0,경기76아4651,3,31,233000125,277103221,46,20221023-153533
0,0,경기76아4649,3,36,233000125,233001828,95,20221023-153533
0,0,경기76아4652,3,34,233000125,233000729,17,20221023-153548
0,0,경기76아4650,3,-1,233000125,226000038,64,20221023-153548
0,0,경기76아4651,3,31,233000125,277103221,46,20221023-153548
0,0,경기76아4649,3,36,233000125,233001828,95,20221023-153548
0,0,경기76아4652,3,34,233000125,233000729,17,20221023-153602
0,0,경기76아4650,3,26,233000125,226000038,64,20221023-153602
0,0,경기76아4651,3,31,233000125,277103221,46,20221023-153602
0,0,경기76아4649,3,36,233000125,233001828,95,20221023-153602
0,0,경기76아4650,3,26,233000125,226000038,64,20221023-153617
0,0,경기76아4652,3,34,233000125,233000729,17,20221023-153617
0,0,경기76아4649,3,36,233000125,233001828,95,20221023-153617
0,0,경기76아4651,3,31,233000125,277103159,47,20221023-153617
0,0,경기76아4652,3,34,233000125,233000728,18,20221023-153632
0,0,경기76아4650,3,26,233000125,226000038,64,20221023-153632
0,0,경기76아4649,3,36,233000125,233001828,95,20221023-153632
0,0,경기76아4651,3,31,233000125,277103159,47,20221023-153632
0,0,경기76아4652,3,34,233000125,233000728,18,20221023-153647
0,0,경기76아4650,3,26,233000125,226000038,64,20221023-153647
0,0,경기76아4649,3,36,233000125,233001828,95,20221023-153647
0,0,경기76아4651,3,31,233000125,277103159,47,20221023-153647
0,0,경기76아4650,3,26,233000125,226000038,64,20221023-153704
0,0,경기76아4652,3,33,233000125,233000728,18,20221023-153704
0,0,경기76아4649,3,36,233000125,233001828,95,20221023-153704
0,0,경기76아4651,3,31,233000125,277103159,47,20221023-153704
0,0,경기76아4652,3,33,233000125,233000728,18,20221023-153719
0,0,경기76아4650,3,26,233000125,226000038,64,20221023-153719
0,0,경기76아4651,3,31,233000125,277103159,47,20221023-153719
0,0,경기76아4649,3,36,233000125,233001435,96,20221023-153719
0,0,경기76아4652,3,33,233000125,233000728,18,20221023-153734
0,0,경기76아4650,3,26,233000125,277103314,65,20221023-153734
0,0,경기76아4649,3,37,233000125,233001435,96,20221023-153734
0,0,경기76아4651,3,31,233000125,277103200,48,20221023-153734
0,0,경기76아4652,3,33,233000125,233000728,18,20221023-153749
0,0,경기76아4650,3,26,233000125,277103314,65,20221023-153749
0,0,경기76아4649,3,37,233000125,233001435,96,20221023-153749
0,0,경기76아4651,3,31,233000125,277103200,48,20221023-153749
0,0,경기76아4652,3,33,233000125,233000728,18,20221023-153804
0,0,경기76아4650,3,26,233000125,277103314,65,20221023-153804
0,0,경기76아4651,3,31,233000125,277103200,48,20221023-153804
0,0,경기76아4649,3,37,233000125,233000208,97,20221023-153804
0,0,경기76아4652,3,33,233000125,233000728,18,20221023-153819
0,0,경기76아4650,3,26,233000125,277103314,65,20221023-153819
0,0,경기76아4651,3,31,233000125,277103200,48,20221023-153819
0,0,경기76아4649,3,37,233000125,233001043,98,20221023-153819
0,0,경기76아4652,3,33,233000125,233000728,18,20221023-153834
0,0,경기76아4650,3,26,233000125,277103314,65,20221023-153834
0,0,경기76아4651,3,31,233000125,277103200,48,20221023-153834
0,0,경기76아4649,3,37,233000125,233001043,98,20221023-153834
0,0,경기76아4652,3,33,233000125,233000728,18,20221023-153849
0,0,경기76아4650,3,26,233000125,277103314,65,20221023-153849
0,0,경기76아4651,3,31,233000125,277103200,48,20221023-153849
0,0,경기76아4649,3,39,233000125,233001043,98,20221023-153849
0,0,경기76아4652,3,33,233000125,233000728,18,20221023-153904
0,0,경기76아4650,3,26,233000125,277103314,65,20221023-153904
0,0,경기76아4651,3,31,233000125,277103200,48,20221023-153904
0,0,경기76아4649,3,39,233000125,233001043,98,20221023-153904
0,0,경기76아4650,3,26,233000125,277103314,65,20221023-153919
0,0,경기76아4652,3,33,233000125,233000728,18,20221023-153919
0,0,경기76아4649,3,39,233000125,233001043,98,20221023-153919
0,0,경기76아4651,3,31,233000125,277103200,48,20221023-153919
0,0,경기76아4650,3,26,233000125,277103314,65,20221023-153934
0,0,경기76아4652,3,33,233000125,233001404,19,20221023-153934
0,0,경기76아4649,3,39,233000125,233001043,98,20221023-153934
0,0,경기76아4651,3,31,233000125,277103200,48,20221023-153934
0,0,경기76아4652,3,33,233000125,233000727,20,20221023-153949
0,0,경기76아4650,3,26,233000125,277103314,65,20221023-153949
0,0,경기76아4649,3,39,233000125,233001043,98,20221023-153949
0,0,경기76아4651,3,31,233000125,277103203,49,20221023-153949
0,0,경기76아4650,3,26,233000125,277103314,65,20221023-154003
0,0,경기76아4652,3,33,233000125,233000727,20,20221023-154003
0,0,경기76아4649,3,39,233000125,233001043,98,20221023-154003
0,0,경기76아4651,3,31,233000125,277103203,49,20221023-154003
0,0,경기76아4650,3,26,233000125,277103316,66,20221023-154018
0,0,경기76아4652,3,33,233000125,233000727,20,20221023-154018
0,0,경기76아4649,3,39,233000125,233001043,98,20221023-154018
0,0,경기76아4651,3,31,233000125,277103203,49,20221023-154018
0,0,경기76아4650,3,26,233000125,277103316,66,20221023-154033
0,0,경기76아4652,3,33,233000125,233000727,20,20221023-154033
0,0,경기76아4649,3,39,233000125,233001043,98,20221023-154033
0,0,경기76아4651,3,31,233000125,277103203,49,20221023-154033
0,0,경기76아4650,3,26,233000125,277103316,66,20221023-154048
0,0,경기76아4652,3,33,233000125,233000726,21,20221023-154048
0,0,경기76아4651,3,31,233000125,277103203,49,20221023-154048
0,0,경기76아4649,3,44,233000125,233002130,99,20221023-154048
0,0,경기76아4650,3,26,233000125,277103316,66,20221023-154103
0,0,경기76아4652,3,33,233000125,233000726,21,20221023-154103
0,0,경기76아4651,3,31,233000125,277103203,49,20221023-154103
0,0,경기76아4649,3,44,233000125,233001042,100,20221023-154103
0,0,경기76아4652,3,33,233000125,233000726,21,20221023-154118
0,0,경기76아4650,3,26,233000125,277103527,67,20221023-154118
0,0,경기76아4649,3,44,233000125,233001042,100,20221023-154118
0,0,경기76아4651,3,31,233000125,277103203,49,20221023-154118
0,0,경기76아4652,3,33,233000125,233000726,21,20221023-154133
0,0,경기76아4650,3,26,233000125,277103527,67,20221023-154133
0,0,경기76아4649,3,44,233000125,233001042,100,20221023-154133
0,0,경기76아4651,3,31,233000125,277103203,49,20221023-154133
0,0,경기76아4652,3,33,233000125,233000726,21,20221023-154148
0,0,경기76아4650,3,26,233000125,277103527,67,20221023-154148
0,0,경기76아4649,3,44,233000125,233002296,101,20221023-154148
0,0,경기76아4651,3,31,233000125,277103205,50,20221023-154148
0,0,경기76아4650,3,26,233000125,277103527,67,20221023-154203
0,0,경기76아4652,3,33,233000125,233000726,21,20221023-154203
0,0,경기76아4651,3,31,233000125,277103205,50,20221023-154203
0,0,경기76아4649,3,44,233000125,233000207,102,20221023-154203
0,0,경기76아4650,3,26,233000125,277103527,67,20221023-154218
0,0,경기76아4652,3,33,233000125,233000726,21,20221023-154218
0,0,경기76아4651,3,31,233000125,277103205,50,20221023-154218
0,0,경기76아4649,3,44,233000125,233000207,102,20221023-154218
0,0,경기76아4652,3,33,233000125,233000725,22,20221023-154233
0,0,경기76아4650,3,26,233000125,277103527,67,20221023-154233
0,0,경기76아4651,3,31,233000125,277103205,50,20221023-154233
0,0,경기76아4649,3,44,233000125,233002216,103,20221023-154233
0,0,경기76아4650,3,26,233000125,277103527,67,20221023-154248
0,0,경기76아4652,3,33,233000125,233002118,23,20221023-154248
0,0,경기76아4651,3,31,233000125,277103205,50,20221023-154248
0,0,경기76아4649,3,44,233000125,233002216,103,20221023-154248
0,0,경기76아4650,3,26,233000125,277103527,67,20221023-154303
0,0,경기76아4652,3,33,233000125,233002118,23,20221023-154303
0,0,경기76아4651,3,31,233000125,277103205,50,20221023-154303
0,0,경기76아4649,3,44,233000125,233002216,103,20221023-154303
0,0,경기76아4650,3,26,233000125,277103527,67,20221023-154318
0,0,경기76아4652,3,33,233000125,233002118,23,20221023-154318
0,0,경기76아4651,3,31,233000125,277103205,50,20221023-154318
0,0,경기76아4649,3,44,233000125,233002223,104,20221023-154318
0,0,경기76아4650,3,26,233000125,277103527,67,20221023-154333
0,0,경기76아4652,3,33,233000125,233002118,23,20221023-154333
0,0,경기76아4651,3,31,233000125,277103205,50,20221023-154333
0,0,경기76아4649,3,44,233000125,233002223,104,20221023-154333
0,0,경기76아4652,3,33,233000125,233002118,23,20221023-154348
0,0,경기76아4650,3,26,233000125,277103519,68,20221023-154348
0,0,경기76아4651,3,31,233000125,277103205,50,20221023-154348
0,0,경기76아4649,3,44,233000125,233002223,104,20221023-154348
0,0,경기76아4650,3,26,233000125,277103519,68,20221023-154402
0,0,경기76아4652,3,33,233000125,233002118,23,20221023-154402
0,0,경기76아4651,3,31,233000125,277103205,50,20221023-154402
0,0,경기76아4649,3,45,233000125,233002223,104,20221023-154402
0,0,경기76아4650,3,26,233000125,277103519,68,20221023-154417
0,0,경기76아4652,3,33,233000125,233000724,24,20221023-154417
0,0,경기76아4651,3,31,233000125,277103205,50,20221023-154417
0,0,경기76아4649,3,45,233000125,233002223,104,20221023-154417
0,0,경기76아4650,3,26,233000125,277103519,68,20221023-154432
0,0,경기76아4652,3,33,233000125,233000723,25,20221023-154432
0,0,경기76아4651,3,31,233000125,277103205,50,20221023-154432
0,0,경기76아4649,3,45,233000125,233002214,105,20221023-154432
0,0,경기76아4652,3,33,233000125,233000723,25,20221023-154447
0,0,경기76아4650,3,26,233000125,277103519,68,20221023-154447
0,0,경기76아4649,3,45,233000125,233002214,105,20221023-154447
0,0,경기76아4651,3,31,233000125,277103903,51,20221023-154447
0,0,경기76아4650,3,26,233000125,277103519,68,20221023-154504
0,0,경기76아4652,3,33,233000125,233000722,26,20221023-154504
0,0,경기76아4649,3,45,233000125,233002214,105,20221023-154504
0,0,경기76아4651,3,31,233000125,277103903,51,20221023-154504
0,0,경기76아4650,3,26,233000125,277103519,68,20221023-154519
0,0,경기76아4652,3,33,233000125,233000722,26,20221023-154519
0,0,경기76아4649,3,45,233000125,233002214,105,20221023-154519
0,0,경기76아4651,3,31,233000125,120000671,52,20221023-154519
0,0,경기76아4652,3,33,233000125,233000722,26,20221023-154534
0,0,경기76아4650,3,26,233000125,233000781,69,20221023-154534
0,0,경기76아4649,3,45,233000125,233002214,105,20221023-154534
0,0,경기76아4651,3,31,233000125,120000671,52,20221023-154534
0,0,경기76아4650,3,26,233000125,233000781,69,20221023-154549
0,0,경기76아4652,3,33,233000125,233000722,26,20221023-154549
0,0,경기76아4649,3,45,233000125,233002214,105,20221023-154549
0,0,경기76아4651,3,31,233000125,120000671,52,20221023-154549
0,0,경기76아4650,3,-1,233000125,233000781,69,20221023-154604
0,0,경기76아4652,3,33,233000125,233000721,27,20221023-154604
0,0,경기76아4649,3,45,233000125,233002214,105,20221023-154604
0,0,경기76아4651,3,31,233000125,120000671,52,20221023-154604
0,0,경기76아4650,3,-1,233000125,233000781,69,20221023-154619
0,0,경기76아4652,3,33,233000125,233000721,27,20221023-154619
0,0,경기76아4649,3,45,233000125,233002214,105,20221023-154619
0,0,경기76아4651,3,31,233000125,277103902,53,20221023-154619
0,0,경기76아4650,3,-1,233000125,233000781,69,20221023-154634
0,0,경기76아4652,3,33,233000125,233000721,27,20221023-154634
0,0,경기76아4649,3,45,233000125,233002214,105,20221023-154634
0,0,경기76아4651,3,31,233000125,277103902,53,20221023-154634
0,0,경기76아4652,3,33,233000125,233000721,27,20221023-154649
0,0,경기76아4650,3,27,233000125,233000781,69,20221023-154649
0,0,경기76아4649,3,45,233000125,233002214,105,20221023-154649
0,0,경기76아4651,3,31,233000125,277103902,53,20221023-154649
0,0,경기76아4652,3,33,233000125,233000721,27,20221023-154704
0,0,경기76아4650,3,27,233000125,233000849,70,20221023-154704
0,0,경기76아4649,3,45,233000125,233002214,105,20221023-154704
0,0,경기76아4651,3,31,233000125,277103902,53,20221023-154704
0,0,경기76아4652,3,33,233000125,233000721,27,20221023-154719
0,0,경기76아4650,3,27,233000125,233000849,70,20221023-154719
0,0,경기76아4649,3,45,233000125,233002214,105,20221023-154719
0,0,경기76아4651,3,32,233000125,121001315,54,20221023-154719
0,0,경기76아4650,3,27,233000125,233000848,71,20221023-154734
0,0,경기76아4652,3,33,233000125,233000721,27,20221023-154734
0,0,경기76아4649,3,45,233000125,233002214,105,20221023-154734
0,0,경기76아4651,3,32,233000125,121001315,54,20221023-154734
0,0,경기76아4650,3,27,233000125,233000848,71,20221023-154749
0,0,경기76아4652,3,33,233000125,233000721,27,20221023-154749
0,0,경기76아4649,3,45,233000125,233002214,105,20221023-154749
0,0,경기76아4651,3,32,233000125,121001315,54,20221023-154749
0,0,경기76아4650,3,27,233000125,233000848,71,20221023-154803
0,0,경기76아4652,3,33,233000125,233000720,28,20221023-154803
0,0,경기76아4649,3,45,233000125,233002214,105,20221023-154803
0,0,경기76아4651,3,32,233000125,121001315,54,20221023-154803
0,0,경기76아4652,3,33,233000125,233000720,28,20221023-154818
0,0,경기76아4650,3,27,233000125,233000847,72,20221023-154818
0,0,경기76아4649,3,45,233000125,233002214,105,20221023-154818
0,0,경기76아4651,3,45,233000125,121001315,54,20221023-154818
0,0,경기76아4650,3,27,233000125,233000847,72,20221023-154833
0,0,경기76아4652,3,-1,233000125,233000720,28,20221023-154833
0,0,경기76아4649,3,45,233000125,233002214,105,20221023-154833
0,0,경기76아4651,3,45,233000125,121001315,54,20221023-154833
0,0,경기76아4652,3,-1,233000125,233000720,28,20221023-154848
0,0,경기76아4650,3,27,233000125,233002174,73,20221023-154848
0,0,경기76아4649,3,45,233000125,233002214,105,20221023-154848
0,0,경기76아4651,3,45,233000125,121001315,54,20221023-154848
0,0,경기76아4652,3,33,233000125,233000720,28,20221023-154903
0,0,경기76아4650,3,27,233000125,233002174,73,20221023-154903
0,0,경기76아4649,3,45,233000125,233002214,105,20221023-154903
0,0,경기76아4651,3,45,233000125,121001315,54,20221023-154903
0,0,경기76아4652,3,33,233000125,233000720,28,20221023-154918
0,0,경기76아4650,3,27,233000125,233000055,74,20221023-154918
0,0,경기76아4649,3,45,233000125,233002214,105,20221023-154918
0,0,경기76아4651,3,45,233000125,121001315,54,20221023-154918
0,0,경기76아4650,3,27,233000125,233000055,74,20221023-154933
0,0,경기76아4652,3,33,233000125,233000719,29,20221023-154933
0,0,경기76아4651,3,45,233000125,121001315,54,20221023-154933
0,0,경기76아4649,3,45,233000125,233002214,105,20221023-154933
0,0,경기76아4652,3,33,233000125,233000719,29,20221023-154948
0,0,경기76아4650,3,29,233000125,233000055,74,20221023-154948
0,0,경기76아4651,3,45,233000125,121001315,54,20221023-154948
0,0,경기76아4649,3,45,233000125,233002214,105,20221023-154948
0,0,경기76아4650,3,29,233000125,233000846,75,20221023-155006
0,0,경기76아4652,3,33,233000125,233000718,30,20221023-155006
0,0,경기76아4649,3,45,233000125,233002214,105,20221023-155006
0,0,경기76아4651,3,45,233000125,277101688,55,20221023-155006
0,0,경기76아4652,3,33,233000125,233000718,30,20221023-155018
0,0,경기76아4650,3,29,233000125,233000845,76,20221023-155018
0,0,경기76아4649,3,45,233000125,233002214,105,20221023-155018
0,0,경기76아4651,3,45,233000125,277101688,55,20221023-155018
0,0,경기76아4652,3,33,233000125,233000718,30,20221023-155033
0,0,경기76아4650,3,29,233000125,233000845,76,20221023-155033
0,0,경기76아4649,3,45,233000125,233002214,105,20221023-155033
0,0,경기76아4651,3,45,233000125,277101688,55,20221023-155033
0,0,경기76아4652,3,33,233000125,233000718,30,20221023-155048
0,0,경기76아4650,3,29,233000125,233002150,77,20221023-155048
0,0,경기76아4649,3,45,233000125,233002214,105,20221023-155048
0,0,경기76아4651,3,45,233000125,277101688,55,20221023-155048
0,0,경기76아4650,3,29,233000125,233002150,77,20221023-155103
0,0,경기76아4652,3,33,233000125,233000718,30,20221023-155103
0,0,경기76아4651,3,45,233000125,277101688,55,20221023-155103
0,0,경기76아4652,3,33,233000125,233000842,31,20221023-155118
0,0,경기76아1122,3,48,233000125,233002226,1,20221023-155118
0,0,경기76아4650,3,29,233000125,233002150,77,20221023-155118
0,0,경기76아4651,3,45,233000125,277101688,55,20221023-155118
0,0,경기76아4652,3,33,233000125,233000842,31,20221023-155133
0,0,경기76아1122,3,48,233000125,233002226,1,20221023-155133
0,0,경기76아4650,3,29,233000125,233000844,78,20221023-155133
0,0,경기76아4651,3,45,233000125,277101688,55,20221023-155133
0,0,경기76아4650,3,29,233000125,233000844,78,20221023-155148
0,0,경기76아4652,3,36,233000125,233000842,31,20221023-155148
0,0,경기76아1122,3,48,233000125,233002226,1,20221023-155148
0,0,경기76아4651,3,45,233000125,277101688,55,20221023-155148
0,0,경기76아4652,3,36,233000125,233000842,31,20221023-155202
0,0,경기76아4650,3,27,233000125,233000844,78,20221023-155202
0,0,경기76아1122,3,48,233000125,277102459,2,20221023-155202
0,0,경기76아4651,3,45,233000125,277101688,55,20221023-155202
0,0,경기76아4652,3,36,233000125,233000842,31,20221023-155217
0,0,경기76아1122,3,48,233000125,277102459,2,20221023-155217
0,0,경기76아4650,3,27,233000125,233000844,78,20221023-155217
0,0,경기76아4651,3,45,233000125,277101688,55,20221023-155217
0,0,경기76아1122,3,48,233000125,277102459,2,20221023-155232
0,0,경기76아4650,3,27,233000125,233000844,78,20221023-155232
0,0,경기76아4652,3,36,233000125,233002149,32,20221023-155232
0,0,경기76아4651,3,45,233000125,277101688,55,20221023-155232
0,0,경기76아4652,3,36,233000125,233002149,32,20221023-155248
0,0,경기76아1122,3,48,233000125,277102459,2,20221023-155248
0,0,경기76아4650,3,27,233000125,233000843,79,20221023-155248
0,0,경기76아4651,3,45,233000125,277101688,55,20221023-155248
0,0,경기76아4652,3,36,233000125,233002149,32,20221023-155305
0,0,경기76아1122,3,48,233000125,277102459,2,20221023-155305
0,0,경기76아4650,3,27,233000125,233000843,79,20221023-155305
0,0,경기76아4651,3,45,233000125,119900083,56,20221023-155305
0,0,경기76아4652,3,36,233000125,233000717,33,20221023-155319
0,0,경기76아1122,3,48,233000125,233002221,3,20221023-155319
0,0,경기76아4650,3,27,233000125,233000780,80,20221023-155319
0,0,경기76아4651,3,45,233000125,119900083,56,20221023-155319
0,0,경기76아1122,3,48,233000125,233002221,3,20221023-155334
0,0,경기76아4650,3,27,233000125,233000780,80,20221023-155334
0,0,경기76아4652,3,36,233000125,233000716,34,20221023-155334
0,0,경기76아4651,3,45,233000125,119900083,56,20221023-155334
0,0,경기76아4650,3,27,233000125,233000780,80,20221023-155349
0,0,경기76아1122,3,48,233000125,233002221,3,20221023-155349
0,0,경기76아4652,3,36,233000125,233000059,35,20221023-155349
0,0,경기76아4651,3,45,233000125,119900083,56,20221023-155349
0,0,경기76아4650,3,27,233000125,233000780,80,20221023-155404
0,0,경기76아1122,3,48,233000125,233002221,3,20221023-155404
0,0,경기76아4652,3,36,233000125,233000059,35,20221023-155404
0,0,경기76아4651,3,45,233000125,119900083,56,20221023-155404
0,0,경기76아1122,3,48,233000125,233002221,3,20221023-155419
0,0,경기76아4652,3,36,233000125,233000059,35,20221023-155419
0,0,경기76아4650,3,27,233000125,233000780,80,20221023-155419
0,0,경기76아4651,3,45,233000125,119900083,56,20221023-155419
0,0,경기76아4652,3,36,233000125,233000059,35,20221023-155434
0,0,경기76아4650,3,27,233000125,233000779,81,20221023-155434
0,0,경기76아1122,3,48,233000125,233002224,4,20221023-155434
0,0,경기76아4651,3,45,233000125,119900083,56,20221023-155434
0,0,경기76아4650,3,27,233000125,233000779,81,20221023-155449
0,0,경기76아1122,3,48,233000125,233002224,4,20221023-155449
0,0,경기76아4652,3,36,233000125,233000891,36,20221023-155449
0,0,경기76아4651,3,45,233000125,119900083,56,20221023-155449
0,0,경기76아4650,3,27,233000125,233000779,81,20221023-155504
0,0,경기76아1122,3,48,233000125,233002224,4,20221023-155504
0,0,경기76아4652,3,36,233000125,233000891,36,20221023-155504
0,0,경기76아4651,3,45,233000125,119900083,56,20221023-155504
0,0,경기76아4650,3,27,233000125,233000779,81,20221023-155519
0,0,경기76아4652,3,36,233000125,233000891,36,20221023-155519
0,0,경기76아1122,3,48,233000125,233002225,5,20221023-155519
0,0,경기76아4651,3,45,233000125,119900083,56,20221023-155519
0,0,경기76아4650,3,27,233000125,233000779,81,20221023-155534
0,0,경기76아1122,3,48,233000125,233002225,5,20221023-155534
0,0,경기76아4652,3,36,233000125,233000715,37,20221023-155534
0,0,경기76아4651,3,45,233000125,119900083,56,20221023-155534
0,0,경기76아4650,3,27,233000125,233000779,81,20221023-155549
0,0,경기76아4652,3,36,233000125,233000715,37,20221023-155549
0,0,경기76아1122,3,48,233000125,233002225,5,20221023-155549
0,0,경기76아4651,3,45,233000125,119900083,56,20221023-155549
0,0,경기76아4650,3,27,233000125,233000779,81,20221023-155605
0,0,경기76아4652,3,36,233000125,233000715,37,20221023-155605
0,0,경기76아1122,3,48,233000125,233002225,5,20221023-155605
0,0,경기76아4651,3,45,233000125,119900083,56,20221023-155605
0,0,경기76아4650,3,27,233000125,233000779,81,20221023-155619
0,0,경기76아4652,3,36,233000125,233000715,37,20221023-155619
0,0,경기76아1122,3,48,233000125,233002225,5,20221023-155619
0,0,경기76아4651,3,45,233000125,119900083,56,20221023-155619
0,0,경기76아4650,3,27,233000125,233000779,81,20221023-155634
0,0,경기76아1122,3,48,233000125,233002295,6,20221023-155634
0,0,경기76아4652,3,36,233000125,233000714,38,20221023-155634
0,0,경기76아4651,3,45,233000125,119900083,56,20221023-155634
0,0,경기76아4650,3,27,233000125,233000779,81,20221023-155649
0,0,경기76아1122,3,48,233000125,233002295,6,20221023-155649
0,0,경기76아4652,3,36,233000125,233000713,39,20221023-155649
0,0,경기76아4651,3,45,233000125,119900083,56,20221023-155649
0,0,경기76아4650,3,27,233000125,233000779,81,20221023-155703
0,0,경기76아1122,3,48,233000125,233002295,6,20221023-155703
0,0,경기76아4652,3,36,233000125,233000713,39,20221023-155703
0,0,경기76아4651,3,18,233000125,119900083,56,20221023-155703
0,0,경기76아1122,3,48,233000125,233002295,6,20221023-155718
0,0,경기76아4652,3,36,233000125,233000713,39,20221023-155718
0,0,경기76아4650,3,27,233000125,233000779,81,20221023-155718
0,0,경기76아4651,3,18,233000125,119900083,56,20221023-155718
0,0,경기76아1122,3,48,233000125,233002295,6,20221023-155733
0,0,경기76아4650,3,27,233000125,233000779,81,20221023-155733
0,0,경기76아4652,3,36,233000125,233000713,39,20221023-155733
0,0,경기76아4651,3,18,233000125,119900083,56,20221023-155733
0,0,경기76아1122,3,48,233000125,233002295,6,20221023-155748
0,0,경기76아4650,3,27,233000125,233000779,81,20221023-155748
0,0,경기76아4652,3,36,233000125,233000713,39,20221023-155748
0,0,경기76아4651,3,18,233000125,119900083,56,20221023-155748
0,0,경기76아1122,3,48,233000125,233002295,6,20221023-155803
0,0,경기76아4652,3,36,233000125,233000713,39,20221023-155803
0,0,경기76아4650,3,27,233000125,233000779,81,20221023-155803
0,0,경기76아4651,3,18,233000125,119900083,56,20221023-155803
0,0,경기76아1122,3,48,233000125,233002295,6,20221023-155818
0,0,경기76아4650,3,27,233000125,233000779,81,20221023-155818
0,0,경기76아4652,3,36,233000125,233000712,40,20221023-155818
0,0,경기76아4651,3,18,233000125,119900083,56,20221023-155818
0,0,경기76아1122,3,48,233000125,233002295,6,20221023-155833
0,0,경기76아4650,3,27,233000125,233000779,81,20221023-155833
0,0,경기76아4652,3,36,233000125,233000712,40,20221023-155833
0,0,경기76아4651,3,18,233000125,119900083,56,20221023-155833
0,0,경기76아1122,3,48,233000125,233002295,6,20221023-155848
0,0,경기76아4652,3,36,233000125,233000712,40,20221023-155848
0,0,경기76아4650,3,27,233000125,233000778,82,20221023-155848
0,0,경기76아4651,3,18,233000125,119900083,56,20221023-155848
0,0,경기76아1122,3,48,233000125,233002295,6,20221023-155903
0,0,경기76아4652,3,36,233000125,233000712,40,20221023-155903
0,0,경기76아4650,3,27,233000125,233000778,82,20221023-155903
0,0,경기76아4651,3,18,233000125,119900083,56,20221023-155903
0,0,경기76아4652,3,36,233000125,233000712,40,20221023-155918
0,0,경기76아4650,3,27,233000125,233000778,82,20221023-155918
0,0,경기76아1122,3,48,233000125,233001041,7,20221023-155918
0,0,경기76아4651,3,18,233000125,119900083,56,20221023-155918
0,0,경기76아4652,3,36,233000125,233000712,40,20221023-155933
0,0,경기76아4650,3,27,233000125,233000778,82,20221023-155933
0,0,경기76아1122,3,48,233000125,233001041,7,20221023-155933
0,0,경기76아4651,3,18,233000125,119900083,56,20221023-155933
0,0,경기76아4652,3,36,233000125,233000712,40,20221023-155948
0,0,경기76아4650,3,27,233000125,233000778,82,20221023-155948
0,0,경기76아1122,3,48,233000125,233002131,8,20221023-155948
0,0,경기76아4651,3,18,233000125,119900083,56,20221023-155948
0,0,경기76아4652,3,36,233000125,233000712,40,20221023-160002
0,0,경기76아1122,3,48,233000125,233002131,8,20221023-160002
0,0,경기76아4650,3,27,233000125,233000777,83,20221023-160002
0,0,경기76아4651,3,18,233000125,119900083,56,20221023-160002
0,0,경기76아4652,3,36,233000125,233000712,40,20221023-160017
0,0,경기76아4650,3,27,233000125,233000777,83,20221023-160017
0,0,경기76아1122,3,48,233000125,233002131,8,20221023-160017
0,0,경기76아4651,3,18,233000125,119900083,56,20221023-160017
0,0,경기76아4652,3,36,233000125,233000712,40,20221023-160033
0,0,경기76아1122,3,48,233000125,233002131,8,20221023-160033
0,0,경기76아4650,3,26,233000125,233000777,83,20221023-160033
0,0,경기76아4651,3,18,233000125,277102049,57,20221023-160033
0,0,경기76아1122,3,48,233000125,233000148,9,20221023-160047
0,0,경기76아4650,3,26,233000125,233000776,84,20221023-160047
0,0,경기76아4652,3,36,233000125,233000712,40,20221023-160047
0,0,경기76아4651,3,18,233000125,277102049,57,20221023-160047
0,0,경기76아4652,3,36,233000125,233000712,40,20221023-160102
0,0,경기76아1122,3,47,233000125,233000148,9,20221023-160102
0,0,경기76아4650,3,26,233000125,233000774,85,20221023-160102
0,0,경기76아4651,3,18,233000125,277102049,57,20221023-160102
0,0,경기76아4652,3,36,233000125,233000712,40,20221023-160117
0,0,경기76아1122,3,47,233000125,233000148,9,20221023-160117
0,0,경기76아4650,3,26,233000125,233000774,85,20221023-160117
0,0,경기76아4651,3,18,233000125,277102049,57,20221023-160117
0,0,경기76아4652,3,36,233000125,233000712,40,20221023-160132
0,0,경기76아1122,3,47,233000125,233000148,9,20221023-160132
0,0,경기76아4650,3,26,233000125,233000774,85,20221023-160132
0,0,경기76아4651,3,18,233000125,277102049,57,20221023-160132
0,0,경기76아4650,3,26,233000125,233000774,85,20221023-160147
0,0,경기76아1122,3,47,233000125,233000191,10,20221023-160147
0,0,경기76아4652,3,36,233000125,233000712,40,20221023-160147
0,0,경기76아4651,3,18,233000125,277102049,57,20221023-160147
0,0,경기76아4652,3,36,233000125,233000712,40,20221023-160204
0,0,경기76아1122,3,47,233000125,233000191,10,20221023-160204
0,0,경기76아4650,3,26,233000125,233000774,85,20221023-160204
0,0,경기76아4651,3,18,233000125,277102049,57,20221023-160204
0,0,경기76아4652,3,36,233000125,233000712,40,20221023-160219
0,0,경기76아1122,3,47,233000125,233000190,11,20221023-160219
0,0,경기76아4650,3,26,233000125,233000773,86,20221023-160219
0,0,경기76아4651,3,18,233000125,277102049,57,20221023-160219
0,0,경기76아4652,3,36,233000125,233000712,40,20221023-160234
0,0,경기76아1122,3,47,233000125,233000190,11,20221023-160234
0,0,경기76아4650,3,26,233000125,233003082,87,20221023-160234
0,0,경기76아4651,3,18,233000125,277102049,57,20221023-160234
0,0,경기76아4650,3,26,233000125,233003082,87,20221023-160249
0,0,경기76아1122,3,47,233000125,233000189,12,20221023-160249
0,0,경기76아4652,3,36,233000125,233000712,40,20221023-160249
0,0,경기76아4651,3,18,233000125,277102049,57,20221023-160249
0,0,경기76아1122,3,47,233000125,233000189,12,20221023-160304
0,0,경기76아4652,3,36,233000125,233000712,40,20221023-160304
0,0,경기76아4650,3,26,233000125,233003082,87,20221023-160304
0,0,경기76아4651,3,18,233000125,277102291,58,20221023-160304
0,0,경기76아4650,3,26,233000125,233003082,87,20221023-160319
0,0,경기76아4652,3,36,233000125,277103520,41,20221023-160319
0,0,경기76아1122,3,-1,233000125,233001943,13,20221023-160319
0,0,경기76아4651,3,18,233000125,277102291,58,20221023-160319
0,0,경기76아4650,3,26,233000125,233003082,87,20221023-160334
0,0,경기76아4652,3,36,233000125,277103520,41,20221023-160334
0,0,경기76아1122,3,47,233000125,233000188,14,20221023-160334
0,0,경기76아4651,3,18,233000125,277102291,58,20221023-160334
0,0,경기76아4650,3,26,233000125,233003082,87,20221023-160349
0,0,경기76아4652,3,36,233000125,277103520,41,20221023-160349
0,0,경기76아1122,3,-1,233000125,233000188,14,20221023-160349
0,0,경기76아4651,3,18,233000125,277102291,58,20221023-160349
0,0,경기76아4650,3,26,233000125,233003082,87,20221023-160404
0,0,경기76아4652,3,36,233000125,277103520,41,20221023-160404
0,0,경기76아1122,3,-1,233000125,233000188,14,20221023-160404
0,0,경기76아4651,3,18,233000125,277102291,58,20221023-160404
0,0,경기76아4650,3,26,233000125,233003082,87,20221023-160419
0,0,경기76아4652,3,36,233000125,277103520,41,20221023-160419
0,0,경기76아1122,3,-1,233000125,233000188,14,20221023-160419
0,0,경기76아4651,3,18,233000125,277102291,58,20221023-160419
0,0,경기76아4650,3,26,233000125,233003082,87,20221023-160434
0,0,경기76아4652,3,36,233000125,277103520,41,20221023-160434
0,0,경기76아1122,3,-1,233000125,233000188,14,20221023-160434
0,0,경기76아4651,3,18,233000125,277102291,58,20221023-160434
0,0,경기76아4650,3,26,233000125,233003082,87,20221023-160449
0,0,경기76아1122,3,-1,233000125,233000188,14,20221023-160449
0,0,경기76아4652,3,36,233000125,277103520,41,20221023-160449
0,0,경기76아4651,3,18,233000125,277102291,58,20221023-160449
0,0,경기76아1122,3,-1,233000125,233000188,14,20221023-160503
0,0,경기76아4652,3,36,233000125,277103520,41,20221023-160503
0,0,경기76아4650,3,26,233000125,233000772,88,20221023-160503
0,0,경기76아4651,3,18,233000125,277102291,58,20221023-160503
0,0,경기76아1122,3,-1,233000125,233000188,14,20221023-160518
0,0,경기76아4652,3,36,233000125,277103520,41,20221023-160518
0,0,경기76아4650,3,26,233000125,233000772,88,20221023-160518
0,0,경기76아4651,3,18,233000125,277102291,58,20221023-160518
0,0,경기76아4650,3,26,233000125,233000772,88,20221023-160533
0,0,경기76아4652,3,36,233000125,277103520,41,20221023-160533
0,0,경기76아1122,3,47,233000125,233000188,14,20221023-160533
0,0,경기76아4651,3,18,233000125,277103204,59,20221023-160533
0,0,경기76아4650,3,26,233000125,233000772,88,20221023-160548
0,0,경기76아4652,3,36,233000125,277103520,41,20221023-160548
0,0,경기76아1122,3,47,233000125,233001318,15,20221023-160548
0,0,경기76아4651,3,18,233000125,277103204,59,20221023-160548
0,0,경기76아1122,3,47,233000125,233001318,15,20221023-160603
0,0,경기76아4652,3,36,233000125,277103528,42,20221023-160603
0,0,경기76아4650,3,26,233000125,233000772,88,20221023-160603
0,0,경기76아4651,3,18,233000125,277103204,59,20221023-160603
0,0,경기76아4652,3,36,233000125,277103528,42,20221023-160618
0,0,경기76아1122,3,47,233000125,233001318,15,20221023-160618
0,0,경기76아4650,3,26,233000125,233000771,89,20221023-160618
0,0,경기76아4651,3,18,233000125,277103204,59,20221023-160618
0,0,경기76아4650,3,26,233000125,233000771,89,20221023-160633
0,0,경기76아1122,3,47,233000125,233001318,15,20221023-160633
0,0,경기76아4652,3,36,233000125,277103528,42,20221023-160633
0,0,경기76아4651,3,18,233000125,277103204,59,20221023-160633
0,0,경기76아4652,3,36,233000125,277103528,42,20221023-160648
0,0,경기76아1122,3,47,233000125,233000730,16,20221023-160648
0,0,경기76아4650,3,26,233000125,233000771,89,20221023-160648
0,0,경기76아4651,3,18,233000125,277103204,59,20221023-160648
0,0,경기76아4652,3,36,233000125,277103528,42,20221023-160703
0,0,경기76아1122,3,47,233000125,233000730,16,20221023-160703
0,0,경기76아4650,3,26,233000125,233000770,90,20221023-160703
0,0,경기76아4651,3,18,233000125,277103204,59,20221023-160703
0,0,경기76아4650,3,26,233000125,233000770,90,20221023-160718
0,0,경기76아1122,3,45,233000125,233000730,16,20221023-160718
0,0,경기76아4652,3,36,233000125,277103317,43,20221023-160718
0,0,경기76아4651,3,18,233000125,277103202,60,20221023-160718
0,0,경기76아4650,3,26,233000125,233000770,90,20221023-160733
0,0,경기76아1122,3,45,233000125,233000730,16,20221023-160733
0,0,경기76아4652,3,36,233000125,277103317,43,20221023-160733
0,0,경기76아4651,3,18,233000125,277103202,60,20221023-160733
0,0,경기76아4650,3,26,233000125,233000770,90,20221023-160748
0,0,경기76아4652,3,36,233000125,277103317,43,20221023-160748
0,0,경기76아1122,3,45,233000125,233000729,17,20221023-160748
0,0,경기76아4651,3,18,233000125,277103202,60,20221023-160748
0,0,경기76아4652,3,36,233000125,277103317,43,20221023-160802
0,0,경기76아1122,3,45,233000125,233000729,17,20221023-160802
0,0,경기76아4650,3,26,233000125,233000770,90,20221023-160802
0,0,경기76아4651,3,18,233000125,277103202,60,20221023-160802
0,0,경기76아4652,3,36,233000125,277103317,43,20221023-160817
0,0,경기76아1122,3,45,233000125,233000729,17,20221023-160817
0,0,경기76아4650,3,26,233000125,233000770,90,20221023-160817
0,0,경기76아4651,3,18,233000125,277103202,60,20221023-160817
0,0,경기76아4652,3,36,233000125,277103317,43,20221023-160832
0,0,경기76아1122,3,45,233000125,233000729,17,20221023-160832
0,0,경기76아4650,3,26,233000125,233000770,90,20221023-160832
0,0,경기76아4651,3,18,233000125,277103202,60,20221023-160832
0,0,경기76아4652,3,36,233000125,277103317,43,20221023-160847
0,0,경기76아1122,3,45,233000125,233000729,17,20221023-160847
0,0,경기76아4650,3,26,233000125,233000770,90,20221023-160847
0,0,경기76아4651,3,18,233000125,277103201,61,20221023-160847
0,0,경기76아4652,3,36,233000125,277103317,43,20221023-160904
0,0,경기76아1122,3,44,233000125,233000729,17,20221023-160904
0,0,경기76아4650,3,26,233000125,233000769,91,20221023-160904
0,0,경기76아4651,3,18,233000125,277103201,61,20221023-160904
0,0,경기76아4652,3,36,233000125,277103317,43,20221023-160919
0,0,경기76아4650,3,26,233000125,233000769,91,20221023-160919
0,0,경기76아1122,3,44,233000125,233000729,17,20221023-160919
0,0,경기76아4651,3,18,233000125,277103201,61,20221023-160919
0,0,경기76아4652,3,36,233000125,277103317,43,20221023-160934
0,0,경기76아1122,3,44,233000125,233000729,17,20221023-160934
0,0,경기76아4650,3,26,233000125,233000769,91,20221023-160934
0,0,경기76아4651,3,18,233000125,277103201,61,20221023-160934
0,0,경기76아1122,3,44,233000125,233000729,17,20221023-160949
0,0,경기76아4650,3,26,233000125,233000769,91,20221023-160949
0,0,경기76아4652,3,36,233000125,277103317,43,20221023-160949
0,0,경기76아4651,3,18,233000125,277103201,61,20221023-160949
0,0,경기76아1122,3,44,233000125,233000729,17,20221023-161006
0,0,경기76아4650,3,27,233000125,233000768,92,20221023-161006
0,0,경기76아4652,3,36,233000125,277103315,44,20221023-161006
0,0,경기76아4651,3,18,233000125,277103201,61,20221023-161006
0,0,경기76아1122,3,44,233000125,233000729,17,20221023-161019
0,0,경기76아4650,3,27,233000125,233000768,92,20221023-161019
0,0,경기76아4652,3,36,233000125,277103315,44,20221023-161019
0,0,경기76아4651,3,18,233000125,277103201,61,20221023-161019
0,0,경기76아1122,3,44,233000125,233000729,17,20221023-161034
0,0,경기76아4650,3,27,233000125,233000768,92,20221023-161034
0,0,경기76아4652,3,36,233000125,277103315,44,20221023-161034
0,0,경기76아4651,3,18,233000125,277103201,61,20221023-161034
0,0,경기76아4650,3,27,233000125,233000768,92,20221023-161049
0,0,경기76아4652,3,36,233000125,277103315,44,20221023-161049
0,0,경기76아1122,3,44,233000125,233000728,18,20221023-161049
0,0,경기76아4651,3,18,233000125,277103201,61,20221023-161049
0,0,경기76아4652,3,36,233000125,277103315,44,20221023-161104
0,0,경기76아4650,3,31,233000125,233000768,92,20221023-161104
0,0,경기76아1122,3,44,233000125,233000728,18,20221023-161104
0,0,경기76아4651,3,18,233000125,277103201,61,20221023-161104
0,0,경기76아4652,3,36,233000125,277103315,44,20221023-161119
0,0,경기76아1122,3,44,233000125,233001404,19,20221023-161119
0,0,경기76아4650,3,31,233000125,233000768,92,20221023-161119
0,0,경기76아4651,3,18,233000125,277103158,62,20221023-161119
0,0,경기76아4652,3,36,233000125,277103315,44,20221023-161134
0,0,경기76아4650,3,31,233000125,233001749,93,20221023-161134
0,0,경기76아1122,3,44,233000125,233000727,20,20221023-161134
0,0,경기76아4651,3,18,233000125,277103158,62,20221023-161134
0,0,경기76아1122,3,44,233000125,233000727,20,20221023-161149
0,0,경기76아4652,3,36,233000125,277103315,44,20221023-161149
0,0,경기76아4650,3,31,233000125,233001749,93,20221023-161149
0,0,경기76아4651,3,18,233000125,277103158,62,20221023-161149
0,0,경기76아1122,3,44,233000125,233000727,20,20221023-161204
0,0,경기76아4652,3,36,233000125,226000039,45,20221023-161204
0,0,경기76아4650,3,31,233000125,233002159,94,20221023-161204
0,0,경기76아4651,3,18,233000125,277103158,62,20221023-161204
0,0,경기76아4652,3,36,233000125,226000039,45,20221023-161218
0,0,경기76아4650,3,31,233000125,233002159,94,20221023-161218
0,0,경기76아1122,3,44,233000125,233000727,20,20221023-161218
0,0,경기76아4651,3,18,233000125,277103158,62,20221023-161218
0,0,경기76아4650,3,34,233000125,233002159,94,20221023-161234
0,0,경기76아4652,3,37,233000125,226000039,45,20221023-161234
0,0,경기76아1122,3,44,233000125,233000727,20,20221023-161234
0,0,경기76아4651,3,18,233000125,277103158,62,20221023-161234
0,0,경기76아4650,3,34,233000125,233002159,94,20221023-161248
0,0,경기76아4652,3,37,233000125,226000039,45,20221023-161248
0,0,경기76아1122,3,44,233000125,233000727,20,20221023-161248
0,0,경기76아4651,3,18,233000125,277103158,62,20221023-161248
0,0,경기76아4650,3,34,233000125,233002159,94,20221023-161303
0,0,경기76아1122,3,44,233000125,233000727,20,20221023-161303
0,0,경기76아4652,3,37,233000125,226000039,45,20221023-161303
0,0,경기76아4651,3,18,233000125,277103158,62,20221023-161303
0,0,경기76아4650,3,34,233000125,233002159,94,20221023-161318
0,0,경기76아1122,3,44,233000125,233000727,20,20221023-161318
0,0,경기76아4652,3,37,233000125,226000039,45,20221023-161318
0,0,경기76아4651,3,18,233000125,277103220,63,20221023-161318
0,0,경기76아4650,3,34,233000125,233002159,94,20221023-161333
0,0,경기76아4652,3,37,233000125,226000039,45,20221023-161333
0,0,경기76아1122,3,44,233000125,233000726,21,20221023-161333
0,0,경기76아4651,3,18,233000125,277103220,63,20221023-161333
0,0,경기76아1122,3,44,233000125,233000726,21,20221023-161348
0,0,경기76아4652,3,37,233000125,226000039,45,20221023-161348
0,0,경기76아4650,3,34,233000125,233002159,94,20221023-161348
0,0,경기76아4651,3,18,233000125,277103220,63,20221023-161348
0,0,경기76아1122,3,44,233000125,233000726,21,20221023-161403
0,0,경기76아4650,3,34,233000125,233001828,95,20221023-161403
0,0,경기76아4652,3,37,233000125,277103221,46,20221023-161403
0,0,경기76아4651,3,18,233000125,277103220,63,20221023-161403
0,0,경기76아1122,3,44,233000125,233000726,21,20221023-161418
0,0,경기76아4652,3,37,233000125,277103221,46,20221023-161418
0,0,경기76아4650,3,36,233000125,233001828,95,20221023-161418
0,0,경기76아4651,3,18,233000125,277103220,63,20221023-161418
0,0,경기76아1122,3,44,233000125,233000726,21,20221023-161433
0,0,경기76아4652,3,37,233000125,277103221,46,20221023-161433
0,0,경기76아4650,3,36,233000125,233001828,95,20221023-161433
0,0,경기76아4651,3,18,233000125,277103220,63,20221023-161433
0,0,경기76아1122,3,44,233000125,233000726,21,20221023-161448
0,0,경기76아4652,3,37,233000125,277103221,46,20221023-161448
0,0,경기76아4650,3,36,233000125,233001828,95,20221023-161448
0,0,경기76아4651,3,18,233000125,277103220,63,20221023-161448
0,0,경기76아1122,3,44,233000125,233000726,21,20221023-161503
0,0,경기76아4650,3,36,233000125,233001828,95,20221023-161503
0,0,경기76아4652,3,37,233000125,277103221,46,20221023-161503
0,0,경기76아4651,3,18,233000125,226000038,64,20221023-161503
0,0,경기76아4650,3,36,233000125,233001828,95,20221023-161518
0,0,경기76아4652,3,37,233000125,277103221,46,20221023-161518
0,0,경기76아1122,3,42,233000125,233000726,21,20221023-161518
0,0,경기76아4651,3,18,233000125,226000038,64,20221023-161518
0,0,경기76아4650,3,36,233000125,233001828,95,20221023-161533
0,0,경기76아1122,3,42,233000125,233000726,21,20221023-161533
0,0,경기76아4652,3,37,233000125,277103221,46,20221023-161533
0,0,경기76아4651,3,18,233000125,226000038,64,20221023-161533
0,0,경기76아4650,3,36,233000125,233001828,95,20221023-161548
0,0,경기76아1122,3,42,233000125,233000726,21,20221023-161548
0,0,경기76아4652,3,37,233000125,277103221,46,20221023-161548
0,0,경기76아4651,3,18,233000125,226000038,64,20221023-161548
0,0,경기76아1122,3,42,233000125,233000726,21,20221023-161603
0,0,경기76아4652,3,37,233000125,277103221,46,20221023-161603
0,0,경기76아4650,3,36,233000125,233001828,95,20221023-161603
0,0,경기76아4651,3,18,233000125,226000038,64,20221023-161603
0,0,경기76아4652,3,37,233000125,277103221,46,20221023-161618
0,0,경기76아4650,3,36,233000125,233001435,96,20221023-161618
0,0,경기76아1122,3,42,233000125,233000725,22,20221023-161618
0,0,경기76아4651,3,18,233000125,226000038,64,20221023-161618
0,0,경기76아4652,3,37,233000125,277103221,46,20221023-161633
0,0,경기76아4650,3,36,233000125,233001435,96,20221023-161633
0,0,경기76아1122,3,42,233000125,233002118,23,20221023-161633
0,0,경기76아4651,3,18,233000125,226000038,64,20221023-161633
0,0,경기76아4652,3,37,233000125,277103221,46,20221023-161648
0,0,경기76아1122,3,42,233000125,233002118,23,20221023-161648
0,0,경기76아4650,3,36,233000125,233000208,97,20221023-161648
0,0,경기76아4651,3,18,233000125,226000038,64,20221023-161648
0,0,경기76아4650,3,36,233000125,233000208,97,20221023-161702
0,0,경기76아1122,3,42,233000125,233002118,23,20221023-161702
0,0,경기76아4652,3,37,233000125,277103159,47,20221023-161702
0,0,경기76아4651,3,18,233000125,226000038,64,20221023-161702
0,0,경기76아4650,3,37,233000125,233000208,97,20221023-161717
0,0,경기76아1122,3,42,233000125,233002118,23,20221023-161717
0,0,경기76아4652,3,37,233000125,277103159,47,20221023-161717
0,0,경기76아4651,3,18,233000125,277103314,65,20221023-161717
0,0,경기76아1122,3,42,233000125,233002118,23,20221023-161732
0,0,경기76아4650,3,37,233000125,233001043,98,20221023-161732
0,0,경기76아4652,3,37,233000125,277103159,47,20221023-161732
0,0,경기76아4651,3,18,233000125,277103314,65,20221023-161732
0,0,경기76아4650,3,37,233000125,233001043,98,20221023-161747
0,0,경기76아4652,3,37,233000125,277103159,47,20221023-161747
0,0,경기76아1122,3,42,233000125,233002118,23,20221023-161747
0,0,경기76아4651,3,18,233000125,277103314,65,20221023-161747
0,0,경기76아4650,3,37,233000125,233001043,98,20221023-161802
0,0,경기76아4652,3,37,233000125,277103159,47,20221023-161802
0,0,경기76아1122,3,42,233000125,233000724,24,20221023-161802
0,0,경기76아4651,3,18,233000125,277103314,65,20221023-161802
0,0,경기76아4650,3,37,233000125,233001043,98,20221023-161817
0,0,경기76아1122,3,42,233000125,233000723,25,20221023-161817
0,0,경기76아4652,3,37,233000125,277103200,48,20221023-161817
0,0,경기76아4651,3,18,233000125,277103314,65,20221023-161817
0,0,경기76아4650,3,37,233000125,233001043,98,20221023-161832
0,0,경기76아1122,3,42,233000125,233000723,25,20221023-161832
0,0,경기76아4652,3,37,233000125,277103200,48,20221023-161832
0,0,경기76아4651,3,18,233000125,277103314,65,20221023-161832
0,0,경기76아4652,3,37,233000125,277103200,48,20221023-161847
0,0,경기76아1122,3,40,233000125,233000723,25,20221023-161847
0,0,경기76아4650,3,38,233000125,233002130,99,20221023-161847
0,0,경기76아4651,3,18,233000125,277103314,65,20221023-161847
0,0,경기76아4652,3,37,233000125,277103200,48,20221023-161904
0,0,경기76아4650,3,38,233000125,233002130,99,20221023-161904
0,0,경기76아1122,3,40,233000125,233000722,26,20221023-161904
0,0,경기76아4651,3,18,233000125,277103314,65,20221023-161904
0,0,경기76아4650,3,38,233000125,233002130,99,20221023-161919
0,0,경기76아4652,3,37,233000125,277103200,48,20221023-161919
0,0,경기76아1122,3,40,233000125,233000722,26,20221023-161919
0,0,경기76아4651,3,18,233000125,277103314,65,20221023-161919
0,0,경기76아4650,3,38,233000125,233002130,99,20221023-161934
0,0,경기76아4652,3,37,233000125,277103200,48,20221023-161934
0,0,경기76아1122,3,40,233000125,233000722,26,20221023-161934
0,0,경기76아4651,3,18,233000125,277103314,65,20221023-161934
0,0,경기76아4652,3,37,233000125,277103200,48,20221023-161949
0,0,경기76아1122,3,40,233000125,233000722,26,20221023-161949
0,0,경기76아4650,3,38,233000125,233001042,100,20221023-161949
0,0,경기76아4651,3,18,233000125,277103316,66,20221023-161949
0,0,경기76아4652,3,37,233000125,277103200,48,20221023-162004
0,0,경기76아1122,3,40,233000125,233000722,26,20221023-162004
0,0,경기76아4650,3,38,233000125,233001042,100,20221023-162004
0,0,경기76아4651,3,18,233000125,277103316,66,20221023-162004
0,0,경기76아4650,3,38,233000125,233001042,100,20221023-162019
0,0,경기76아4652,3,37,233000125,277103200,48,20221023-162019
0,0,경기76아1122,3,40,233000125,233000721,27,20221023-162019
0,0,경기76아4651,3,18,233000125,277103316,66,20221023-162019
0,0,경기76아4652,3,37,233000125,277103200,48,20221023-162034
0,0,경기76아4650,3,38,233000125,233002296,101,20221023-162034
0,0,경기76아1122,3,40,233000125,233000721,27,20221023-162034
0,0,경기76아4651,3,18,233000125,277103316,66,20221023-162034
0,0,경기76아4650,3,38,233000125,233002296,101,20221023-162049
0,0,경기76아1122,3,40,233000125,233000721,27,20221023-162049
0,0,경기76아4652,3,37,233000125,277103200,48,20221023-162049
0,0,경기76아4651,3,18,233000125,277103527,67,20221023-162049
0,0,경기76아1122,3,40,233000125,233000721,27,20221023-162104
0,0,경기76아4650,3,39,233000125,233002296,101,20221023-162104
0,0,경기76아4652,3,37,233000125,277103203,49,20221023-162104
0,0,경기76아4651,3,18,233000125,277103527,67,20221023-162104
0,0,경기76아1122,3,40,233000125,233000721,27,20221023-162119
0,0,경기76아4652,3,37,233000125,277103203,49,20221023-162119
0,0,경기76아4650,3,39,233000125,233000207,102,20221023-162119
0,0,경기76아4651,3,18,233000125,277103527,67,20221023-162119
0,0,경기76아4652,3,37,233000125,277103203,49,20221023-162136
0,0,경기76아1122,3,40,233000125,233000721,27,20221023-162136
0,0,경기76아4650,3,39,233000125,233000207,102,20221023-162136
0,0,경기76아4651,3,18,233000125,277103527,67,20221023-162136
0,0,경기76아4652,3,37,233000125,277103203,49,20221023-162149
0,0,경기76아4650,3,39,233000125,233002216,103,20221023-162149
0,0,경기76아1122,3,40,233000125,233000721,27,20221023-162149
0,0,경기76아4651,3,18,233000125,277103527,67,20221023-162149
0,0,경기76아4652,3,37,233000125,277103203,49,20221023-162204
0,0,경기76아1122,3,40,233000125,233000720,28,20221023-162204
0,0,경기76아4650,3,39,233000125,233002216,103,20221023-162204
0,0,경기76아4651,3,18,233000125,277103527,67,20221023-162204
0,0,경기76아4652,3,37,233000125,277103203,49,20221023-162221
0,0,경기76아4650,3,39,233000125,233002216,103,20221023-162221
0,0,경기76아1122,3,40,233000125,233000720,28,20221023-162221
0,0,경기76아4651,3,18,233000125,277103527,67,20221023-162221
0,0,경기76아4650,3,39,233000125,233002216,103,20221023-162234
0,0,경기76아1122,3,40,233000125,233000720,28,20221023-162234
0,0,경기76아4652,3,37,233000125,277103203,49,20221023-162234
0,0,경기76아4651,3,18,233000125,277103527,67,20221023-162234
0,0,경기76아1122,3,40,233000125,233000720,28,20221023-162249
0,0,경기76아4652,3,37,233000125,277103203,49,20221023-162249
0,0,경기76아4650,3,39,233000125,233002223,104,20221023-162249
0,0,경기76아4651,3,18,233000125,277103527,67,20221023-162249
0,0,경기76아4652,3,37,233000125,277103203,49,20221023-162303
0,0,경기76아4650,3,40,233000125,233002223,104,20221023-162303
0,0,경기76아1122,3,40,233000125,233000720,28,20221023-162303
0,0,경기76아4651,3,18,233000125,277103527,67,20221023-162303
0,0,경기76아4650,3,40,233000125,233002223,104,20221023-162318
0,0,경기76아1122,3,40,233000125,233000720,28,20221023-162318
0,0,경기76아4652,3,37,233000125,277103205,50,20221023-162318
0,0,경기76아4651,3,18,233000125,277103519,68,20221023-162318
0,0,경기76아1122,3,40,233000125,233000720,28,20221023-162333
0,0,경기76아4652,3,37,233000125,277103205,50,20221023-162333
0,0,경기76아4650,3,40,233000125,233002223,104,20221023-162333
0,0,경기76아4651,3,18,233000125,277103519,68,20221023-162333
0,0,경기76아4652,3,37,233000125,277103205,50,20221023-162348
0,0,경기76아4650,3,40,233000125,233002223,104,20221023-162348
0,0,경기76아1122,3,40,233000125,233000720,28,20221023-162348
0,0,경기76아4651,3,18,233000125,277103519,68,20221023-162348
0,0,경기76아4652,3,37,233000125,277103205,50,20221023-162403
0,0,경기76아4650,3,40,233000125,233002223,104,20221023-162403
0,0,경기76아1122,3,40,233000125,233000720,28,20221023-162403
0,0,경기76아4651,3,18,233000125,277103519,68,20221023-162403
0,0,경기76아4652,3,37,233000125,277103205,50,20221023-162418
0,0,경기76아1122,3,39,233000125,233000719,29,20221023-162418
0,0,경기76아4650,3,41,233000125,233002214,105,20221023-162418
0,0,경기76아4651,3,18,233000125,277103519,68,20221023-162418
0,0,경기76아4652,3,37,233000125,277103205,50,20221023-162433
0,0,경기76아1122,3,39,233000125,233000719,29,20221023-162433
0,0,경기76아4650,3,41,233000125,233002214,105,20221023-162433
0,0,경기76아4651,3,18,233000125,277103519,68,20221023-162433
0,0,경기76아4650,3,41,233000125,233002214,105,20221023-162448
0,0,경기76아1122,3,39,233000125,233000718,30,20221023-162448
0,0,경기76아4652,3,37,233000125,277103205,50,20221023-162448
0,0,경기76아4651,3,18,233000125,277103519,68,20221023-162448
0,0,경기76아4650,3,41,233000125,233002214,105,20221023-162503
0,0,경기76아4652,3,37,233000125,277103205,50,20221023-162503
0,0,경기76아1122,3,39,233000125,233000718,30,20221023-162503
0,0,경기76아4651,3,18,233000125,277103519,68,20221023-162503
0,0,경기76아4650,3,41,233000125,233002214,105,20221023-162518
0,0,경기76아4652,3,37,233000125,277103205,50,20221023-162518
0,0,경기76아1122,3,39,233000125,233000718,30,20221023-162518
0,0,경기76아4651,3,18,233000125,233000781,69,20221023-162518
0,0,경기76아4650,3,41,233000125,233002214,105,20221023-162533
0,0,경기76아4652,3,37,233000125,277103205,50,20221023-162533
0,0,경기76아1122,3,39,233000125,233000718,30,20221023-162533
0,0,경기76아4651,3,18,233000125,233000781,69,20221023-162533
0,0,경기76아4652,3,37,233000125,277103205,50,20221023-162548
0,0,경기76아4650,3,41,233000125,233002214,105,20221023-162548
0,0,경기76아1122,3,39,233000125,233000718,30,20221023-162548
0,0,경기76아4651,3,18,233000125,233000781,69,20221023-162548
0,0,경기76아4652,3,37,233000125,277103205,50,20221023-162603
0,0,경기76아1122,3,39,233000125,233000842,31,20221023-162603
0,0,경기76아4651,3,18,233000125,233000849,70,20221023-162603
0,0,경기76아1122,3,39,233000125,233000842,31,20221023-162618
0,0,경기76아4652,3,37,233000125,277103903,51,20221023-162618
0,0,경기76아4651,3,18,233000125,233000849,70,20221023-162618
0,0,경기76아4652,3,37,233000125,277103903,51,20221023-162633
0,0,경기76아1122,3,38,233000125,233000842,31,20221023-162633
0,0,경기76아4651,3,18,233000125,233000848,71,20221023-162633
0,0,경기76아1122,3,38,233000125,233000842,31,20221023-162648
0,0,경기76아4652,3,37,233000125,120000671,52,20221023-162648
0,0,경기76아4651,3,18,233000125,233000848,71,20221023-162648
0,0,경기76아1122,3,38,233000125,233000842,31,20221023-162702
0,0,경기76아4652,3,37,233000125,120000671,52,20221023-162702
0,0,경기76아4651,3,18,233000125,233000848,71,20221023-162702
0,0,경기76아4652,3,37,233000125,120000671,52,20221023-162717
0,0,경기76아1122,3,38,233000125,233002149,32,20221023-162717
0,0,경기76아4651,3,18,233000125,233000848,71,20221023-162717
0,0,경기76아4652,3,37,233000125,120000671,52,20221023-162732
0,0,경기76아1122,3,38,233000125,233002149,32,20221023-162732
0,0,경기76아4651,3,18,233000125,233000847,72,20221023-162732
0,0,경기76아4652,3,37,233000125,120000671,52,20221023-162747
0,0,경기76아1122,3,38,233000125,233002149,32,20221023-162747
0,0,경기76아4651,3,18,233000125,233000847,72,20221023-162747
0,0,경기76아1122,3,38,233000125,233000717,33,20221023-162804
0,0,경기76아4652,3,37,233000125,277103902,53,20221023-162804
0,0,경기76아4651,3,18,233000125,233002174,73,20221023-162804
0,0,경기76아4652,3,37,233000125,277103902,53,20221023-162819
0,0,경기76아1122,3,38,233000125,233000716,34,20221023-162819
0,0,경기76아4651,3,18,233000125,233002174,73,20221023-162819
0,0,경기76아4652,3,37,233000125,277103902,53,20221023-162834
0,0,경기76아1122,3,38,233000125,233000716,34,20221023-162834
0,0,경기76아4651,3,20,233000125,233002174,73,20221023-162834
0,0,경기76아4652,3,37,233000125,277103902,53,20221023-162849
0,0,경기76아1122,3,37,233000125,233000716,34,20221023-162849
0,0,경기76아4651,3,20,233000125,233002174,73,20221023-162849
0,0,경기76아4652,3,37,233000125,277103902,53,20221023-162904
0,0,경기76아1122,3,37,233000125,233000059,35,20221023-162904
0,0,경기76아4651,3,20,233000125,233000846,75,20221023-162904
0,0,경기76아4652,3,37,233000125,277103902,53,20221023-162919
0,0,경기76아1122,3,37,233000125,233000891,36,20221023-162919
0,0,경기76아4651,3,20,233000125,233000845,76,20221023-162919
0,0,경기76아4652,3,37,233000125,277103902,53,20221023-162934
0,0,경기76아1122,3,37,233000125,233000891,36,20221023-162934
0,0,경기76아4651,3,20,233000125,233000845,76,20221023-162934
0,0,경기76아1122,3,37,233000125,233000891,36,20221023-162949
0,0,경기76아4652,3,37,233000125,121001315,54,20221023-162949
0,0,경기76아4651,3,20,233000125,233000845,76,20221023-162949
0,0,경기76아1122,3,37,233000125,233000891,36,20221023-163004
0,0,경기76아4652,3,37,233000125,121001315,54,20221023-163004
0,0,경기76아4651,3,20,233000125,233002150,77,20221023-163004
0,0,경기76아4652,3,37,233000125,121001315,54,20221023-163019
0,0,경기76아1122,3,36,233000125,233000891,36,20221023-163019
0,0,경기76아4651,3,21,233000125,233002150,77,20221023-163019
0,0,경기76아4652,3,37,233000125,121001315,54,20221023-163034
0,0,경기76아1122,3,36,233000125,233000891,36,20221023-163034
0,0,경기76아4651,3,21,233000125,233002150,77,20221023-163034
0,0,경기76아4652,3,37,233000125,121001315,54,20221023-163049
0,0,경기76아1122,3,36,233000125,233000891,36,20221023-163049
0,0,경기76아1123,3,49,233000125,233002226,1,20221023-163049
0,0,경기76아4651,3,21,233000125,233002150,77,20221023-163049
0,0,경기76아4652,3,37,233000125,121001315,54,20221023-163103
0,0,경기76아1122,3,36,233000125,233000715,37,20221023-163103
0,0,경기76아1123,3,49,233000125,233002226,1,20221023-163103
0,0,경기76아4651,3,21,233000125,233000844,78,20221023-163103
0,0,경기76아4652,3,37,233000125,121001315,54,20221023-163118
0,0,경기76아1122,3,36,233000125,233000715,37,20221023-163118
0,0,경기76아1123,3,49,233000125,233002226,1,20221023-163118
0,0,경기76아4651,3,21,233000125,233000844,78,20221023-163118
0,0,경기76아4652,3,37,233000125,121001315,54,20221023-163133
0,0,경기76아1122,3,36,233000125,233000715,37,20221023-163133
0,0,경기76아1123,3,49,233000125,277102459,2,20221023-163133
0,0,경기76아4651,3,21,233000125,233000844,78,20221023-163133
0,0,경기76아4652,3,37,233000125,121001315,54,20221023-163148
0,0,경기76아1122,3,36,233000125,233000714,38,20221023-163148
0,0,경기76아1123,3,49,233000125,277102459,2,20221023-163148
0,0,경기76아4651,3,21,233000125,233000844,78,20221023-163148
0,0,경기76아4652,3,37,233000125,121001315,54,20221023-163203
0,0,경기76아1122,3,36,233000125,233000714,38,20221023-163203
0,0,경기76아1123,3,49,233000125,277102459,2,20221023-163203
0,0,경기76아4651,3,21,233000125,233000843,79,20221023-163203
0,0,경기76아4652,3,37,233000125,121001315,54,20221023-163218
0,0,경기76아1122,3,36,233000125,233000713,39,20221023-163218
0,0,경기76아4651,3,21,233000125,233000843,79,20221023-163218
0,0,경기76아1123,3,49,233000125,277102459,2,20221023-163218
0,0,경기76아4652,3,37,233000125,121001315,54,20221023-163233
0,0,경기76아1122,3,36,233000125,233000713,39,20221023-163233
0,0,경기76아4651,3,21,233000125,233000843,79,20221023-163233
0,0,경기76아1123,3,49,233000125,277102459,2,20221023-163233
0,0,경기76아4652,3,37,233000125,121001315,54,20221023-163248
0,0,경기76아1122,3,36,233000125,233000713,39,20221023-163248
0,0,경기76아4651,3,21,233000125,233000780,80,20221023-163248
0,0,경기76아1123,3,49,233000125,233002221,3,20221023-163248
0,0,경기76아4652,3,45,233000125,121001315,54,20221023-163303
0,0,경기76아1122,3,36,233000125,233000712,40,20221023-163303
0,0,경기76아4651,3,21,233000125,233000780,80,20221023-163303
0,0,경기76아1123,3,49,233000125,233002221,3,20221023-163303
0,0,경기76아4652,3,45,233000125,121001315,54,20221023-163318
0,0,경기76아1122,3,36,233000125,233000712,40,20221023-163318
0,0,경기76아4651,3,21,233000125,233000780,80,20221023-163318
0,0,경기76아1123,3,49,233000125,233002221,3,20221023-163318
0,0,경기76아4652,3,45,233000125,277101688,55,20221023-163333
0,0,경기76아1122,3,35,233000125,233000712,40,20221023-163333
0,0,경기76아4651,3,21,233000125,233000780,80,20221023-163333
0,0,경기76아1123,3,49,233000125,233002221,3,20221023-163333
0,0,경기76아1122,3,35,233000125,233000712,40,20221023-163348
0,0,경기76아4652,3,45,233000125,277101688,55,20221023-163348
0,0,경기76아1123,3,49,233000125,233002221,3,20221023-163348
0,0,경기76아4651,3,21,233000125,233000780,80,20221023-163348
0,0,경기76아1122,3,35,233000125,233000712,40,20221023-163403
0,0,경기76아4652,3,45,233000125,277101688,55,20221023-163403
0,0,경기76아1123,3,49,233000125,233002221,3,20221023-163403
0,0,경기76아4651,3,21,233000125,233000780,80,20221023-163403
0,0,경기76아1122,3,35,233000125,233000712,40,20221023-163418
0,0,경기76아4652,3,45,233000125,277101688,55,20221023-163418
0,0,경기76아4651,3,21,233000125,233000780,80,20221023-163418
0,0,경기76아1123,3,49,233000125,233002224,4,20221023-163418
0,0,경기76아1122,3,35,233000125,233000712,40,20221023-163433
0,0,경기76아4652,3,45,233000125,277101688,55,20221023-163433
0,0,경기76아1123,3,49,233000125,233002224,4,20221023-163433
0,0,경기76아4651,3,21,233000125,233000780,80,20221023-163433
0,0,경기76아1122,3,35,233000125,233000712,40,20221023-163448
0,0,경기76아4652,3,45,233000125,277101688,55,20221023-163448
0,0,경기76아1123,3,49,233000125,233002224,4,20221023-163448
0,0,경기76아4651,3,21,233000125,233000779,81,20221023-163448
0,0,경기76아1122,3,35,233000125,233000712,40,20221023-163502
0,0,경기76아4652,3,45,233000125,277101688,55,20221023-163502
0,0,경기76아4651,3,21,233000125,233000779,81,20221023-163502
0,0,경기76아1123,3,49,233000125,233002225,5,20221023-163502
0,0,경기76아4652,3,45,233000125,277101688,55,20221023-163517
0,0,경기76아1122,3,35,233000125,233000712,40,20221023-163517
0,0,경기76아1123,3,49,233000125,233002225,5,20221023-163517
0,0,경기76아4651,3,21,233000125,233000779,81,20221023-163517
0,0,경기76아4652,3,45,233000125,277101688,55,20221023-163532
0,0,경기76아1122,3,35,233000125,233000712,40,20221023-163532
0,0,경기76아4651,3,21,233000125,233000779,81,20221023-163532
0,0,경기76아1123,3,49,233000125,233002225,5,20221023-163532
0,0,경기76아4652,3,45,233000125,277101688,55,20221023-163547
0,0,경기76아1122,3,35,233000125,233000712,40,20221023-163547
0,0,경기76아1123,3,49,233000125,233002225,5,20221023-163547
0,0,경기76아4651,3,21,233000125,233000779,81,20221023-163547
0,0,경기76아4652,3,45,233000125,277101688,55,20221023-163604
0,0,경기76아1122,3,35,233000125,233000712,40,20221023-163604
0,0,경기76아1123,3,49,233000125,233002225,5,20221023-163604
0,0,경기76아4651,3,21,233000125,233000779,81,20221023-163604
0,0,경기76아4652,3,45,233000125,277101688,55,20221023-163619
0,0,경기76아1122,3,35,233000125,233000712,40,20221023-163619
0,0,경기76아4651,3,21,233000125,233000779,81,20221023-163619
0,0,경기76아1123,3,49,233000125,233002295,6,20221023-163619
0,0,경기76아4652,3,45,233000125,277101688,55,20221023-163634
0,0,경기76아1122,3,35,233000125,233000712,40,20221023-163634
0,0,경기76아1123,3,49,233000125,233002295,6,20221023-163634
0,0,경기76아4651,3,21,233000125,233000778,82,20221023-163634
0,0,경기76아4652,3,45,233000125,277101688,55,20221023-163649
0,0,경기76아1122,3,35,233000125,233000712,40,20221023-163649
0,0,경기76아1123,3,49,233000125,233002295,6,20221023-163649
0,0,경기76아4651,3,21,233000125,233000778,82,20221023-163649
0,0,경기76아4652,3,45,233000125,277101688,55,20221023-163704
0,0,경기76아1122,3,35,233000125,233000712,40,20221023-163704
0,0,경기76아1123,3,49,233000125,233002295,6,20221023-163704
0,0,경기76아4651,3,21,233000125,233000778,82,20221023-163704
0,0,경기76아4652,3,45,233000125,277101688,55,20221023-163719
0,0,경기76아1122,3,35,233000125,233000712,40,20221023-163719
0,0,경기76아1123,3,49,233000125,233002295,6,20221023-163719
0,0,경기76아4651,3,21,233000125,233000777,83,20221023-163719
0,0,경기76아4652,3,45,233000125,277101688,55,20221023-163734
0,0,경기76아1122,3,35,233000125,233000712,40,20221023-163734
0,0,경기76아1123,3,49,233000125,233002295,6,20221023-163734
0,0,경기76아4651,3,21,233000125,233000777,83,20221023-163734
0,0,경기76아4652,3,45,233000125,277101688,55,20221023-163749
0,0,경기76아1122,3,35,233000125,233000712,40,20221023-163749
0,0,경기76아1123,3,49,233000125,233002295,6,20221023-163749
0,0,경기76아4651,3,21,233000125,233000776,84,20221023-163749
0,0,경기76아4652,3,45,233000125,277101688,55,20221023-163803
0,0,경기76아1122,3,35,233000125,233000712,40,20221023-163803
0,0,경기76아1123,3,49,233000125,233002295,6,20221023-163803
0,0,경기76아4651,3,21,233000125,233000774,85,20221023-163803
0,0,경기76아4652,3,45,233000125,277101688,55,20221023-163818
0,0,경기76아1122,3,35,233000125,233000712,40,20221023-163818
0,0,경기76아4651,3,21,233000125,233000774,85,20221023-163818
0,0,경기76아1123,3,49,233000125,233002295,6,20221023-163818
0,0,경기76아4652,3,45,233000125,277101688,55,20221023-163834
0,0,경기76아1122,3,35,233000125,233000712,40,20221023-163834
0,0,경기76아4651,3,21,233000125,233000774,85,20221023-163834
0,0,경기76아1123,3,49,233000125,233001041,7,20221023-163834
0,0,경기76아4652,3,45,233000125,277101688,55,20221023-163848
0,0,경기76아1122,3,35,233000125,233000712,40,20221023-163848
0,0,경기76아1123,3,49,233000125,233001041,7,20221023-163848
0,0,경기76아4651,3,21,233000125,233000774,85,20221023-163848
0,0,경기76아4652,3,45,233000125,277101688,55,20221023-163903
0,0,경기76아1122,3,35,233000125,233000712,40,20221023-163903
0,0,경기76아1123,3,49,233000125,233002131,8,20221023-163903
0,0,경기76아4651,3,21,233000125,233000774,85,20221023-163903
0,0,경기76아4652,3,45,233000125,277101688,55,20221023-163918
0,0,경기76아1122,3,35,233000125,233000712,40,20221023-163918
0,0,경기76아4651,3,21,233000125,233000774,85,20221023-163918
0,0,경기76아1123,3,49,233000125,233000148,9,20221023-163918
0,0,경기76아4652,3,45,233000125,277101688,55,20221023-163933
0,0,경기76아1122,3,35,233000125,233000712,40,20221023-163933
0,0,경기76아4651,3,21,233000125,233000774,85,20221023-163933
0,0,경기76아1123,3,49,233000125,233000148,9,20221023-163933
0,0,경기76아4652,3,45,233000125,277101688,55,20221023-163948
0,0,경기76아1122,3,35,233000125,233000712,40,20221023-163948
0,0,경기76아4651,3,21,233000125,233000774,85,20221023-163948
0,0,경기76아1123,3,49,233000125,233000148,9,20221023-163948
0,0,경기76아4652,3,45,233000125,277101688,55,20221023-164003
0,0,경기76아1122,3,35,233000125,233000712,40,20221023-164003
0,0,경기76아4651,3,21,233000125,233000774,85,20221023-164003
0,0,경기76아1123,3,49,233000125,233000148,9,20221023-164003
0,0,경기76아4652,3,45,233000125,277101688,55,20221023-164018
0,0,경기76아1122,3,35,233000125,277103520,41,20221023-164018
0,0,경기76아1123,3,49,233000125,233000148,9,20221023-164018
0,0,경기76아4651,3,21,233000125,233000773,86,20221023-164018
0,0,경기76아4652,3,45,233000125,277101688,55,20221023-164033
0,0,경기76아1122,3,35,233000125,277103520,41,20221023-164033
0,0,경기76아1123,3,49,233000125,233000148,9,20221023-164033
0,0,경기76아4651,3,21,233000125,233000773,86,20221023-164033
0,0,경기76아4652,3,45,233000125,277101688,55,20221023-164048
0,0,경기76아1122,3,35,233000125,277103520,41,20221023-164048
0,0,경기76아1123,3,49,233000125,233000148,9,20221023-164048
0,0,경기76아4651,3,21,233000125,233000773,86,20221023-164048
0,0,경기76아4652,3,45,233000125,277101688,55,20221023-164102
0,0,경기76아1122,3,35,233000125,277103520,41,20221023-164102
0,0,경기76아1123,3,49,233000125,233000148,9,20221023-164102
0,0,경기76아4651,3,22,233000125,233003082,87,20221023-164102
0,0,경기76아1122,3,35,233000125,277103520,41,20221023-164118
0,0,경기76아4652,3,45,233000125,119900083,56,20221023-164118
0,0,경기76아4651,3,22,233000125,233003082,87,20221023-164118
0,0,경기76아1123,3,49,233000125,233000191,10,20221023-164118
0,0,경기76아1122,3,35,233000125,277103520,41,20221023-164132
0,0,경기76아4652,3,45,233000125,119900083,56,20221023-164132
0,0,경기76아1123,3,49,233000125,233000191,10,20221023-164132
0,0,경기76아4651,3,22,233000125,233003082,87,20221023-164132
0,0,경기76아1122,3,35,233000125,277103520,41,20221023-164147
0,0,경기76아4652,3,45,233000125,119900083,56,20221023-164147
0,0,경기76아1123,3,48,233000125,233000191,10,20221023-164147
0,0,경기76아4651,3,22,233000125,233003082,87,20221023-164147
0,0,경기76아1122,3,35,233000125,277103520,41,20221023-164204
0,0,경기76아4652,3,45,233000125,119900083,56,20221023-164204
0,0,경기76아4651,3,22,233000125,233003082,87,20221023-164204
0,0,경기76아1123,3,48,233000125,233000190,11,20221023-164204
0,0,경기76아1122,3,35,233000125,277103520,41,20221023-164219
0,0,경기76아4652,3,45,233000125,119900083,56,20221023-164219
0,0,경기76아4651,3,22,233000125,233003082,87,20221023-164219
0,0,경기76아1123,3,48,233000125,233000190,11,20221023-164219
0,0,경기76아4652,3,45,233000125,119900083,56,20221023-164234
0,0,경기76아1122,3,35,233000125,277103520,41,20221023-164234
0,0,경기76아4651,3,22,233000125,233003082,87,20221023-164234
0,0,경기76아1123,3,48,233000125,233000190,11,20221023-164234
0,0,경기76아4652,3,45,233000125,119900083,56,20221023-164249
0,0,경기76아1122,3,35,233000125,277103520,41,20221023-164249
0,0,경기76아4651,3,22,233000125,233003082,87,20221023-164249
0,0,경기76아1123,3,48,233000125,233000190,11,20221023-164249
0,0,경기76아4652,3,45,233000125,119900083,56,20221023-164304
0,0,경기76아1122,3,35,233000125,277103520,41,20221023-164304
0,0,경기76아4651,3,22,233000125,233003082,87,20221023-164304
0,0,경기76아1123,3,48,233000125,233000190,11,20221023-164304
0,0,경기76아4652,3,45,233000125,119900083,56,20221023-164319
0,0,경기76아1122,3,35,233000125,277103520,41,20221023-164319
0,0,경기76아4651,3,22,233000125,233003082,87,20221023-164319
0,0,경기76아1123,3,48,233000125,233000190,11,20221023-164319
0,0,경기76아4652,3,45,233000125,119900083,56,20221023-164334
0,0,경기76아1122,3,35,233000125,277103520,41,20221023-164334
0,0,경기76아1123,3,48,233000125,233000189,12,20221023-164334
0,0,경기76아4651,3,22,233000125,233000772,88,20221023-164334
0,0,경기76아4652,3,45,233000125,119900083,56,20221023-164349
0,0,경기76아1122,3,35,233000125,277103528,42,20221023-164349
0,0,경기76아1123,3,48,233000125,233000189,12,20221023-164349
0,0,경기76아4651,3,22,233000125,233000772,88,20221023-164349
0,0,경기76아4652,3,45,233000125,119900083,56,20221023-164404
0,0,경기76아1122,3,35,233000125,277103528,42,20221023-164404
0,0,경기76아1123,3,48,233000125,233000189,12,20221023-164404
0,0,경기76아4651,3,22,233000125,233000772,88,20221023-164404
0,0,경기76아4652,3,45,233000125,119900083,56,20221023-164419
0,0,경기76아1122,3,35,233000125,277103528,42,20221023-164419
0,0,경기76아1123,3,48,233000125,233000189,12,20221023-164419
0,0,경기76아4651,3,22,233000125,233000772,88,20221023-164419
0,0,경기76아4652,3,45,233000125,119900083,56,20221023-164434
0,0,경기76아1122,3,35,233000125,277103528,42,20221023-164434
0,0,경기76아1123,3,48,233000125,233000189,12,20221023-164434
0,0,경기76아4651,3,22,233000125,233000772,88,20221023-164434
0,0,경기76아4652,3,45,233000125,119900083,56,20221023-164449
0,0,경기76아1122,3,35,233000125,277103528,42,20221023-164449
0,0,경기76아1123,3,48,233000125,233000189,12,20221023-164449
0,0,경기76아4651,3,22,233000125,233000772,88,20221023-164449
0,0,경기76아4652,3,45,233000125,119900083,56,20221023-164503
0,0,경기76아1122,3,35,233000125,277103317,43,20221023-164503
0,0,경기76아1123,3,48,233000125,233000189,12,20221023-164503
0,0,경기76아4651,3,22,233000125,233000771,89,20221023-164503
0,0,경기76아4652,3,45,233000125,119900083,56,20221023-164518
0,0,경기76아1122,3,35,233000125,277103317,43,20221023-164518
0,0,경기76아1123,3,46,233000125,233000189,12,20221023-164518
0,0,경기76아4651,3,22,233000125,233000771,89,20221023-164518
0,0,경기76아1122,3,35,233000125,277103317,43,20221023-164533
0,0,경기76아4652,3,11,233000125,119900083,56,20221023-164533
0,0,경기76아1123,3,46,233000125,233000189,12,20221023-164533
0,0,경기76아4651,3,22,233000125,233000770,90,20221023-164533
0,0,경기76아1122,3,35,233000125,277103317,43,20221023-164548
0,0,경기76아4652,3,11,233000125,119900083,56,20221023-164548
0,0,경기76아1123,3,46,233000125,233000189,12,20221023-164548
0,0,경기76아4651,3,22,233000125,233000770,90,20221023-164548
0,0,경기76아1122,3,35,233000125,277103317,43,20221023-164603
0,0,경기76아4652,3,11,233000125,119900083,56,20221023-164603
0,0,경기76아4651,3,24,233000125,233000770,90,20221023-164603
0,0,경기76아1123,3,45,233000125,233000189,12,20221023-164603
0,0,경기76아1122,3,35,233000125,277103317,43,20221023-164618
0,0,경기76아4652,3,11,233000125,119900083,56,20221023-164618
0,0,경기76아4651,3,24,233000125,233000770,90,20221023-164618
0,0,경기76아1123,3,45,233000125,233000189,12,20221023-164618
0,0,경기76아1122,3,35,233000125,277103317,43,20221023-164633
0,0,경기76아4652,3,11,233000125,119900083,56,20221023-164633
0,0,경기76아4651,3,24,233000125,233000770,90,20221023-164633
0,0,경기76아1123,3,45,233000125,233001943,13,20221023-164633
0,0,경기76아1122,3,35,233000125,277103317,43,20221023-164648
0,0,경기76아4652,3,11,233000125,119900083,56,20221023-164648
0,0,경기76아4651,3,24,233000125,233000770,90,20221023-164648
0,0,경기76아1123,3,45,233000125,233000188,14,20221023-164648
0,0,경기76아1122,3,35,233000125,277103317,43,20221023-164703
0,0,경기76아4652,3,11,233000125,119900083,56,20221023-164703
0,0,경기76아4651,3,24,233000125,233000770,90,20221023-164703
0,0,경기76아1123,3,45,233000125,233000188,14,20221023-164703
0,0,경기76아1122,3,35,233000125,277103317,43,20221023-164718
0,0,경기76아4652,3,11,233000125,119900083,56,20221023-164718
0,0,경기76아4651,3,24,233000125,233000770,90,20221023-164718
0,0,경기76아1123,3,45,233000125,233001318,15,20221023-164718
0,0,경기76아4652,3,11,233000125,119900083,56,20221023-164733
0,0,경기76아1122,3,35,233000125,277103317,43,20221023-164733
0,0,경기76아4651,3,24,233000125,233000770,90,20221023-164733
0,0,경기76아1123,3,45,233000125,233001318,15,20221023-164733
0,0,경기76아4652,3,11,233000125,119900083,56,20221023-164748
0,0,경기76아1122,3,35,233000125,277103315,44,20221023-164748
0,0,경기76아4651,3,24,233000125,233000770,90,20221023-164748
0,0,경기76아1123,3,45,233000125,233001318,15,20221023-164748
0,0,경기76아4652,3,11,233000125,119900083,56,20221023-164803
0,0,경기76아1122,3,35,233000125,277103315,44,20221023-164803
0,0,경기76아4651,3,24,233000125,233000770,90,20221023-164803
0,0,경기76아1123,3,45,233000125,233001318,15,20221023-164803
0,0,경기76아1122,3,35,233000125,277103315,44,20221023-164817
0,0,경기76아4652,3,11,233000125,277103902,53,20221023-164817
0,0,경기76아1123,3,45,233000125,233001318,15,20221023-164817
0,0,경기76아4651,3,24,233000125,233000770,90,20221023-164817
0,0,경기76아4652,3,11,233000125,277102049,57,20221023-164833
0,0,경기76아1122,3,35,233000125,277103315,44,20221023-164833
0,0,경기76아1123,3,45,233000125,233001318,15,20221023-164833
0,0,경기76아4651,3,24,233000125,233000769,91,20221023-164833
0,0,경기76아1122,3,35,233000125,277103315,44,20221023-164848
0,0,경기76아4652,3,11,233000125,277102049,57,20221023-164848
0,0,경기76아4651,3,25,233000125,233000769,91,20221023-164848
0,0,경기76아1123,3,45,233000125,233000730,16,20221023-164848
0,0,경기76아1122,3,35,233000125,277103315,44,20221023-164902
0,0,경기76아4652,3,11,233000125,277102049,57,20221023-164902
0,0,경기76아1123,3,45,233000125,233000730,16,20221023-164902
0,0,경기76아4651,3,25,233000125,233000769,91,20221023-164902
0,0,경기76아4652,3,11,233000125,277102049,57,20221023-164917
0,0,경기76아1122,3,35,233000125,277103315,44,20221023-164917
0,0,경기76아1123,3,45,233000125,233000730,16,20221023-164917
0,0,경기76아4651,3,25,233000125,233000768,92,20221023-164917
0,0,경기76아4652,3,11,233000125,277102049,57,20221023-164932
0,0,경기76아1122,3,35,233000125,277103315,44,20221023-164932
0,0,경기76아1123,3,45,233000125,233000730,16,20221023-164932
0,0,경기76아4651,3,25,233000125,233000768,92,20221023-164932
0,0,경기76아4652,3,11,233000125,277102049,57,20221023-164947
0,0,경기76아1122,3,35,233000125,226000039,45,20221023-164947
0,0,경기76아1123,3,45,233000125,233000730,16,20221023-164947
0,0,경기76아4651,3,25,233000125,233000768,92,20221023-164947
0,0,경기76아1122,3,35,233000125,226000039,45,20221023-165004
0,0,경기76아4652,3,11,233000125,277102291,58,20221023-165004
0,0,경기76아1123,3,45,233000125,233000730,16,20221023-165004
0,0,경기76아4651,3,29,233000125,233000768,92,20221023-165004
0,0,경기76아1122,3,35,233000125,226000039,45,20221023-165019
0,0,경기76아4652,3,11,233000125,277102291,58,20221023-165019
0,0,경기76아1123,3,45,233000125,233000730,16,20221023-165019
0,0,경기76아4651,3,29,233000125,233000768,92,20221023-165019
0,0,경기76아4652,3,11,233000125,277102291,58,20221023-165034
0,0,경기76아1122,3,35,233000125,226000039,45,20221023-165034
0,0,경기76아1123,3,43,233000125,233000730,16,20221023-165034
0,0,경기76아4651,3,29,233000125,233001749,93,20221023-165034
0,0,경기76아4652,3,11,233000125,277102291,58,20221023-165049
0,0,경기76아1122,3,35,233000125,226000039,45,20221023-165049
0,0,경기76아1123,3,43,233000125,233000730,16,20221023-165049
0,0,경기76아4651,3,29,233000125,233002159,94,20221023-165049
0,0,경기76아4652,3,11,233000125,277102291,58,20221023-165104
0,0,경기76아1122,3,35,233000125,226000039,45,20221023-165104
0,0,경기76아1123,3,43,233000125,233000730,16,20221023-165104
0,0,경기76아4651,3,29,233000125,233002159,94,20221023-165104
0,0,경기76아4652,3,11,233000125,277102291,58,20221023-165119
0,0,경기76아1122,3,35,233000125,226000039,45,20221023-165119
0,0,경기76아1123,3,43,233000125,233000730,16,20221023-165119
0,0,경기76아4651,3,29,233000125,233002159,94,20221023-165119
0,0,경기76아4652,3,11,233000125,277102291,58,20221023-165134
0,0,경기76아1122,3,35,233000125,226000039,45,20221023-165134
0,0,경기76아4651,3,32,233000125,233002159,94,20221023-165134
0,0,경기76아1123,3,43,233000125,233000730,16,20221023-165134
0,0,경기76아4652,3,11,233000125,277102291,58,20221023-165149
0,0,경기76아1122,3,35,233000125,277103221,46,20221023-165149
0,0,경기76아4651,3,32,233000125,233002159,94,20221023-165149
0,0,경기76아1123,3,43,233000125,233000729,17,20221023-165149
0,0,경기76아4652,3,11,233000125,277102291,58,20221023-165204
0,0,경기76아1122,3,35,233000125,277103221,46,20221023-165204
0,0,경기76아4651,3,32,233000125,233002159,94,20221023-165204
0,0,경기76아1123,3,42,233000125,233000729,17,20221023-165204
0,0,경기76아4652,3,11,233000125,277102291,58,20221023-165220
0,0,경기76아1122,3,35,233000125,277103221,46,20221023-165220
0,0,경기76아4651,3,32,233000125,233002159,94,20221023-165220
0,0,경기76아1123,3,42,233000125,233000729,17,20221023-165220
0,0,경기76아4652,3,11,233000125,277102291,58,20221023-165233
0,0,경기76아1122,3,35,233000125,277103221,46,20221023-165233
0,0,경기76아1123,3,42,233000125,233000729,17,20221023-165233
0,0,경기76아4651,3,32,233000125,233002159,94,20221023-165233
0,0,경기76아1122,3,35,233000125,277103221,46,20221023-165249
0,0,경기76아4652,3,11,233000125,277102291,58,20221023-165249
0,0,경기76아4651,3,32,233000125,233001828,95,20221023-165249
0,0,경기76아1123,3,42,233000125,233000729,17,20221023-165249
0,0,경기76아4652,3,11,233000125,277102291,58,20221023-165303
0,0,경기76아1122,3,35,233000125,277103221,46,20221023-165303
0,0,경기76아4651,3,32,233000125,233001828,95,20221023-165303
0,0,경기76아1123,3,42,233000125,233000728,18,20221023-165303
0,0,경기76아4652,3,11,233000125,277102291,58,20221023-165318
0,0,경기76아1122,3,35,233000125,277103221,46,20221023-165318
0,0,경기76아4651,3,35,233000125,233001828,95,20221023-165318
0,0,경기76아1123,3,41,233000125,233000728,18,20221023-165318
0,0,경기76아1122,3,35,233000125,277103221,46,20221023-165333
0,0,경기76아4652,3,11,233000125,277102291,58,20221023-165333
0,0,경기76아4651,3,35,233000125,233001828,95,20221023-165333
0,0,경기76아1123,3,41,233000125,233000728,18,20221023-165333
0,0,경기76아1122,3,35,233000125,277103221,46,20221023-165348
0,0,경기76아4652,3,11,233000125,277103204,59,20221023-165348
0,0,경기76아4651,3,35,233000125,233001828,95,20221023-165348
0,0,경기76아1123,3,41,233000125,233000728,18,20221023-165348
0,0,경기76아1122,3,35,233000125,277103221,46,20221023-165403
0,0,경기76아4652,3,11,233000125,277103204,59,20221023-165403
0,0,경기76아4651,3,35,233000125,233001828,95,20221023-165403
0,0,경기76아1123,3,41,233000125,233000728,18,20221023-165403
0,0,경기76아1122,3,35,233000125,277103221,46,20221023-165418
0,0,경기76아4652,3,11,233000125,277103204,59,20221023-165418
0,0,경기76아4651,3,35,233000125,233001828,95,20221023-165418
0,0,경기76아1123,3,41,233000125,233000728,18,20221023-165418
0,0,경기76아4652,3,11,233000125,277103204,59,20221023-165433
0,0,경기76아1122,3,35,233000125,277103159,47,20221023-165433
0,0,경기76아4651,3,35,233000125,233001828,95,20221023-165433
0,0,경기76아1123,3,41,233000125,233000728,18,20221023-165433
0,0,경기76아4652,3,11,233000125,277103204,59,20221023-165448
0,0,경기76아1122,3,35,233000125,277103159,47,20221023-165448
0,0,경기76아4651,3,35,233000125,233001828,95,20221023-165448
0,0,경기76아1123,3,41,233000125,233000728,18,20221023-165448
0,0,경기76아4652,3,11,233000125,277103204,59,20221023-165503
0,0,경기76아1122,3,35,233000125,277103159,47,20221023-165503
0,0,경기76아4651,3,35,233000125,233001828,95,20221023-165503
0,0,경기76아1123,3,41,233000125,233000728,18,20221023-165503
0,0,경기76아4652,3,11,233000125,277103204,59,20221023-165517
0,0,경기76아1122,3,35,233000125,277103159,47,20221023-165517
0,0,경기76아1123,3,41,233000125,233000728,18,20221023-165517
0,0,경기76아4651,3,35,233000125,233001828,95,20221023-165517
0,0,경기76아4652,3,11,233000125,277103204,59,20221023-165532
0,0,경기76아1122,3,35,233000125,277103159,47,20221023-165532
0,0,경기76아1123,3,41,233000125,233000728,18,20221023-165532
0,0,경기76아4651,3,35,233000125,233001435,96,20221023-165532
0,0,경기76아1122,3,35,233000125,277103159,47,20221023-165547
0,0,경기76아4652,3,11,233000125,277103204,59,20221023-165547
0,0,경기76아1123,3,41,233000125,233000728,18,20221023-165547
0,0,경기76아4651,3,35,233000125,233000208,97,20221023-165547
0,0,경기76아1122,3,35,233000125,277103159,47,20221023-165602
0,0,경기76아4652,3,11,233000125,277103202,60,20221023-165602
0,0,경기76아4651,3,35,233000125,233000208,97,20221023-165602
0,0,경기76아1123,3,41,233000125,233001404,19,20221023-165602
0,0,경기76아1122,3,35,233000125,277103200,48,20221023-165617
0,0,경기76아4652,3,11,233000125,277103202,60,20221023-165617
0,0,경기76아4651,3,35,233000125,233001043,98,20221023-165617
0,0,경기76아1123,3,41,233000125,233000727,20,20221023-165617
0,0,경기76아1122,3,35,233000125,277103200,48,20221023-165632
0,0,경기76아4652,3,11,233000125,277103202,60,20221023-165632
0,0,경기76아4651,3,35,233000125,233001043,98,20221023-165632
0,0,경기76아1123,3,41,233000125,233000727,20,20221023-165632
0,0,경기76아4652,3,11,233000125,277103202,60,20221023-165647
0,0,경기76아1122,3,35,233000125,277103200,48,20221023-165647
0,0,경기76아4651,3,37,233000125,233001043,98,20221023-165647
0,0,경기76아1123,3,41,233000125,233000727,20,20221023-165647
0,0,경기76아4652,3,11,233000125,277103202,60,20221023-165704
0,0,경기76아1122,3,35,233000125,277103200,48,20221023-165704
0,0,경기76아4651,3,37,233000125,233001043,98,20221023-165704
0,0,경기76아1123,3,41,233000125,233000727,20,20221023-165704
0,0,경기76아4652,3,11,233000125,277103202,60,20221023-165719
0,0,경기76아1122,3,35,233000125,277103200,48,20221023-165719
0,0,경기76아4651,3,37,233000125,233001043,98,20221023-165719
0,0,경기76아1123,3,41,233000125,233000726,21,20221023-165719
0,0,경기76아1122,3,35,233000125,277103200,48,20221023-165734
0,0,경기76아4652,3,11,233000125,277103201,61,20221023-165734
0,0,경기76아1123,3,41,233000125,233000726,21,20221023-165734
0,0,경기76아4651,3,37,233000125,233002130,99,20221023-165734
0,0,경기76아4652,3,11,233000125,277103201,61,20221023-165749
0,0,경기76아1122,3,35,233000125,277103200,48,20221023-165749
0,0,경기76아1123,3,41,233000125,233000726,21,20221023-165749
0,0,경기76아4651,3,-1,233000125,233002130,99,20221023-165749
0,0,경기76아4652,3,11,233000125,277103201,61,20221023-165804
0,0,경기76아1122,3,35,233000125,277103200,48,20221023-165804
0,0,경기76아1123,3,41,233000125,233000726,21,20221023-165804
0,0,경기76아4651,3,37,233000125,233001042,100,20221023-165804
0,0,경기76아4652,3,11,233000125,277103201,61,20221023-165819
0,0,경기76아1122,3,35,233000125,277103200,48,20221023-165819
0,0,경기76아1123,3,41,233000125,233000726,21,20221023-165819
0,0,경기76아4651,3,37,233000125,233001042,100,20221023-165819
0,0,경기76아4652,3,11,233000125,277103201,61,20221023-165834
0,0,경기76아1122,3,35,233000125,277103203,49,20221023-165834
0,0,경기76아1123,3,41,233000125,233000726,21,20221023-165834
0,0,경기76아4651,3,38,233000125,233002296,101,20221023-165834
0,0,경기76아1122,3,35,233000125,277103203,49,20221023-165849
0,0,경기76아4652,3,11,233000125,277103201,61,20221023-165849
0,0,경기76아1123,3,41,233000125,233000726,21,20221023-165849
0,0,경기76아4651,3,38,233000125,233002296,101,20221023-165849
0,0,경기76아1122,3,35,233000125,277103203,49,20221023-165903
0,0,경기76아4652,3,11,233000125,277103201,61,20221023-165903
0,0,경기76아4651,3,38,233000125,233002296,101,20221023-165903
0,0,경기76아1123,3,41,233000125,233000726,21,20221023-165903
0,0,경기76아1122,3,35,233000125,277103203,49,20221023-165918
0,0,경기76아4652,3,11,233000125,277103201,61,20221023-165918
0,0,경기76아1123,3,41,233000125,233000726,21,20221023-165918
0,0,경기76아4651,3,38,233000125,233000207,102,20221023-165918
0,0,경기76아1122,3,35,233000125,277103203,49,20221023-165933
0,0,경기76아4652,3,11,233000125,277103201,61,20221023-165933
0,0,경기76아4651,3,38,233000125,233000207,102,20221023-165933
0,0,경기76아1123,3,40,233000125,233000725,22,20221023-165933
0,0,경기76아4652,3,11,233000125,277103201,61,20221023-165948
0,0,경기76아1122,3,35,233000125,277103203,49,20221023-165948
0,0,경기76아1123,3,40,233000125,233002118,23,20221023-165948
0,0,경기76아4651,3,41,233000125,233000207,102,20221023-165948
0,0,경기76아4652,3,11,233000125,277103201,61,20221023-170003
0,0,경기76아1122,3,35,233000125,277103203,49,20221023-170003
0,0,경기76아4651,3,41,233000125,233002216,103,20221023-170003
0,0,경기76아1123,3,40,233000125,233002118,23,20221023-170003
0,0,경기76아4652,3,11,233000125,277103158,62,20221023-170018
0,0,경기76아1122,3,35,233000125,277103205,50,20221023-170018
0,0,경기76아1123,3,40,233000125,233002118,23,20221023-170018
0,0,경기76아4651,3,41,233000125,233002216,103,20221023-170018
0,0,경기76아1122,3,35,233000125,277103205,50,20221023-170035
0,0,경기76아4652,3,11,233000125,277103158,62,20221023-170035
0,0,경기76아4651,3,41,233000125,233002216,103,20221023-170035
0,0,경기76아1123,3,40,233000125,233002118,23,20221023-170035
0,0,경기76아1122,3,35,233000125,277103205,50,20221023-170048
0,0,경기76아4652,3,11,233000125,277103158,62,20221023-170048
0,0,경기76아1132,3,49,233000125,233002226,1,20221023-170048
0,0,경기76아4651,3,41,233000125,233002223,104,20221023-170048
0,0,경기76아1123,3,40,233000125,233002118,23,20221023-170048
0,0,경기76아1122,3,35,233000125,277103205,50,20221023-170104
0,0,경기76아4652,3,11,233000125,277103158,62,20221023-170104
0,0,경기76아1132,3,49,233000125,233002226,1,20221023-170104
0,0,경기76아4651,3,41,233000125,233002223,104,20221023-170104
0,0,경기76아1123,3,40,233000125,233000724,24,20221023-170104
0,0,경기76아1122,3,35,233000125,277103205,50,20221023-170118
0,0,경기76아4652,3,11,233000125,277103158,62,20221023-170118
0,0,경기76아4651,3,41,233000125,233002223,104,20221023-170118
0,0,경기76아1123,3,40,233000125,233000724,24,20221023-170118
0,0,경기76아1132,3,49,233000125,233002226,1,20221023-170118
0,0,경기76아1122,3,35,233000125,277103205,50,20221023-170133
0,0,경기76아4652,3,11,233000125,277103158,62,20221023-170133
0,0,경기76아1123,3,39,233000125,233000724,24,20221023-170133
0,0,경기76아4651,3,42,233000125,233002223,104,20221023-170133
0,0,경기76아1132,3,49,233000125,277102459,2,20221023-170133
0,0,경기76아1122,3,35,233000125,277103205,50,20221023-170148
0,0,경기76아4652,3,11,233000125,277103158,62,20221023-170148
0,0,경기76아4651,3,42,233000125,233002223,104,20221023-170148
0,0,경기76아1132,3,49,233000125,277102459,2,20221023-170148
0,0,경기76아1123,3,39,233000125,233000723,25,20221023-170148
0,0,경기76아1122,3,35,233000125,277103205,50,20221023-170203
0,0,경기76아4652,3,11,233000125,277103220,63,20221023-170203
0,0,경기76아1132,3,49,233000125,277102459,2,20221023-170203
0,0,경기76아1123,3,39,233000125,233000723,25,20221023-170203
0,0,경기76아4651,3,42,233000125,233002214,105,20221023-170203
0,0,경기76아1122,3,35,233000125,277103205,50,20221023-170218
0,0,경기76아4652,3,11,233000125,277103220,63,20221023-170218
0,0,경기76아1123,3,38,233000125,233000723,25,20221023-170218
0,0,경기76아4651,3,42,233000125,233002214,105,20221023-170218
0,0,경기76아1132,3,49,233000125,277102459,2,20221023-170218
0,0,경기76아1122,3,35,233000125,277103205,50,20221023-170233
0,0,경기76아4652,3,11,233000125,277103220,63,20221023-170233
0,0,경기76아4651,3,42,233000125,233002214,105,20221023-170233
0,0,경기76아1132,3,49,233000125,277102459,2,20221023-170233
0,0,경기76아1123,3,38,233000125,233000722,26,20221023-170233
0,0,경기76아1122,3,35,233000125,277103205,50,20221023-170248
0,0,경기76아4652,3,11,233000125,277103220,63,20221023-170248
0,0,경기76아4651,3,42,233000125,233002214,105,20221023-170248
0,0,경기76아1123,3,38,233000125,233000722,26,20221023-170248
0,0,경기76아1132,3,49,233000125,233002221,3,20221023-170248
0,0,경기76아1122,3,35,233000125,277103205,50,20221023-170302
0,0,경기76아4652,3,11,233000125,277103220,63,20221023-170302
0,0,경기76아4651,3,42,233000125,233002214,105,20221023-170302
0,0,경기76아1123,3,38,233000125,233000722,26,20221023-170302
0,0,경기76아1132,3,49,233000125,233002221,3,20221023-170302
0,0,경기76아1122,3,35,233000125,277103205,50,20221023-170317
0,0,경기76아4652,3,11,233000125,277103220,63,20221023-170317
0,0,경기76아4651,3,42,233000125,233002214,105,20221023-170317
0,0,경기76아1123,3,38,233000125,233000722,26,20221023-170317
0,0,경기76아1132,3,48,233000125,233002221,3,20221023-170317
0,0,경기76아1122,3,35,233000125,277103205,50,20221023-170332
0,0,경기76아4652,3,11,233000125,277103220,63,20221023-170332
0,0,경기76아1132,3,48,233000125,233002221,3,20221023-170332
0,0,경기76아1123,3,38,233000125,233000721,27,20221023-170332
0,0,경기76아1122,3,35,233000125,277103205,50,20221023-170347
0,0,경기76아4652,3,11,233000125,277103220,63,20221023-170347
0,0,경기76아1123,3,38,233000125,233000721,27,20221023-170347
0,0,경기76아1132,3,48,233000125,233002221,3,20221023-170347
0,0,경기76아1122,3,35,233000125,277103205,50,20221023-170404
0,0,경기76아4652,3,11,233000125,226000038,64,20221023-170404
0,0,경기76아1123,3,38,233000125,233000721,27,20221023-170404
0,0,경기76아1132,3,48,233000125,233002221,3,20221023-170404
0,0,경기76아1122,3,35,233000125,277103205,50,20221023-170419
0,0,경기76아4652,3,11,233000125,226000038,64,20221023-170419
0,0,경기76아1123,3,38,233000125,233000721,27,20221023-170419
0,0,경기76아1132,3,48,233000125,233002221,3,20221023-170419
0,0,경기76아4652,3,11,233000125,226000038,64,20221023-170434
0,0,경기76아1122,3,35,233000125,277103903,51,20221023-170434
0,0,경기76아1123,3,37,233000125,233000721,27,20221023-170434
0,0,경기76아1132,3,48,233000125,233002224,4,20221023-170434
0,0,경기76아4652,3,11,233000125,226000038,64,20221023-170449
0,0,경기76아1122,3,35,233000125,277103903,51,20221023-170449
0,0,경기76아1132,3,48,233000125,233002224,4,20221023-170449
0,0,경기76아1123,3,37,233000125,233000721,27,20221023-170449
0,0,경기76아4652,3,8,233000125,226000038,64,20221023-170504
0,0,경기76아1122,3,35,233000125,120000671,52,20221023-170504
0,0,경기76아1132,3,48,233000125,233002224,4,20221023-170504
0,0,경기76아1123,3,37,233000125,233000720,28,20221023-170504
0,0,경기76아1122,3,35,233000125,120000671,52,20221023-170519
0,0,경기76아4652,3,8,233000125,226000038,64,20221023-170519
0,0,경기76아1132,3,48,233000125,233002225,5,20221023-170519
0,0,경기76아1123,3,37,233000125,233000720,28,20221023-170519
0,0,경기76아1122,3,35,233000125,120000671,52,20221023-170534
0,0,경기76아4652,3,8,233000125,226000038,64,20221023-170534
0,0,경기76아1123,3,37,233000125,233000720,28,20221023-170534
0,0,경기76아1132,3,48,233000125,233002225,5,20221023-170534
0,0,경기76아1122,3,35,233000125,120000671,52,20221023-170549
0,0,경기76아4652,3,8,233000125,226000038,64,20221023-170549
0,0,경기76아1123,3,37,233000125,233000720,28,20221023-170549
0,0,경기76아1132,3,48,233000125,233002225,5,20221023-170549
0,0,경기76아4652,3,8,233000125,226000038,64,20221023-170605
0,0,경기76아1122,3,35,233000125,277103902,53,20221023-170605
0,0,경기76아1132,3,48,233000125,233002225,5,20221023-170605
0,0,경기76아1123,3,37,233000125,233000720,28,20221023-170605
0,0,경기76아4652,3,8,233000125,226000038,64,20221023-170619
0,0,경기76아1122,3,35,233000125,277103902,53,20221023-170619
0,0,경기76아1132,3,48,233000125,233002225,5,20221023-170619
0,0,경기76아1123,3,37,233000125,233000720,28,20221023-170619
0,0,경기76아4652,3,8,233000125,226000038,64,20221023-170634
0,0,경기76아1122,3,35,233000125,277103902,53,20221023-170634
0,0,경기76아1123,3,37,233000125,233000719,29,20221023-170634
0,0,경기76아1132,3,48,233000125,233002295,6,20221023-170634
0,0,경기76아4652,3,8,233000125,226000038,64,20221023-170649
0,0,경기76아1122,3,35,233000125,277103902,53,20221023-170649
0,0,경기76아1123,3,37,233000125,233000719,29,20221023-170649
0,0,경기76아1132,3,48,233000125,233002295,6,20221023-170649
0,0,경기76아1122,3,35,233000125,277103902,53,20221023-170703
0,0,경기76아4652,3,8,233000125,226000038,64,20221023-170703
0,0,경기76아1123,3,37,233000125,233000719,29,20221023-170703
0,0,경기76아1132,3,48,233000125,233001041,7,20221023-170703
0,0,경기76아1122,3,35,233000125,277103902,53,20221023-170718
0,0,경기76아4652,3,8,233000125,277103314,65,20221023-170718
0,0,경기76아1132,3,48,233000125,233001041,7,20221023-170718
0,0,경기76아1123,3,37,233000125,233000718,30,20221023-170718
0,0,경기76아1122,3,35,233000125,277103902,53,20221023-170733
0,0,경기76아4652,3,8,233000125,277103314,65,20221023-170733
0,0,경기76아1132,3,48,233000125,233001041,7,20221023-170733
0,0,경기76아1123,3,37,233000125,233000718,30,20221023-170733
0,0,경기76아1122,3,35,233000125,277103902,53,20221023-170748
0,0,경기76아4652,3,8,233000125,277103314,65,20221023-170748
0,0,경기76아1123,3,37,233000125,233000718,30,20221023-170748
0,0,경기76아1132,3,48,233000125,233002131,8,20221023-170748
0,0,경기76아1122,3,35,233000125,277103902,53,20221023-170803
0,0,경기76아4652,3,8,233000125,277103314,65,20221023-170803
0,0,경기76아1132,3,48,233000125,233002131,8,20221023-170803
0,0,경기76아1123,3,37,233000125,233000842,31,20221023-170803
0,0,경기76아1122,3,35,233000125,277103902,53,20221023-170818
0,0,경기76아4652,3,8,233000125,277103314,65,20221023-170818
0,0,경기76아1123,3,37,233000125,233000842,31,20221023-170818
0,0,경기76아1132,3,48,233000125,233000148,9,20221023-170818
0,0,경기76아1122,3,35,233000125,277103902,53,20221023-170833
0,0,경기76아4652,3,8,233000125,277103314,65,20221023-170833
0,0,경기76아1123,3,37,233000125,233000842,31,20221023-170833
0,0,경기76아1132,3,48,233000125,233000148,9,20221023-170833
0,0,경기76아1122,3,35,233000125,277103902,53,20221023-170848
0,0,경기76아4652,3,8,233000125,277103314,65,20221023-170848
0,0,경기76아1132,3,48,233000125,233000148,9,20221023-170848
0,0,경기76아1123,3,37,233000125,233000842,31,20221023-170848
0,0,경기76아1122,3,35,233000125,277103902,53,20221023-170903
0,0,경기76아4652,3,8,233000125,277103314,65,20221023-170903
0,0,경기76아1123,3,37,233000125,233000842,31,20221023-170903
0,0,경기76아1132,3,48,233000125,233000191,10,20221023-170903
0,0,경기76아1122,3,35,233000125,277103902,53,20221023-170918
0,0,경기76아4652,3,8,233000125,277103314,65,20221023-170918
0,0,경기76아1132,3,48,233000125,233000191,10,20221023-170918
0,0,경기76아1123,3,37,233000125,233000842,31,20221023-170918
0,0,경기76아1122,3,49,233000125,121001315,54,20221023-170933
0,0,경기76아4652,3,8,233000125,277103314,65,20221023-170933
0,0,경기76아1123,3,37,233000125,233002149,32,20221023-170933
0,0,경기76아1132,3,48,233000125,233000190,11,20221023-170933
0,0,경기76아1122,3,49,233000125,121001315,54,20221023-170948
0,0,경기76아4652,3,8,233000125,277103314,65,20221023-170948
0,0,경기76아1123,3,37,233000125,233002149,32,20221023-170948
0,0,경기76아1132,3,48,233000125,233000190,11,20221023-170948
0,0,경기76아1122,3,49,233000125,121001315,54,20221023-171003
0,0,경기76아4652,3,8,233000125,277103316,66,20221023-171003
0,0,경기76아1132,3,48,233000125,233000190,11,20221023-171003
0,0,경기76아1123,3,37,233000125,233000717,33,20221023-171003
0,0,경기76아4652,3,8,233000125,277103316,66,20221023-171017
0,0,경기76아1122,3,49,233000125,277101688,55,20221023-171017
0,0,경기76아1132,3,48,233000125,233000190,11,20221023-171017
0,0,경기76아1123,3,37,233000125,233000717,33,20221023-171017
0,0,경기76아4652,3,8,233000125,277103316,66,20221023-171032
0,0,경기76아1122,3,49,233000125,277101688,55,20221023-171032
0,0,경기76아1123,3,37,233000125,233000717,33,20221023-171032
0,0,경기76아1132,3,48,233000125,233000189,12,20221023-171032
0,0,경기76아1122,3,49,233000125,277101688,55,20221023-171047
0,0,경기76아4652,3,8,233000125,277103316,66,20221023-171047
0,0,경기76아1123,3,35,233000125,233000717,33,20221023-171047
0,0,경기76아1132,3,48,233000125,233000189,12,20221023-171047
0,0,경기76아1122,3,49,233000125,277101688,55,20221023-171105
0,0,경기76아4652,3,8,233000125,277103527,67,20221023-171105
0,0,경기76아1132,3,48,233000125,233000189,12,20221023-171105
0,0,경기76아1123,3,35,233000125,233000716,34,20221023-171105
0,0,경기76아1122,3,49,233000125,277101688,55,20221023-171117
0,0,경기76아4652,3,8,233000125,277103527,67,20221023-171117
0,0,경기76아1132,3,48,233000125,233000189,12,20221023-171117
0,0,경기76아1123,3,35,233000125,233000059,35,20221023-171117
0,0,경기76아1122,3,49,233000125,277101688,55,20221023-171132
0,0,경기76아4652,3,8,233000125,277103527,67,20221023-171132
0,0,경기76아1132,3,48,233000125,233000189,12,20221023-171132
0,0,경기76아1123,3,35,233000125,233000891,36,20221023-171132
0,0,경기76아1122,3,49,233000125,277101688,55,20221023-171147
0,0,경기76아4652,3,8,233000125,277103527,67,20221023-171147
0,0,경기76아1132,3,48,233000125,233000189,12,20221023-171147
0,0,경기76아1123,3,35,233000125,233000891,36,20221023-171147
0,0,경기76아1122,3,49,233000125,277101688,55,20221023-171204
0,0,경기76아4652,3,8,233000125,277103527,67,20221023-171204
0,0,경기76아1132,3,48,233000125,233000189,12,20221023-171204
0,0,경기76아1123,3,35,233000125,233000891,36,20221023-171204
0,0,경기76아1122,3,49,233000125,277101688,55,20221023-171219
0,0,경기76아4652,3,8,233000125,277103527,67,20221023-171219
0,0,경기76아1132,3,48,233000125,233000189,12,20221023-171219
0,0,경기76아1123,3,34,233000125,233000891,36,20221023-171219
0,0,경기76아1122,3,49,233000125,277101688,55,20221023-171234
0,0,경기76아4652,3,8,233000125,277103527,67,20221023-171234
0,0,경기76아1132,3,48,233000125,233000189,12,20221023-171234
0,0,경기76아1123,3,34,233000125,233000891,36,20221023-171234
0,0,경기76아1122,3,49,233000125,277101688,55,20221023-171249
0,0,경기76아4652,3,8,233000125,277103527,67,20221023-171249
0,0,경기76아1132,3,48,233000125,233000189,12,20221023-171249
0,0,경기76아1123,3,34,233000125,233000715,37,20221023-171249
0,0,경기76아1122,3,49,233000125,277101688,55,20221023-171304
0,0,경기76아4652,3,8,233000125,277103527,67,20221023-171304
0,0,경기76아1123,3,34,233000125,233000715,37,20221023-171304
0,0,경기76아1132,3,48,233000125,233000189,12,20221023-171304
0,0,경기76아1122,3,49,233000125,277101688,55,20221023-171319
0,0,경기76아4652,3,8,233000125,277103527,67,20221023-171319
0,0,경기76아1123,3,34,233000125,233000715,37,20221023-171319
0,0,경기76아1132,3,48,233000125,233000189,12,20221023-171319
0,0,경기76아1122,3,49,233000125,277101688,55,20221023-171334
0,0,경기76아4652,3,8,233000125,277103527,67,20221023-171334
0,0,경기76아1132,3,48,233000125,233001943,13,20221023-171334
0,0,경기76아1123,3,34,233000125,233000714,38,20221023-171334
0,0,경기76아1122,3,49,233000125,119900083,56,20221023-171349
0,0,경기76아4652,3,8,233000125,277103519,68,20221023-171349
0,0,경기76아1132,3,48,233000125,233000188,14,20221023-171349
0,0,경기76아1123,3,34,233000125,233000713,39,20221023-171349
0,0,경기76아1122,3,49,233000125,119900083,56,20221023-171403
0,0,경기76아4652,3,8,233000125,277103519,68,20221023-171403
0,0,경기76아1132,3,48,233000125,233000188,14,20221023-171403
0,0,경기76아1123,3,34,233000125,233000713,39,20221023-171403
0,0,경기76아1122,3,49,233000125,119900083,56,20221023-171418
0,0,경기76아4652,3,8,233000125,277103519,68,20221023-171418
0,0,경기76아1123,3,34,233000125,233000713,39,20221023-171418
0,0,경기76아1132,3,48,233000125,233001318,15,20221023-171418
0,0,경기76아1122,3,49,233000125,119900083,56,20221023-171433
0,0,경기76아4652,3,8,233000125,277103519,68,20221023-171433
0,0,경기76아1132,3,48,233000125,233001318,15,20221023-171433
0,0,경기76아1123,3,34,233000125,233000713,39,20221023-171433
0,0,경기76아1122,3,49,233000125,119900083,56,20221023-171448
0,0,경기76아4652,3,8,233000125,277103519,68,20221023-171448
0,0,경기76아1132,3,48,233000125,233001318,15,20221023-171448
0,0,경기76아1123,3,34,233000125,233000712,40,20221023-171448
0,0,경기76아1122,3,49,233000125,119900083,56,20221023-171503
0,0,경기76아4652,3,8,233000125,277103519,68,20221023-171503
0,0,경기76아1132,3,48,233000125,233001318,15,20221023-171503
0,0,경기76아1123,3,34,233000125,233000712,40,20221023-171503
0,0,경기76아1122,3,49,233000125,119900083,56,20221023-171518
0,0,경기76아4652,3,8,233000125,277103519,68,20221023-171518
0,0,경기76아1132,3,48,233000125,233001318,15,20221023-171518
0,0,경기76아1123,3,34,233000125,233000712,40,20221023-171518
0,0,경기76아1122,3,49,233000125,119900083,56,20221023-171533
0,0,경기76아4652,3,8,233000125,277103519,68,20221023-171533
0,0,경기76아1132,3,48,233000125,233001318,15,20221023-171533
0,0,경기76아1123,3,34,233000125,233000712,40,20221023-171533
0,0,경기76아1122,3,49,233000125,119900083,56,20221023-171548
0,0,경기76아4652,3,8,233000125,277103519,68,20221023-171548
0,0,경기76아1132,3,48,233000125,233001318,15,20221023-171548
0,0,경기76아1123,3,34,233000125,233000712,40,20221023-171548
0,0,경기76아1122,3,49,233000125,119900083,56,20221023-171603
0,0,경기76아4652,3,8,233000125,233000781,69,20221023-171603
0,0,경기76아1132,3,48,233000125,233001318,15,20221023-171603
0,0,경기76아1123,3,34,233000125,233000712,40,20221023-171603
0,0,경기76아1122,3,49,233000125,119900083,56,20221023-171618
0,0,경기76아4652,3,8,233000125,233000781,69,20221023-171618
0,0,경기76아1132,3,48,233000125,233001318,15,20221023-171618
0,0,경기76아1123,3,34,233000125,233000712,40,20221023-171618
0,0,경기76아1122,3,49,233000125,119900083,56,20221023-171633
0,0,경기76아4652,3,8,233000125,233000781,69,20221023-171633
0,0,경기76아1132,3,48,233000125,233001318,15,20221023-171633
0,0,경기76아1123,3,34,233000125,233000712,40,20221023-171633
0,0,경기76아1122,3,49,233000125,119900083,56,20221023-171648
0,0,경기76아4652,3,8,233000125,233000781,69,20221023-171648
0,0,경기76아1123,3,34,233000125,233000712,40,20221023-171648
0,0,경기76아1132,3,48,233000125,233001318,15,20221023-171648
0,0,경기76아1122,3,49,233000125,119900083,56,20221023-171703
0,0,경기76아4652,3,8,233000125,233000781,69,20221023-171703
0,0,경기76아1123,3,34,233000125,233000712,40,20221023-171703
0,0,경기76아1132,3,48,233000125,233000730,16,20221023-171703
0,0,경기76아1122,3,49,233000125,119900083,56,20221023-171718
0,0,경기76아4652,3,10,233000125,233000781,69,20221023-171718
0,0,경기76아1123,3,34,233000125,233000712,40,20221023-171718
0,0,경기76아1132,3,48,233000125,233000730,16,20221023-171718
0,0,경기76아4652,3,10,233000125,233000781,69,20221023-171733
0,0,경기76아1122,3,22,233000125,119900083,56,20221023-171733
0,0,경기76아1132,3,48,233000125,233000730,16,20221023-171733
0,0,경기76아1123,3,34,233000125,233000712,40,20221023-171733
0,0,경기76아1122,3,22,233000125,119900083,56,20221023-171748
0,0,경기76아4652,3,10,233000125,233000781,69,20221023-171748
0,0,경기76아1123,3,34,233000125,233000712,40,20221023-171748
0,0,경기76아1132,3,48,233000125,233000730,16,20221023-171748
0,0,경기76아1122,3,22,233000125,119900083,56,20221023-171802
0,0,경기76아4652,3,10,233000125,233000849,70,20221023-171802
0,0,경기76아1123,3,34,233000125,233000712,40,20221023-171802
0,0,경기76아1132,3,48,233000125,233000730,16,20221023-171802
0,0,경기76아1122,3,22,233000125,119900083,56,20221023-171817
0,0,경기76아4652,3,10,233000125,233000849,70,20221023-171817
0,0,경기76아1123,3,34,233000125,233000712,40,20221023-171817
0,0,경기76아1132,3,48,233000125,233000730,16,20221023-171817
0,0,경기76아1122,3,22,233000125,119900083,56,20221023-171832
0,0,경기76아4652,3,10,233000125,233000848,71,20221023-171832
0,0,경기76아1123,3,34,233000125,233000712,40,20221023-171832
0,0,경기76아1132,3,48,233000125,233000730,16,20221023-171832
0,0,경기76아1122,3,22,233000125,119900083,56,20221023-171847
0,0,경기76아4652,3,10,233000125,233000848,71,20221023-171847
0,0,경기76아1123,3,34,233000125,233000712,40,20221023-171847
0,0,경기76아1132,3,48,233000125,233000729,17,20221023-171847
0,0,경기76아1122,3,22,233000125,119900083,56,20221023-171904
0,0,경기76아4652,3,10,233000125,233000848,71,20221023-171904
0,0,경기76아1123,3,34,233000125,233000712,40,20221023-171904
0,0,경기76아1132,3,48,233000125,233000729,17,20221023-171904
0,0,경기76아1122,3,22,233000125,119900083,56,20221023-171919
0,0,경기76아4652,3,10,233000125,233000847,72,20221023-171919
0,0,경기76아1123,3,34,233000125,233000712,40,20221023-171919
0,0,경기76아1132,3,48,233000125,233000729,17,20221023-171919
0,0,경기76아1122,3,22,233000125,119900083,56,20221023-171934
0,0,경기76아4652,3,10,233000125,233000847,72,20221023-171934
0,0,경기76아1123,3,34,233000125,233000712,40,20221023-171934
0,0,경기76아1132,3,48,233000125,233000729,17,20221023-171934
0,0,경기76아1122,3,22,233000125,119900083,56,20221023-171949
0,0,경기76아4652,3,10,233000125,233000847,72,20221023-171949
0,0,경기76아1123,3,34,233000125,233000712,40,20221023-171949
0,0,경기76아1132,3,48,233000125,233000729,17,20221023-171949
0,0,경기76아1122,3,22,233000125,119900083,56,20221023-172005
0,0,경기76아4652,3,10,233000125,233002174,73,20221023-172005
0,0,경기76아1123,3,34,233000125,233000712,40,20221023-172005
0,0,경기76아1132,3,48,233000125,233000729,17,20221023-172005
0,0,경기76아1122,3,22,233000125,277103902,53,20221023-172019
0,0,경기76아4652,3,10,233000125,233002174,73,20221023-172019
0,0,경기76아1132,3,48,233000125,233000728,18,20221023-172019
0,0,경기76아1123,3,34,233000125,277103520,41,20221023-172019
0,0,경기76아4652,3,10,233000125,233002174,73,20221023-172034
0,0,경기76아1122,3,22,233000125,277102049,57,20221023-172034
0,0,경기76아1123,3,34,233000125,277103520,41,20221023-172034
0,0,경기76아1132,3,48,233000125,233001404,19,20221023-172034
0,0,경기76아1122,3,22,233000125,277102049,57,20221023-172049
0,0,경기76아4652,3,10,233000125,233000055,74,20221023-172049
0,0,경기76아1123,3,34,233000125,277103520,41,20221023-172049
0,0,경기76아1132,3,48,233000125,233001404,19,20221023-172049
0,0,경기76아1122,3,22,233000125,277102049,57,20221023-172104
0,0,경기76아4652,3,10,233000125,233000846,75,20221023-172104
0,0,경기76아1123,3,34,233000125,277103520,41,20221023-172104
0,0,경기76아1132,3,48,233000125,233000727,20,20221023-172104
0,0,경기76아1122,3,22,233000125,277102049,57,20221023-172119
0,0,경기76아4652,3,10,233000125,233000845,76,20221023-172119
0,0,경기76아1123,3,34,233000125,277103520,41,20221023-172119
0,0,경기76아1132,3,48,233000125,233000727,20,20221023-172119
0,0,경기76아1122,3,22,233000125,277102049,57,20221023-172134
0,0,경기76아4652,3,10,233000125,233000845,76,20221023-172134
0,0,경기76아1123,3,34,233000125,277103520,41,20221023-172134
0,0,경기76아1132,3,48,233000125,233000727,20,20221023-172134
0,0,경기76아1122,3,22,233000125,277102049,57,20221023-172149
0,0,경기76아4652,3,11,233000125,233000845,76,20221023-172149
0,0,경기76아1123,3,34,233000125,277103520,41,20221023-172149
0,0,경기76아1132,3,48,233000125,233000727,20,20221023-172149
0,0,경기76아1122,3,22,233000125,277102049,57,20221023-172203
0,0,경기76아4652,3,11,233000125,233000845,76,20221023-172203
0,0,경기76아1123,3,34,233000125,277103520,41,20221023-172203
0,0,경기76아1132,3,48,233000125,233000727,20,20221023-172203
0,0,경기76아4652,3,11,233000125,233000845,76,20221023-172219
0,0,경기76아1122,3,22,233000125,277102291,58,20221023-172219
0,0,경기76아1123,3,34,233000125,277103520,41,20221023-172219
0,0,경기76아1132,3,48,233000125,233000726,21,20221023-172219
0,0,경기76아1122,3,22,233000125,277102291,58,20221023-172233
0,0,경기76아4652,3,11,233000125,233002150,77,20221023-172233
0,0,경기76아1123,3,34,233000125,277103520,41,20221023-172233
0,0,경기76아1132,3,48,233000125,233000726,21,20221023-172233
0,0,경기76아1122,3,22,233000125,277102291,58,20221023-172248
0,0,경기76아4652,3,11,233000125,233002150,77,20221023-172248
0,0,경기76아1123,3,34,233000125,277103520,41,20221023-172248
0,0,경기76아1132,3,48,233000125,233000726,21,20221023-172248
0,0,경기76아1122,3,22,233000125,277102291,58,20221023-172303
0,0,경기76아4652,3,11,233000125,233002150,77,20221023-172303
0,0,경기76아1132,3,48,233000125,233000726,21,20221023-172303
0,0,경기76아1123,3,34,233000125,277103520,41,20221023-172303
0,0,경기76아1122,3,22,233000125,277102291,58,20221023-172318
0,0,경기76아4652,3,11,233000125,233000844,78,20221023-172318
0,0,경기76아1132,3,48,233000125,233000726,21,20221023-172318
0,0,경기76아1123,3,34,233000125,277103520,41,20221023-172318
0,0,경기76아1122,3,22,233000125,277102291,58,20221023-172333
0,0,경기76아4652,3,11,233000125,233000844,78,20221023-172333
0,0,경기76아1132,3,48,233000125,233000726,21,20221023-172333
0,0,경기76아1123,3,34,233000125,277103528,42,20221023-172333
0,0,경기76아1122,3,22,233000125,277102291,58,20221023-172348
0,0,경기76아4652,3,11,233000125,233000844,78,20221023-172348
0,0,경기76아1123,3,34,233000125,277103528,42,20221023-172348
0,0,경기76아1132,3,48,233000125,233000726,21,20221023-172348
0,0,경기76아4652,3,11,233000125,233000844,78,20221023-172403
0,0,경기76아1122,3,22,233000125,277102291,58,20221023-172403
0,0,경기76아1132,3,48,233000125,233000726,21,20221023-172403
0,0,경기76아1123,3,34,233000125,277103528,42,20221023-172403
0,0,경기76아4652,3,11,233000125,233000844,78,20221023-172418
0,0,경기76아1122,3,22,233000125,277102291,58,20221023-172418
0,0,경기76아1123,3,34,233000125,277103528,42,20221023-172418
0,0,경기76아1132,3,48,233000125,233000726,21,20221023-172418
0,0,경기76아4652,3,4,233000125,233000844,78,20221023-172433
0,0,경기76아1122,3,22,233000125,277103204,59,20221023-172433
0,0,경기76아1123,3,34,233000125,277103528,42,20221023-172433
0,0,경기76아1132,3,48,233000125,233000725,22,20221023-172433
0,0,경기76아1122,3,22,233000125,277103204,59,20221023-172448
0,0,경기76아4652,3,4,233000125,233000844,78,20221023-172448
0,0,경기76아1132,3,48,233000125,233000725,22,20221023-172448
0,0,경기76아1123,3,34,233000125,277103317,43,20221023-172448
0,0,경기76아4652,3,4,233000125,233000844,78,20221023-172503
0,0,경기76아1122,3,22,233000125,277103204,59,20221023-172503
0,0,경기76아1123,3,34,233000125,277103317,43,20221023-172503
0,0,경기76아1132,3,48,233000125,233002118,23,20221023-172503
0,0,경기76아4652,3,4,233000125,233000844,78,20221023-172518
0,0,경기76아1122,3,22,233000125,277103204,59,20221023-172518
0,0,경기76아1132,3,48,233000125,233002118,23,20221023-172518
0,0,경기76아1123,3,34,233000125,277103317,43,20221023-172518
0,0,경기76아1122,3,22,233000125,277103204,59,20221023-172533
0,0,경기76아4652,3,4,233000125,233000843,79,20221023-172533
0,0,경기76아1132,3,48,233000125,233002118,23,20221023-172533
0,0,경기76아1123,3,34,233000125,277103317,43,20221023-172533
0,0,경기76아1122,3,22,233000125,277103204,59,20221023-172548
0,0,경기76아4652,3,4,233000125,233000843,79,20221023-172548
0,0,경기76아1123,3,34,233000125,277103317,43,20221023-172548
0,0,경기76아1132,3,48,233000125,233002118,23,20221023-172548
0,0,경기76아1122,3,22,233000125,277103204,59,20221023-172602
0,0,경기76아4652,3,4,233000125,233000843,79,20221023-172602
0,0,경기76아1123,3,34,233000125,277103317,43,20221023-172602
0,0,경기76아1132,3,48,233000125,233002118,23,20221023-172602
0,0,경기76아4652,3,4,233000125,233000780,80,20221023-172617
0,0,경기76아1122,3,22,233000125,277103204,59,20221023-172617
0,0,경기76아1123,3,34,233000125,277103317,43,20221023-172617
0,0,경기76아1132,3,48,233000125,233002118,23,20221023-172617
0,0,경기76아1122,3,22,233000125,277103202,60,20221023-172632
0,0,경기76아4652,3,6,233000125,233000780,80,20221023-172632
0,0,경기76아1123,3,34,233000125,277103317,43,20221023-172632
0,0,경기76아1132,3,48,233000125,233002118,23,20221023-172632
0,0,경기76아4652,3,6,233000125,233000780,80,20221023-172647
0,0,경기76아1122,3,22,233000125,277103202,60,20221023-172647
0,0,경기76아1123,3,34,233000125,277103317,43,20221023-172647
0,0,경기76아1132,3,48,233000125,233002118,23,20221023-172647
0,0,경기76아1122,3,22,233000125,277103202,60,20221023-172704
0,0,경기76아4652,3,6,233000125,233000780,80,20221023-172704
0,0,경기76아1123,3,34,233000125,277103317,43,20221023-172704
0,0,경기76아1132,3,48,233000125,233002118,23,20221023-172704
0,0,경기76아4652,3,6,233000125,233000780,80,20221023-172719
0,0,경기76아1122,3,22,233000125,277103202,60,20221023-172719
0,0,경기76아1132,3,48,233000125,233000724,24,20221023-172719
0,0,경기76아1123,3,34,233000125,277103317,43,20221023-172719
0,0,경기76아4652,3,6,233000125,233000780,80,20221023-172734
0,0,경기76아1122,3,22,233000125,277103202,60,20221023-172734
0,0,경기76아1123,3,34,233000125,277103317,43,20221023-172734
0,0,경기76아1132,3,48,233000125,233000724,24,20221023-172734
0,0,경기76아1122,3,22,233000125,277103202,60,20221023-172749
0,0,경기76아4652,3,6,233000125,233000779,81,20221023-172749
0,0,경기76아1123,3,34,233000125,277103315,44,20221023-172749
0,0,경기76아1132,3,48,233000125,233000723,25,20221023-172749
0,0,경기76아1122,3,22,233000125,277103201,61,20221023-172804
0,0,경기76아4652,3,6,233000125,233000779,81,20221023-172804
0,0,경기76아1123,3,34,233000125,277103315,44,20221023-172804
0,0,경기76아1132,3,48,233000125,233000723,25,20221023-172804
0,0,경기76아1122,3,22,233000125,277103201,61,20221023-172819
0,0,경기76아4652,3,6,233000125,233000779,81,20221023-172819
0,0,경기76아1123,3,34,233000125,277103315,44,20221023-172819
0,0,경기76아1132,3,48,233000125,233000722,26,20221023-172819
0,0,경기76아1122,3,22,233000125,277103201,61,20221023-172834
0,0,경기76아4652,3,6,233000125,233000779,81,20221023-172834
0,0,경기76아1123,3,34,233000125,277103315,44,20221023-172834
0,0,경기76아1132,3,48,233000125,233000722,26,20221023-172834
0,0,경기76아1122,3,22,233000125,277103201,61,20221023-172849
0,0,경기76아4652,3,6,233000125,233000779,81,20221023-172849
0,0,경기76아1123,3,34,233000125,277103315,44,20221023-172849
0,0,경기76아1132,3,48,233000125,233000722,26,20221023-172849
0,0,경기76아1122,3,22,233000125,277103201,61,20221023-172904
0,0,경기76아4652,3,6,233000125,233000779,81,20221023-172904
0,0,경기76아1132,3,48,233000125,233000722,26,20221023-172904
0,0,경기76아1123,3,34,233000125,277103315,44,20221023-172904
0,0,경기76아4652,3,6,233000125,233000779,81,20221023-172919
0,0,경기76아1122,3,22,233000125,277103201,61,20221023-172919
0,0,경기76아1132,3,48,233000125,233000722,26,20221023-172919
0,0,경기76아1123,3,34,233000125,277103315,44,20221023-172919
0,0,경기76아4652,3,6,233000125,233000779,81,20221023-172934
0,0,경기76아1122,3,22,233000125,277103201,61,20221023-172934
0,0,경기76아1132,3,48,233000125,233000722,26,20221023-172934
0,0,경기76아1123,3,34,233000125,226000039,45,20221023-172934
0,0,경기76아4652,3,6,233000125,233000779,81,20221023-172949
0,0,경기76아1122,3,22,233000125,277103201,61,20221023-172949
0,0,경기76아1123,3,34,233000125,226000039,45,20221023-172949
0,0,경기76아1132,3,48,233000125,233000721,27,20221023-172949
0,0,경기76아1122,3,22,233000125,277103201,61,20221023-173006
0,0,경기76아4652,3,7,233000125,233000779,81,20221023-173006
0,0,경기76아1123,3,34,233000125,226000039,45,20221023-173006
0,0,경기76아1132,3,48,233000125,233000721,27,20221023-173006
0,0,경기76아1122,3,22,233000125,277103201,61,20221023-173019
0,0,경기76아4652,3,7,233000125,233000779,81,20221023-173019
0,0,경기76아1132,3,48,233000125,233000721,27,20221023-173019
0,0,경기76아1123,3,34,233000125,226000039,45,20221023-173019
0,0,경기76아1122,3,22,233000125,277103158,62,20221023-173033
0,0,경기76아4652,3,7,233000125,233000778,82,20221023-173033
0,0,경기76아1132,3,48,233000125,233000721,27,20221023-173033
0,0,경기76아1123,3,34,233000125,226000039,45,20221023-173033
0,0,경기76아1122,3,22,233000125,277103158,62,20221023-173048
0,0,경기76아4652,3,7,233000125,233000778,82,20221023-173048
0,0,경기76아1132,3,48,233000125,233000721,27,20221023-173048
0,0,경기76아1123,3,34,233000125,226000039,45,20221023-173048
0,0,경기76아4649,3,44,233000125,233002226,1,20221023-173048
0,0,경기76아4652,3,7,233000125,233000778,82,20221023-173103
0,0,경기76아1122,3,22,233000125,277103158,62,20221023-173103
0,0,경기76아1132,3,48,233000125,233000721,27,20221023-173103
0,0,경기76아4649,3,44,233000125,233002226,1,20221023-173103
0,0,경기76아1123,3,34,233000125,226000039,45,20221023-173103
0,0,경기76아1122,3,22,233000125,277103158,62,20221023-173118
0,0,경기76아4652,3,8,233000125,233000778,82,20221023-173118
0,0,경기76아1132,3,48,233000125,233000721,27,20221023-173118
0,0,경기76아1123,3,34,233000125,226000039,45,20221023-173118
0,0,경기76아4649,3,44,233000125,233002226,1,20221023-173118
0,0,경기76아4652,3,8,233000125,233000778,82,20221023-173133
0,0,경기76아1122,3,22,233000125,277103158,62,20221023-173133
0,0,경기76아1132,3,48,233000125,233000721,27,20221023-173133
0,0,경기76아4649,3,44,233000125,277102459,2,20221023-173133
0,0,경기76아1123,3,34,233000125,277103221,46,20221023-173133
0,0,경기76아4652,3,8,233000125,233000778,82,20221023-173148
0,0,경기76아1122,3,22,233000125,277103158,62,20221023-173148
0,0,경기76아1132,3,48,233000125,233000721,27,20221023-173148
0,0,경기76아4649,3,44,233000125,277102459,2,20221023-173148
0,0,경기76아1123,3,34,233000125,277103221,46,20221023-173148
0,0,경기76아1122,3,22,233000125,277103220,63,20221023-173203
0,0,경기76아4652,3,8,233000125,233000777,83,20221023-173203
0,0,경기76아4649,3,44,233000125,277102459,2,20221023-173203
0,0,경기76아1123,3,34,233000125,277103221,46,20221023-173203
0,0,경기76아1132,3,48,233000125,233000721,27,20221023-173203
0,0,경기76아1122,3,22,233000125,277103220,63,20221023-173218
0,0,경기76아4652,3,8,233000125,233000777,83,20221023-173218
0,0,경기76아1132,3,48,233000125,233000721,27,20221023-173218
0,0,경기76아4649,3,44,233000125,277102459,2,20221023-173218
0,0,경기76아1123,3,34,233000125,277103221,46,20221023-173218
0,0,경기76아1122,3,22,233000125,277103220,63,20221023-173233
0,0,경기76아4652,3,8,233000125,233000776,84,20221023-173233
0,0,경기76아1123,3,34,233000125,277103221,46,20221023-173233
0,0,경기76아1132,3,48,233000125,233000720,28,20221023-173233
0,0,경기76아4649,3,44,233000125,233002221,3,20221023-173233
0,0,경기76아1122,3,22,233000125,277103220,63,20221023-173248
0,0,경기76아4652,3,8,233000125,233000776,84,20221023-173248
0,0,경기76아1123,3,34,233000125,277103221,46,20221023-173248
0,0,경기76아4649,3,44,233000125,233002221,3,20221023-173248
0,0,경기76아1132,3,48,233000125,233000720,28,20221023-173248
0,0,경기76아1122,3,22,233000125,277103220,63,20221023-173303
0,0,경기76아4652,3,12,233000125,233000776,84,20221023-173303
0,0,경기76아1123,3,34,233000125,277103221,46,20221023-173303
0,0,경기76아4649,3,44,233000125,233002221,3,20221023-173303
0,0,경기76아1132,3,48,233000125,233000720,28,20221023-173303
0,0,경기76아1122,3,22,233000125,277103220,63,20221023-173318
0,0,경기76아4652,3,12,233000125,233000774,85,20221023-173318
0,0,경기76아1123,3,34,233000125,277103221,46,20221023-173318
0,0,경기76아4649,3,44,233000125,233002221,3,20221023-173318
0,0,경기76아1132,3,48,233000125,233000720,28,20221023-173318
0,0,경기76아1122,3,22,233000125,277103220,63,20221023-173333
0,0,경기76아4652,3,12,233000125,233000774,85,20221023-173333
0,0,경기76아1123,3,34,233000125,277103221,46,20221023-173333
0,0,경기76아1132,3,48,233000125,233000720,28,20221023-173333
0,0,경기76아4649,3,44,233000125,233002224,4,20221023-173333
0,0,경기76아1122,3,22,233000125,277103220,63,20221023-173348
0,0,경기76아4652,3,12,233000125,233000774,85,20221023-173348
0,0,경기76아1123,3,34,233000125,277103221,46,20221023-173348
0,0,경기76아4649,3,44,233000125,233002224,4,20221023-173348
0,0,경기76아1132,3,48,233000125,233000720,28,20221023-173348
0,0,경기76아1122,3,22,233000125,226000038,64,20221023-173402
0,0,경기76아4652,3,12,233000125,233000774,85,20221023-173402
0,0,경기76아1123,3,34,233000125,277103221,46,20221023-173402
0,0,경기76아4649,3,44,233000125,233002224,4,20221023-173402
0,0,경기76아1132,3,48,233000125,233000720,28,20221023-173402
0,0,경기76아1122,3,22,233000125,226000038,64,20221023-173417
0,0,경기76아4652,3,12,233000125,233000774,85,20221023-173417
0,0,경기76아1123,3,34,233000125,277103159,47,20221023-173417
0,0,경기76아4649,3,44,233000125,233002225,5,20221023-173417
0,0,경기76아1132,3,48,233000125,233000720,28,20221023-173417
0,0,경기76아4652,3,12,233000125,233000774,85,20221023-173432
0,0,경기76아1122,3,19,233000125,226000038,64,20221023-173432
0,0,경기76아4649,3,44,233000125,233002225,5,20221023-173432
0,0,경기76아1132,3,48,233000125,233000719,29,20221023-173432
0,0,경기76아1123,3,34,233000125,277103159,47,20221023-173432
0,0,경기76아1122,3,19,233000125,226000038,64,20221023-173447
0,0,경기76아4652,3,12,233000125,233000773,86,20221023-173447
0,0,경기76아1132,3,48,233000125,233000719,29,20221023-173447
0,0,경기76아1123,3,34,233000125,277103159,47,20221023-173447
0,0,경기76아4649,3,44,233000125,233002225,5,20221023-173447
0,0,경기76아4652,3,-1,233000125,233003082,87,20221023-173504
0,0,경기76아1122,3,19,233000125,226000038,64,20221023-173504
0,0,경기76아4649,3,44,233000125,233002225,5,20221023-173504
0,0,경기76아1123,3,34,233000125,277103159,47,20221023-173504
0,0,경기76아1132,3,48,233000125,233000718,30,20221023-173504
0,0,경기76아1122,3,19,233000125,226000038,64,20221023-173519
0,0,경기76아4652,3,-1,233000125,233003082,87,20221023-173519
0,0,경기76아4649,3,44,233000125,233002225,5,20221023-173519
0,0,경기76아1132,3,48,233000125,233000718,30,20221023-173519
0,0,경기76아1123,3,34,233000125,277103200,48,20221023-173519
0,0,경기76아1122,3,19,233000125,226000038,64,20221023-173534
0,0,경기76아4652,3,12,233000125,233003082,87,20221023-173534
0,0,경기76아4649,3,44,233000125,233002225,5,20221023-173534
0,0,경기76아1132,3,48,233000125,233000718,30,20221023-173534
0,0,경기76아1123,3,34,233000125,277103200,48,20221023-173534
0,0,경기76아1122,3,19,233000125,226000038,64,20221023-173549
0,0,경기76아4652,3,12,233000125,233003082,87,20221023-173549
0,0,경기76아4649,3,43,233000125,233002295,6,20221023-173549
0,0,경기76아1123,3,34,233000125,277103200,48,20221023-173549
0,0,경기76아1132,3,48,233000125,233000718,30,20221023-173549
0,0,경기76아1122,3,19,233000125,226000038,64,20221023-173604
0,0,경기76아4652,3,12,233000125,233003082,87,20221023-173604
0,0,경기76아1123,3,34,233000125,277103200,48,20221023-173604
0,0,경기76아1132,3,48,233000125,233000718,30,20221023-173604
0,0,경기76아4649,3,43,233000125,233002295,6,20221023-173604
0,0,경기76아1122,3,19,233000125,226000038,64,20221023-173619
0,0,경기76아4652,3,12,233000125,233003082,87,20221023-173619
0,0,경기76아1123,3,34,233000125,277103200,48,20221023-173619
0,0,경기76아1132,3,48,233000125,233000718,30,20221023-173619
0,0,경기76아4649,3,43,233000125,233001041,7,20221023-173619
0,0,경기76아4652,3,12,233000125,233003082,87,20221023-173634
0,0,경기76아1122,3,19,233000125,226000038,64,20221023-173634
0,0,경기76아1123,3,34,233000125,277103200,48,20221023-173634
0,0,경기76아4649,3,43,233000125,233001041,7,20221023-173634
0,0,경기76아1132,3,48,233000125,233000842,31,20221023-173634
0,0,경기76아1122,3,19,233000125,277103314,65,20221023-173649
0,0,경기76아4652,3,12,233000125,233000772,88,20221023-173649
0,0,경기76아1132,3,48,233000125,233000842,31,20221023-173649
0,0,경기76아4649,3,43,233000125,233002131,8,20221023-173649
0,0,경기76아1123,3,34,233000125,277103200,48,20221023-173649
0,0,경기76아1122,3,19,233000125,277103314,65,20221023-173704
0,0,경기76아4652,3,12,233000125,233000772,88,20221023-173704
0,0,경기76아4649,3,43,233000125,233002131,8,20221023-173704
0,0,경기76아1123,3,34,233000125,277103200,48,20221023-173704
0,0,경기76아1132,3,47,233000125,233000842,31,20221023-173704
0,0,경기76아4652,3,12,233000125,233000772,88,20221023-173719
0,0,경기76아1122,3,19,233000125,277103314,65,20221023-173719
0,0,경기76아4649,3,43,233000125,233002131,8,20221023-173719
0,0,경기76아1132,3,47,233000125,233000842,31,20221023-173719
0,0,경기76아1123,3,34,233000125,277103200,48,20221023-173719
0,0,경기76아4652,3,12,233000125,233000772,88,20221023-173734
0,0,경기76아1122,3,19,233000125,277103314,65,20221023-173734
0,0,경기76아1132,3,47,233000125,233000842,31,20221023-173734
0,0,경기76아4649,3,43,233000125,233002131,8,20221023-173734
0,0,경기76아1123,3,34,233000125,277103203,49,20221023-173734
0,0,경기76아1122,3,19,233000125,277103314,65,20221023-173749
0,0,경기76아4652,3,12,233000125,233000772,88,20221023-173749
0,0,경기76아4649,3,43,233000125,233002131,8,20221023-173749
0,0,경기76아1132,3,47,233000125,233000842,31,20221023-173749
0,0,경기76아1123,3,34,233000125,277103203,49,20221023-173749
0,0,경기76아1122,3,19,233000125,277103314,65,20221023-173803
0,0,경기76아4652,3,12,233000125,233000771,89,20221023-173803
0,0,경기76아1123,3,34,233000125,277103203,49,20221023-173803
0,0,경기76아4649,3,43,233000125,233000148,9,20221023-173803
0,0,경기76아1132,3,47,233000125,233002149,32,20221023-173803
0,0,경기76아1122,3,19,233000125,277103314,65,20221023-173818
0,0,경기76아4652,3,12,233000125,233000771,89,20221023-173818
0,0,경기76아1123,3,34,233000125,277103203,49,20221023-173818
0,0,경기76아4649,3,43,233000125,233000148,9,20221023-173818
0,0,경기76아1132,3,47,233000125,233002149,32,20221023-173818
0,0,경기76아1122,3,19,233000125,277103314,65,20221023-173833
0,0,경기76아4652,3,12,233000125,233000770,90,20221023-173833
0,0,경기76아1123,3,34,233000125,277103203,49,20221023-173833
0,0,경기76아4649,3,43,233000125,233000148,9,20221023-173833
0,0,경기76아1132,3,47,233000125,233002149,32,20221023-173833
0,0,경기76아1122,3,19,233000125,277103314,65,20221023-173848
0,0,경기76아4652,3,12,233000125,233000770,90,20221023-173848
0,0,경기76아4649,3,43,233000125,233000191,10,20221023-173848
0,0,경기76아1132,3,47,233000125,233000717,33,20221023-173848
0,0,경기76아1123,3,34,233000125,277103203,49,20221023-173848
0,0,경기76아4652,3,14,233000125,233000770,90,20221023-173903
0,0,경기76아1122,3,19,233000125,277103314,65,20221023-173903
0,0,경기76아1132,3,47,233000125,233000717,33,20221023-173903
0,0,경기76아1123,3,34,233000125,277103203,49,20221023-173903
0,0,경기76아4649,3,43,233000125,233000191,10,20221023-173903
0,0,경기76아1122,3,19,233000125,277103314,65,20221023-173918
0,0,경기76아4652,3,14,233000125,233000770,90,20221023-173918
0,0,경기76아1132,3,48,233000125,233000717,33,20221023-173918
0,0,경기76아4649,3,43,233000125,233000190,11,20221023-173918
0,0,경기76아1123,3,34,233000125,277103203,49,20221023-173918
0,0,경기76아4652,3,14,233000125,233000770,90,20221023-173933
0,0,경기76아1122,3,19,233000125,277103316,66,20221023-173933
0,0,경기76아4649,3,43,233000125,233000190,11,20221023-173933
0,0,경기76아1123,3,34,233000125,277103205,50,20221023-173933
0,0,경기76아1132,3,48,233000125,233000716,34,20221023-173933
0,0,경기76아4652,3,14,233000125,233000770,90,20221023-173948
0,0,경기76아1122,3,19,233000125,277103316,66,20221023-173948
0,0,경기76아4649,3,43,233000125,233000190,11,20221023-173948
0,0,경기76아1123,3,34,233000125,277103205,50,20221023-173948
0,0,경기76아1132,3,48,233000125,233000716,34,20221023-173948
0,0,경기76아1122,3,19,233000125,277103316,66,20221023-174003
0,0,경기76아4652,3,14,233000125,233000769,91,20221023-174003
0,0,경기76아4649,3,43,233000125,233000190,11,20221023-174003
0,0,경기76아1123,3,34,233000125,277103205,50,20221023-174003
0,0,경기76아1132,3,48,233000125,233000059,35,20221023-174003
0,0,경기76아1122,3,19,233000125,277103316,66,20221023-174018
0,0,경기76아4652,3,14,233000125,233000769,91,20221023-174018
0,0,경기76아4649,3,43,233000125,233000190,11,20221023-174018
0,0,경기76아1123,3,34,233000125,277103205,50,20221023-174018
0,0,경기76아1132,3,48,233000125,233000059,35,20221023-174018
0,0,경기76아1122,3,19,233000125,277103527,67,20221023-174033
0,0,경기76아4652,3,15,233000125,233000769,91,20221023-174033
0,0,경기76아4649,3,43,233000125,233000189,12,20221023-174033
0,0,경기76아1132,3,48,233000125,233000059,35,20221023-174033
0,0,경기76아1123,3,34,233000125,277103205,50,20221023-174033
0,0,경기76아4652,3,15,233000125,233000769,91,20221023-174048
0,0,경기76아1122,3,19,233000125,277103527,67,20221023-174048
0,0,경기76아4649,3,43,233000125,233000189,12,20221023-174048
0,0,경기76아1123,3,34,233000125,277103205,50,20221023-174048
0,0,경기76아1132,3,48,233000125,233000891,36,20221023-174048
0,0,경기76아4652,3,16,233000125,233000769,91,20221023-174103
0,0,경기76아1122,3,19,233000125,277103527,67,20221023-174103
0,0,경기76아4649,3,42,233000125,233000189,12,20221023-174103
0,0,경기76아1123,3,34,233000125,277103205,50,20221023-174103
0,0,경기76아1132,3,47,233000125,233000891,36,20221023-174103
0,0,경기76아4652,3,16,233000125,233000769,91,20221023-174118
0,0,경기76아1122,3,19,233000125,277103527,67,20221023-174118
0,0,경기76아4649,3,42,233000125,233000189,12,20221023-174118
0,0,경기76아1132,3,47,233000125,233000891,36,20221023-174118
0,0,경기76아1123,3,34,233000125,277103205,50,20221023-174118
0,0,경기76아4652,3,16,233000125,233000769,91,20221023-174133
0,0,경기76아1122,3,19,233000125,277103527,67,20221023-174133
0,0,경기76아4649,3,42,233000125,233000189,12,20221023-174133
0,0,경기76아1132,3,47,233000125,233000891,36,20221023-174133
0,0,경기76아1123,3,34,233000125,277103205,50,20221023-174133
0,0,경기76아4652,3,16,233000125,233000769,91,20221023-174148
0,0,경기76아1122,3,19,233000125,277103527,67,20221023-174148
0,0,경기76아4649,3,42,233000125,233000189,12,20221023-174148
0,0,경기76아1123,3,34,233000125,277103205,50,20221023-174148
0,0,경기76아1132,3,47,233000125,233000715,37,20221023-174148
0,0,경기76아4652,3,16,233000125,233000769,91,20221023-174202
0,0,경기76아1122,3,19,233000125,277103527,67,20221023-174202
0,0,경기76아4649,3,42,233000125,233000189,12,20221023-174202
0,0,경기76아1123,3,34,233000125,277103205,50,20221023-174202
0,0,경기76아1132,3,47,233000125,233000715,37,20221023-174202
0,0,경기76아4652,3,16,233000125,233000769,91,20221023-174217
0,0,경기76아1122,3,19,233000125,277103527,67,20221023-174217
0,0,경기76아4649,3,42,233000125,233000189,12,20221023-174217
0,0,경기76아1123,3,34,233000125,277103205,50,20221023-174217
0,0,경기76아1132,3,47,233000125,233000715,37,20221023-174217
0,0,경기76아4652,3,16,233000125,233000769,91,20221023-174232
0,0,경기76아1122,3,19,233000125,277103527,67,20221023-174232
0,0,경기76아4649,3,42,233000125,233000189,12,20221023-174232
0,0,경기76아1123,3,34,233000125,277103205,50,20221023-174232
0,0,경기76아1132,3,47,233000125,233000715,37,20221023-174232
0,0,경기76아1122,3,19,233000125,277103527,67,20221023-174247
0,0,경기76아4652,3,16,233000125,233000768,92,20221023-174247
0,0,경기76아4649,3,42,233000125,233000189,12,20221023-174247
0,0,경기76아1123,3,34,233000125,277103205,50,20221023-174247
0,0,경기76아1132,3,47,233000125,233000714,38,20221023-174247
0,0,경기76아4652,3,16,233000125,233000768,92,20221023-174304
0,0,경기76아1122,3,19,233000125,277103519,68,20221023-174304
0,0,경기76아1123,3,34,233000125,277103205,50,20221023-174304
0,0,경기76아1132,3,47,233000125,233000713,39,20221023-174304
0,0,경기76아4649,3,42,233000125,233000189,12,20221023-174304
0,0,경기76아4652,3,16,233000125,233000768,92,20221023-174319
0,0,경기76아1122,3,19,233000125,277103519,68,20221023-174319
0,0,경기76아4649,3,42,233000125,233000189,12,20221023-174319
0,0,경기76아1132,3,47,233000125,233000713,39,20221023-174319
0,0,경기76아1123,3,34,233000125,277103903,51,20221023-174319
0,0,경기76아4652,3,16,233000125,233000768,92,20221023-174334
0,0,경기76아1122,3,19,233000125,277103519,68,20221023-174334
0,0,경기76아1132,3,47,233000125,233000713,39,20221023-174334
0,0,경기76아1123,3,34,233000125,277103903,51,20221023-174334
0,0,경기76아4649,3,42,233000125,233001943,13,20221023-174334
0,0,경기76아1122,3,19,233000125,277103519,68,20221023-174349
0,0,경기76아4652,3,27,233000125,233000768,92,20221023-174349
0,0,경기76아1123,3,34,233000125,277103903,51,20221023-174349
0,0,경기76아4649,3,42,233000125,233000188,14,20221023-174349
0,0,경기76아1132,3,47,233000125,233000713,39,20221023-174349
0,0,경기76아1122,3,19,233000125,277103519,68,20221023-174404
0,0,경기76아4652,3,27,233000125,233000768,92,20221023-174404
0,0,경기76아4649,3,42,233000125,233000188,14,20221023-174404
0,0,경기76아1123,3,34,233000125,120000671,52,20221023-174404
0,0,경기76아1132,3,47,233000125,233000712,40,20221023-174404
0,0,경기76아1122,3,19,233000125,277103519,68,20221023-174419
0,0,경기76아4652,3,27,233000125,233001749,93,20221023-174419
0,0,경기76아1123,3,34,233000125,120000671,52,20221023-174419
0,0,경기76아1132,3,47,233000125,233000712,40,20221023-174419
0,0,경기76아4649,3,41,233000125,233000188,14,20221023-174419
0,0,경기76아1122,3,19,233000125,277103519,68,20221023-174434
0,0,경기76아4652,3,27,233000125,233001749,93,20221023-174434
0,0,경기76아1123,3,34,233000125,120000671,52,20221023-174434
0,0,경기76아1132,3,47,233000125,233000712,40,20221023-174434
0,0,경기76아4649,3,41,233000125,233001318,15,20221023-174434
0,0,경기76아4652,3,27,233000125,233001749,93,20221023-174449
0,0,경기76아1122,3,19,233000125,233000781,69,20221023-174449
0,0,경기76아1123,3,34,233000125,120000671,52,20221023-174449
0,0,경기76아1132,3,47,233000125,233000712,40,20221023-174449
0,0,경기76아4649,3,41,233000125,233001318,15,20221023-174449
0,0,경기76아1122,3,19,233000125,233000781,69,20221023-174504
0,0,경기76아4652,3,29,233000125,233001749,93,20221023-174504
0,0,경기76아1123,3,34,233000125,120000671,52,20221023-174504
0,0,경기76아1132,3,47,233000125,233000712,40,20221023-174504
0,0,경기76아4649,3,41,233000125,233001318,15,20221023-174504
0,0,경기76아1122,3,19,233000125,233000781,69,20221023-174519
0,0,경기76아4652,3,29,233000125,233001749,93,20221023-174519
0,0,경기76아1132,3,47,233000125,233000712,40,20221023-174519
0,0,경기76아4649,3,41,233000125,233001318,15,20221023-174519
0,0,경기76아1123,3,35,233000125,120000671,52,20221023-174519
0,0,경기76아1122,3,19,233000125,233000781,69,20221023-174534
0,0,경기76아4652,3,29,233000125,233001749,93,20221023-174534
0,0,경기76아1132,3,47,233000125,233000712,40,20221023-174534
0,0,경기76아4649,3,41,233000125,233001318,15,20221023-174534
0,0,경기76아1123,3,35,233000125,120000671,52,20221023-174534
0,0,경기76아4652,3,29,233000125,233001749,93,20221023-174549
0,0,경기76아1122,3,20,233000125,233000781,69,20221023-174549
0,0,경기76아1132,3,47,233000125,233000712,40,20221023-174549
0,0,경기76아4649,3,41,233000125,233001318,15,20221023-174549
0,0,경기76아1123,3,35,233000125,120000671,52,20221023-174549
0,0,경기76아4652,3,29,233000125,233001749,93,20221023-174603
0,0,경기76아1122,3,20,233000125,233000781,69,20221023-174603
0,0,경기76아4649,3,41,233000125,233001318,15,20221023-174603
0,0,경기76아1132,3,47,233000125,233000712,40,20221023-174603
0,0,경기76아1123,3,35,233000125,277103902,53,20221023-174603
0,0,경기76아4652,3,29,233000125,233001749,93,20221023-174618
0,0,경기76아1122,3,20,233000125,233000781,69,20221023-174618
0,0,경기76아4649,3,41,233000125,233001318,15,20221023-174618
0,0,경기76아1132,3,47,233000125,233000712,40,20221023-174618
0,0,경기76아1123,3,35,233000125,277103902,53,20221023-174618
0,0,경기76아4652,3,29,233000125,233001749,93,20221023-174633
0,0,경기76아1122,3,20,233000125,233000849,70,20221023-174633
0,0,경기76아4649,3,41,233000125,233001318,15,20221023-174633
0,0,경기76아1132,3,47,233000125,233000712,40,20221023-174633
0,0,경기76아1123,3,35,233000125,277103902,53,20221023-174633
0,0,경기76아4652,3,29,233000125,233001749,93,20221023-174648
0,0,경기76아1122,3,20,233000125,233000848,71,20221023-174648
0,0,경기76아1132,3,47,233000125,233000712,40,20221023-174648
0,0,경기76아1123,3,35,233000125,277103902,53,20221023-174648
0,0,경기76아4649,3,41,233000125,233001318,15,20221023-174648
0,0,경기76아1122,3,20,233000125,233000848,71,20221023-174703
0,0,경기76아4652,3,29,233000125,233002159,94,20221023-174703
0,0,경기76아1123,3,35,233000125,277103902,53,20221023-174703
0,0,경기76아1132,3,47,233000125,233000712,40,20221023-174703
0,0,경기76아4649,3,41,233000125,233000730,16,20221023-174703
0,0,경기76아1122,3,20,233000125,233000848,71,20221023-174718
0,0,경기76아4652,3,29,233000125,233001828,95,20221023-174718
0,0,경기76아1123,3,35,233000125,277103902,53,20221023-174718
0,0,경기76아1132,3,47,233000125,233000712,40,20221023-174718
0,0,경기76아4649,3,41,233000125,233000730,16,20221023-174718
0,0,경기76아1122,3,20,233000125,233000848,71,20221023-174733
0,0,경기76아4652,3,29,233000125,233001828,95,20221023-174733
0,0,경기76아1123,3,35,233000125,277103902,53,20221023-174733
0,0,경기76아1132,3,47,233000125,233000712,40,20221023-174733
0,0,경기76아4649,3,41,233000125,233000730,16,20221023-174733
0,0,경기76아4652,3,29,233000125,233001828,95,20221023-174748
0,0,경기76아1122,3,20,233000125,233000847,72,20221023-174748
0,0,경기76아1123,3,35,233000125,277103902,53,20221023-174748
0,0,경기76아1132,3,47,233000125,233000712,40,20221023-174748
0,0,경기76아4649,3,41,233000125,233000730,16,20221023-174748
0,0,경기76아1122,3,20,233000125,233000847,72,20221023-174803
0,0,경기76아4652,3,36,233000125,233001828,95,20221023-174803
0,0,경기76아1123,3,35,233000125,277103902,53,20221023-174803
0,0,경기76아4649,3,38,233000125,233000730,16,20221023-174803
0,0,경기76아1132,3,47,233000125,233000712,40,20221023-174803
0,0,경기76아4652,3,36,233000125,233001828,95,20221023-174818
0,0,경기76아1122,3,20,233000125,233002174,73,20221023-174818
0,0,경기76아1123,3,35,233000125,277103902,53,20221023-174818
0,0,경기76아4649,3,38,233000125,233000730,16,20221023-174818
0,0,경기76아1132,3,47,233000125,233000712,40,20221023-174818
0,0,경기76아4652,3,36,233000125,233001828,95,20221023-174833
0,0,경기76아1122,3,20,233000125,233002174,73,20221023-174833
0,0,경기76아1123,3,47,233000125,121001315,54,20221023-174833
0,0,경기76아1132,3,47,233000125,277103520,41,20221023-174833
0,0,경기76아4649,3,38,233000125,233000729,17,20221023-174833
0,0,경기76아4652,3,36,233000125,233001828,95,20221023-174848
0,0,경기76아1122,3,22,233000125,233002174,73,20221023-174848
0,0,경기76아1123,3,47,233000125,121001315,54,20221023-174848
0,0,경기76아4649,3,38,233000125,233000729,17,20221023-174848
0,0,경기76아1132,3,47,233000125,277103520,41,20221023-174848
0,0,경기76아4652,3,36,233000125,233001828,95,20221023-174903
0,0,경기76아1122,3,22,233000125,233002174,73,20221023-174903
0,0,경기76아1123,3,47,233000125,121001315,54,20221023-174903
0,0,경기76아1132,3,47,233000125,277103520,41,20221023-174903
0,0,경기76아4649,3,37,233000125,233000729,17,20221023-174903
0,0,경기76아1122,3,22,233000125,233000055,74,20221023-174918
0,0,경기76아4652,3,36,233000125,233001435,96,20221023-174918
0,0,경기76아1123,3,47,233000125,121001315,54,20221023-174918
0,0,경기76아1132,3,47,233000125,277103520,41,20221023-174918
0,0,경기76아4649,3,37,233000125,233000729,17,20221023-174918
0,0,경기76아4652,3,36,233000125,233001435,96,20221023-174933
0,0,경기76아1122,3,22,233000125,233000846,75,20221023-174933
0,0,경기76아1123,3,47,233000125,121001315,54,20221023-174933
0,0,경기76아1132,3,47,233000125,277103520,41,20221023-174933
0,0,경기76아4649,3,37,233000125,233000729,17,20221023-174933
0,0,경기76아4652,3,36,233000125,233000208,97,20221023-174948
0,0,경기76아1122,3,22,233000125,233000845,76,20221023-174948
0,0,경기76아1123,3,47,233000125,121001315,54,20221023-174948
0,0,경기76아1132,3,47,233000125,277103520,41,20221023-174948
0,0,경기76아4649,3,37,233000125,233000729,17,20221023-174948
0,0,경기76아4652,3,36,233000125,233000208,97,20221023-175004
0,0,경기76아1122,3,22,233000125,233000845,76,20221023-175004
0,0,경기76아1123,3,47,233000125,121001315,54,20221023-175004
0,0,경기76아1132,3,47,233000125,277103520,41,20221023-175004
0,0,경기76아4649,3,37,233000125,233000728,18,20221023-175004
0,0,경기76아1122,3,22,233000125,233000845,76,20221023-175018
0,0,경기76아4652,3,36,233000125,233001043,98,20221023-175018
0,0,경기76아1123,3,47,233000125,121001315,54,20221023-175018
0,0,경기76아4649,3,36,233000125,233000728,18,20221023-175018
0,0,경기76아1132,3,47,233000125,277103520,41,20221023-175018
0,0,경기76아4652,3,36,233000125,233001043,98,20221023-175033
0,0,경기76아1122,3,22,233000125,233002150,77,20221023-175033
0,0,경기76아1123,3,47,233000125,121001315,54,20221023-175033
0,0,경기76아4649,3,36,233000125,233000728,18,20221023-175033
0,0,경기76아1132,3,47,233000125,277103520,41,20221023-175033
0,0,경기76아1122,3,22,233000125,233002150,77,20221023-175048
0,0,경기76아4652,3,38,233000125,233001043,98,20221023-175048
0,0,경기76아4649,3,36,233000125,233000728,18,20221023-175048
0,0,경기76아1132,3,47,233000125,277103520,41,20221023-175048
0,0,경기76아1123,3,47,233000125,121001315,54,20221023-175048
0,0,경기76아4652,3,38,233000125,233001043,98,20221023-175103
0,0,경기76아1122,3,22,233000125,233002150,77,20221023-175103
0,0,경기76아4649,3,36,233000125,233000728,18,20221023-175103
0,0,경기76아1123,3,47,233000125,121001315,54,20221023-175103
0,0,경기76아1132,3,47,233000125,277103520,41,20221023-175103
0,0,경기76아4652,3,38,233000125,233001043,98,20221023-175118
0,0,경기76아1122,3,22,233000125,233000844,78,20221023-175118
0,0,경기76아4649,3,36,233000125,233000728,18,20221023-175118
0,0,경기76아1123,3,47,233000125,121001315,54,20221023-175118
0,0,경기76아1132,3,47,233000125,277103520,41,20221023-175118
0,0,경기76아4652,3,38,233000125,233001043,98,20221023-175133
0,0,경기76아1122,3,22,233000125,233000844,78,20221023-175133
0,0,경기76아4649,3,36,233000125,233000728,18,20221023-175133
0,0,경기76아1123,3,47,233000125,121001315,54,20221023-175133
0,0,경기76아1132,3,47,233000125,277103520,41,20221023-175133
0,0,경기76아1122,3,21,233000125,233000844,78,20221023-175148
0,0,경기76아4652,3,38,233000125,233002130,99,20221023-175148
0,0,경기76아4649,3,36,233000125,233000728,18,20221023-175148
0,0,경기76아1123,3,47,233000125,121001315,54,20221023-175148
0,0,경기76아1132,3,47,233000125,277103528,42,20221023-175148
0,0,경기76아4652,3,38,233000125,233002130,99,20221023-175203
0,0,경기76아1122,3,21,233000125,233000844,78,20221023-175203
0,0,경기76아4649,3,36,233000125,233000728,18,20221023-175203
0,0,경기76아1123,3,47,233000125,121001315,54,20221023-175203
0,0,경기76아1132,3,47,233000125,277103528,42,20221023-175203
0,0,경기76아1122,3,21,233000125,233000844,78,20221023-175218
0,0,경기76아4652,3,38,233000125,233001042,100,20221023-175218
0,0,경기76아4649,3,36,233000125,233000728,18,20221023-175218
0,0,경기76아1123,3,47,233000125,121001315,54,20221023-175218
0,0,경기76아1132,3,47,233000125,277103528,42,20221023-175218
0,0,경기76아1122,3,21,233000125,233000844,78,20221023-175233
0,0,경기76아4652,3,38,233000125,233001042,100,20221023-175233
0,0,경기76아4649,3,36,233000125,233000728,18,20221023-175233
0,0,경기76아1123,3,47,233000125,121001315,54,20221023-175233
0,0,경기76아1132,3,47,233000125,277103528,42,20221023-175233
0,0,경기76아4652,3,38,233000125,233001042,100,20221023-175248
0,0,경기76아1122,3,21,233000125,233000843,79,20221023-175248
0,0,경기76아1123,3,47,233000125,121001315,54,20221023-175248
0,0,경기76아1132,3,47,233000125,277103528,42,20221023-175248
0,0,경기76아4649,3,36,233000125,233000728,18,20221023-175248
0,0,경기76아1122,3,21,233000125,233000843,79,20221023-175303
0,0,경기76아4652,3,38,233000125,233002296,101,20221023-175303
0,0,경기76아1123,3,47,233000125,121001315,54,20221023-175303
0,0,경기76아4649,3,36,233000125,233001404,19,20221023-175303
0,0,경기76아1132,3,47,233000125,277103317,43,20221023-175303
0,0,경기76아1122,3,21,233000125,233000843,79,20221023-175318
0,0,경기76아4652,3,38,233000125,233002296,101,20221023-175318
0,0,경기76아4649,3,36,233000125,233000727,20,20221023-175318
0,0,경기76아1132,3,47,233000125,277103317,43,20221023-175318
0,0,경기76아1123,3,47,233000125,277101688,55,20221023-175318
0,0,경기76아4652,3,39,233000125,233002296,101,20221023-175333
0,0,경기76아1122,3,21,233000125,233000780,80,20221023-175333
0,0,경기76아1132,3,47,233000125,277103317,43,20221023-175333
0,0,경기76아1123,3,47,233000125,277101688,55,20221023-175333
0,0,경기76아4649,3,35,233000125,233000727,20,20221023-175333
0,0,경기76아1122,3,21,233000125,233000780,80,20221023-175348
0,0,경기76아4652,3,39,233000125,233000207,102,20221023-175348
0,0,경기76아1123,3,47,233000125,277101688,55,20221023-175348
0,0,경기76아1132,3,47,233000125,277103317,43,20221023-175348
0,0,경기76아4649,3,35,233000125,233000727,20,20221023-175348
0,0,경기76아1122,3,21,233000125,233000780,80,20221023-175403
0,0,경기76아4652,3,41,233000125,233000207,102,20221023-175403
0,0,경기76아1123,3,47,233000125,277101688,55,20221023-175403
0,0,경기76아1132,3,47,233000125,277103317,43,20221023-175403
0,0,경기76아4649,3,35,233000125,233000727,20,20221023-175403
0,0,경기76아1122,3,21,233000125,233000780,80,20221023-175418
0,0,경기76아4652,3,41,233000125,233000207,102,20221023-175418
0,0,경기76아1123,3,47,233000125,277101688,55,20221023-175418
0,0,경기76아1132,3,47,233000125,277103317,43,20221023-175418
0,0,경기76아4649,3,35,233000125,233000727,20,20221023-175418
0,0,경기76아1122,3,21,233000125,233000780,80,20221023-175433
0,0,경기76아4652,3,41,233000125,233002216,103,20221023-175433
0,0,경기76아1123,3,47,233000125,277101688,55,20221023-175433
0,0,경기76아1132,3,47,233000125,277103317,43,20221023-175433
0,0,경기76아4649,3,35,233000125,233000726,21,20221023-175433
0,0,경기76아1122,3,21,233000125,233000780,80,20221023-175448
0,0,경기76아4652,3,41,233000125,233002216,103,20221023-175448
0,0,경기76아1123,3,47,233000125,277101688,55,20221023-175448
0,0,경기76아1132,3,47,233000125,277103317,43,20221023-175448
0,0,경기76아4649,3,35,233000125,233000726,21,20221023-175448
0,0,경기76아4652,3,41,233000125,233002216,103,20221023-175503
0,0,경기76아1122,3,21,233000125,233000780,80,20221023-175503
0,0,경기76아1123,3,47,233000125,277101688,55,20221023-175503
0,0,경기76아1132,3,47,233000125,277103317,43,20221023-175503
0,0,경기76아4649,3,35,233000125,233000726,21,20221023-175503
0,0,경기76아1122,3,21,233000125,233000779,81,20221023-175518
0,0,경기76아4652,3,41,233000125,233002223,104,20221023-175518
0,0,경기76아1123,3,47,233000125,277101688,55,20221023-175518
0,0,경기76아1132,3,47,233000125,277103317,43,20221023-175518
0,0,경기76아4649,3,35,233000125,233000726,21,20221023-175518
0,0,경기76아1122,3,21,233000125,233000779,81,20221023-175533
0,0,경기76아4652,3,41,233000125,233002223,104,20221023-175533
0,0,경기76아1123,3,47,233000125,277101688,55,20221023-175533
0,0,경기76아1132,3,47,233000125,277103317,43,20221023-175533
0,0,경기76아4649,3,35,233000125,233000726,21,20221023-175533
0,0,경기76아1122,3,21,233000125,233000779,81,20221023-175548
0,0,경기76아4652,3,41,233000125,233002223,104,20221023-175548
0,0,경기76아1123,3,47,233000125,277101688,55,20221023-175548
0,0,경기76아1132,3,47,233000125,277103317,43,20221023-175548
0,0,경기76아4649,3,35,233000125,233000726,21,20221023-175548
0,0,경기76아1122,3,21,233000125,233000779,81,20221023-175603
0,0,경기76아4652,3,41,233000125,233002223,104,20221023-175603
0,0,경기76아1123,3,47,233000125,277101688,55,20221023-175603
0,0,경기76아4649,3,35,233000125,233000726,21,20221023-175603
0,0,경기76아1132,3,47,233000125,277103317,43,20221023-175603
0,0,경기76아4652,3,43,233000125,233002223,104,20221023-175618
0,0,경기76아1122,3,21,233000125,233000779,81,20221023-175618
0,0,경기76아1123,3,47,233000125,277101688,55,20221023-175618
0,0,경기76아1132,3,47,233000125,277103317,43,20221023-175618
0,0,경기76아4649,3,35,233000125,233000725,22,20221023-175618
0,0,경기76아4652,3,43,233000125,233002223,104,20221023-175633
0,0,경기76아1122,3,21,233000125,233000779,81,20221023-175633
0,0,경기76아1123,3,47,233000125,277101688,55,20221023-175633
0,0,경기76아4649,3,35,233000125,233002118,23,20221023-175633
0,0,경기76아1132,3,47,233000125,277103315,44,20221023-175633
0,0,경기76아4652,3,43,233000125,233002223,104,20221023-175648
0,0,경기76아1122,3,21,233000125,233000779,81,20221023-175648
0,0,경기76아1123,3,47,233000125,277101688,55,20221023-175648
0,0,경기76아4649,3,35,233000125,233002118,23,20221023-175648
0,0,경기76아1132,3,47,233000125,277103315,44,20221023-175648
0,0,경기76아4652,3,43,233000125,233002223,104,20221023-175703
0,0,경기76아1122,3,21,233000125,233000779,81,20221023-175703
0,0,경기76아4649,3,35,233000125,233002118,23,20221023-175703
0,0,경기76아1132,3,47,233000125,277103315,44,20221023-175703
0,0,경기76아1123,3,47,233000125,119900083,56,20221023-175703
0,0,경기76아4652,3,43,233000125,233002223,104,20221023-175718
0,0,경기76아1122,3,21,233000125,233000779,81,20221023-175718
0,0,경기76아1123,3,47,233000125,119900083,56,20221023-175718
0,0,경기76아4649,3,35,233000125,233002118,23,20221023-175718
0,0,경기76아1132,3,47,233000125,277103315,44,20221023-175718
0,0,경기76아1122,3,21,233000125,233000779,81,20221023-175733
0,0,경기76아4652,3,44,233000125,233002214,105,20221023-175733
0,0,경기76아1123,3,47,233000125,119900083,56,20221023-175733
0,0,경기76아1132,3,47,233000125,277103315,44,20221023-175733
0,0,경기76아4649,3,35,233000125,233002118,23,20221023-175733
0,0,경기76아1122,3,21,233000125,233000779,81,20221023-175748
0,0,경기76아4652,3,44,233000125,233002214,105,20221023-175748
0,0,경기76아1123,3,47,233000125,119900083,56,20221023-175748
0,0,경기76아1132,3,47,233000125,277103315,44,20221023-175748
0,0,경기76아4649,3,35,233000125,233002118,23,20221023-175748
0,0,경기76아1122,3,21,233000125,233000779,81,20221023-175803
0,0,경기76아4652,3,44,233000125,233002214,105,20221023-175803
0,0,경기76아1123,3,47,233000125,119900083,56,20221023-175803
0,0,경기76아4649,3,35,233000125,233002118,23,20221023-175803
0,0,경기76아1132,3,47,233000125,277103315,44,20221023-175803
0,0,경기76아4652,3,44,233000125,233002214,105,20221023-175818
0,0,경기76아1122,3,21,233000125,233000778,82,20221023-175818
0,0,경기76아1123,3,47,233000125,119900083,56,20221023-175818
0,0,경기76아1132,3,47,233000125,277103315,44,20221023-175818
0,0,경기76아4649,3,35,233000125,233002118,23,20221023-175818
0,0,경기76아4652,3,44,233000125,233002214,105,20221023-175833
0,0,경기76아1122,3,22,233000125,233000778,82,20221023-175833
0,0,경기76아1123,3,47,233000125,119900083,56,20221023-175833
0,0,경기76아4649,3,35,233000125,233002118,23,20221023-175833
0,0,경기76아1132,3,47,233000125,277103315,44,20221023-175833
0,0,경기76아4652,3,44,233000125,233002214,105,20221023-175848
0,0,경기76아1122,3,22,233000125,233000778,82,20221023-175848
0,0,경기76아1123,3,47,233000125,119900083,56,20221023-175848
0,0,경기76아1132,3,47,233000125,226000039,45,20221023-175848
0,0,경기76아4649,3,35,233000125,233000724,24,20221023-175848
0,0,경기76아1122,3,22,233000125,233000778,82,20221023-175903
0,0,경기76아1123,3,47,233000125,119900083,56,20221023-175903
0,0,경기76아1132,3,47,233000125,226000039,45,20221023-175903
0,0,경기76아4649,3,35,233000125,233000723,25,20221023-175903
0,0,경기76아1122,3,22,233000125,233000778,82,20221023-175918
0,0,경기76아1123,3,47,233000125,119900083,56,20221023-175918
0,0,경기76아1132,3,47,233000125,226000039,45,20221023-175918
0,0,경기76아4649,3,35,233000125,233000723,25,20221023-175918
0,0,경기76아1122,3,22,233000125,233000777,83,20221023-175933
0,0,경기76아1123,3,47,233000125,119900083,56,20221023-175933
0,0,경기76아4649,3,35,233000125,233000723,25,20221023-175933
0,0,경기76아1132,3,47,233000125,226000039,45,20221023-175933
0,0,경기76아1122,3,22,233000125,233000777,83,20221023-175948
0,0,경기76아1123,3,47,233000125,119900083,56,20221023-175948
0,0,경기76아4649,3,35,233000125,233000722,26,20221023-175948
0,0,경기76아1132,3,47,233000125,226000039,45,20221023-175948
0,0,경기76아1122,3,22,233000125,233000776,84,20221023-180004
0,0,경기76아4649,3,35,233000125,233000722,26,20221023-180004
0,0,경기76아1132,3,47,233000125,226000039,45,20221023-180004
0,0,경기76아1123,3,5,233000125,119900083,56,20221023-180004
0,0,경기76아1122,3,22,233000125,233000776,84,20221023-180018
0,0,경기76아4649,3,35,233000125,233000722,26,20221023-180018
0,0,경기76아1132,3,47,233000125,226000039,45,20221023-180018
0,0,경기76아1123,3,5,233000125,119900083,56,20221023-180018
0,0,경기76아1122,3,22,233000125,233000774,85,20221023-180033
0,0,경기76아4649,3,35,233000125,233000722,26,20221023-180033
0,0,경기76아1123,3,5,233000125,119900083,56,20221023-180033
0,0,경기76아1132,3,47,233000125,226000039,45,20221023-180033
0,0,경기76아4650,3,45,233000125,233002226,1,20221023-180048
0,0,경기76아1122,3,22,233000125,233000774,85,20221023-180048
0,0,경기76아4649,3,35,233000125,233000722,26,20221023-180048
0,0,경기76아1123,3,5,233000125,119900083,56,20221023-180048
0,0,경기76아1132,3,47,233000125,226000039,45,20221023-180048
0,0,경기76아1122,3,22,233000125,233000774,85,20221023-180103
0,0,경기76아4650,3,45,233000125,233002226,1,20221023-180103
0,0,경기76아1123,3,5,233000125,119900083,56,20221023-180103
0,0,경기76아1132,3,47,233000125,226000039,45,20221023-180103
0,0,경기76아4649,3,35,233000125,233000721,27,20221023-180103
0,0,경기76아1122,3,22,233000125,233000774,85,20221023-180118
0,0,경기76아4650,3,45,233000125,277102459,2,20221023-180118
0,0,경기76아1123,3,5,233000125,119900083,56,20221023-180118
0,0,경기76아4649,3,35,233000125,233000721,27,20221023-180118
0,0,경기76아1132,3,47,233000125,277103221,46,20221023-180118
0,0,경기76아1122,3,22,233000125,233000774,85,20221023-180133
0,0,경기76아4650,3,45,233000125,277102459,2,20221023-180133
0,0,경기76아1123,3,5,233000125,119900083,56,20221023-180133
0,0,경기76아1132,3,47,233000125,277103221,46,20221023-180133
0,0,경기76아4649,3,35,233000125,233000721,27,20221023-180133
0,0,경기76아4650,3,45,233000125,277102459,2,20221023-180148
0,0,경기76아1122,3,22,233000125,233000773,86,20221023-180148
0,0,경기76아1123,3,5,233000125,119900083,56,20221023-180148
0,0,경기76아4649,3,35,233000125,233000721,27,20221023-180148
0,0,경기76아1132,3,47,233000125,277103221,46,20221023-180148
0,0,경기76아1122,3,22,233000125,233000773,86,20221023-180203
0,0,경기76아4650,3,45,233000125,277102459,2,20221023-180203
0,0,경기76아1123,3,5,233000125,119900083,56,20221023-180203
0,0,경기76아4649,3,35,233000125,233000721,27,20221023-180203
0,0,경기76아1132,3,47,233000125,277103221,46,20221023-180203
0,0,경기76아4650,3,45,233000125,277102459,2,20221023-180218
0,0,경기76아1122,3,22,233000125,233003082,87,20221023-180218
0,0,경기76아1123,3,5,233000125,119900083,56,20221023-180218
0,0,경기76아1132,3,47,233000125,277103221,46,20221023-180218
0,0,경기76아4649,3,35,233000125,233000721,27,20221023-180218
0,0,경기76아1122,3,22,233000125,233003082,87,20221023-180233
0,0,경기76아4650,3,45,233000125,233002221,3,20221023-180233
0,0,경기76아1123,3,5,233000125,119900083,56,20221023-180233
0,0,경기76아1132,3,47,233000125,277103221,46,20221023-180233
0,0,경기76아4649,3,35,233000125,233000720,28,20221023-180233
0,0,경기76아4650,3,45,233000125,233002221,3,20221023-180248
0,0,경기76아1122,3,22,233000125,233003082,87,20221023-180248
0,0,경기76아1123,3,5,233000125,119900083,56,20221023-180248
0,0,경기76아1132,3,47,233000125,277103221,46,20221023-180248
0,0,경기76아4649,3,34,233000125,233000720,28,20221023-180248
0,0,경기76아1122,3,22,233000125,233003082,87,20221023-180303
0,0,경기76아4650,3,45,233000125,233002221,3,20221023-180303
0,0,경기76아1123,3,5,233000125,119900083,56,20221023-180303
0,0,경기76아1132,3,47,233000125,277103221,46,20221023-180303
0,0,경기76아4649,3,34,233000125,233000720,28,20221023-180303
0,0,경기76아1122,3,22,233000125,233003082,87,20221023-180318
0,0,경기76아4650,3,45,233000125,233002221,3,20221023-180318
0,0,경기76아1123,3,5,233000125,119900083,56,20221023-180318
0,0,경기76아4649,3,34,233000125,233000720,28,20221023-180318
0,0,경기76아1132,3,47,233000125,277103221,46,20221023-180318
0,0,경기76아1122,3,22,233000125,233003082,87,20221023-180333
0,0,경기76아4650,3,45,233000125,233002221,3,20221023-180333
0,0,경기76아4649,3,34,233000125,233000720,28,20221023-180333
0,0,경기76아1123,3,5,233000125,277103902,53,20221023-180333
0,0,경기76아1132,3,47,233000125,277103221,46,20221023-180333
0,0,경기76아1122,3,22,233000125,233003082,87,20221023-180348
0,0,경기76아4650,3,45,233000125,233002221,3,20221023-180348
0,0,경기76아1132,3,47,233000125,277103221,46,20221023-180348
0,0,경기76아1123,3,5,233000125,277103902,53,20221023-180348
0,0,경기76아4649,3,34,233000125,233000720,28,20221023-180348
0,0,경기76아1122,3,22,233000125,233003082,87,20221023-180403
0,0,경기76아4650,3,45,233000125,233002221,3,20221023-180403
0,0,경기76아1132,3,47,233000125,277103221,46,20221023-180403
0,0,경기76아1123,3,5,233000125,277102049,57,20221023-180403
0,0,경기76아4649,3,34,233000125,233000720,28,20221023-180403
0,0,경기76아1122,3,22,233000125,233003082,87,20221023-180418
0,0,경기76아4650,3,43,233000125,233002224,4,20221023-180418
0,0,경기76아1132,3,47,233000125,277103221,46,20221023-180418
0,0,경기76아4649,3,34,233000125,233000720,28,20221023-180418
0,0,경기76아1123,3,5,233000125,277102049,57,20221023-180418
0,0,경기76아4650,3,43,233000125,233002224,4,20221023-180433
0,0,경기76아1122,3,22,233000125,233000772,88,20221023-180433
0,0,경기76아1132,3,47,233000125,277103221,46,20221023-180433
0,0,경기76아1123,3,5,233000125,277102049,57,20221023-180433
0,0,경기76아4649,3,34,233000125,233000720,28,20221023-180433
0,0,경기76아1122,3,22,233000125,233000772,88,20221023-180448
0,0,경기76아4650,3,43,233000125,233002225,5,20221023-180448
0,0,경기76아1123,3,5,233000125,277102049,57,20221023-180448
0,0,경기76아1132,3,47,233000125,277103159,47,20221023-180448
0,0,경기76아4649,3,34,233000125,233000719,29,20221023-180448
0,0,경기76아1122,3,22,233000125,233000772,88,20221023-180503
0,0,경기76아4650,3,43,233000125,233002225,5,20221023-180503
0,0,경기76아1123,3,5,233000125,277102049,57,20221023-180503
0,0,경기76아1132,3,47,233000125,277103159,47,20221023-180503
0,0,경기76아4649,3,34,233000125,233000719,29,20221023-180503
0,0,경기76아1122,3,22,233000125,233000772,88,20221023-180518
0,0,경기76아4650,3,43,233000125,233002225,5,20221023-180518
0,0,경기76아1123,3,5,233000125,277102049,57,20221023-180518
0,0,경기76아1132,3,47,233000125,277103159,47,20221023-180518
0,0,경기76아4649,3,34,233000125,233000718,30,20221023-180518
0,0,경기76아1122,3,22,233000125,233000772,88,20221023-180533
0,0,경기76아4650,3,43,233000125,233002225,5,20221023-180533
0,0,경기76아1123,3,5,233000125,277102049,57,20221023-180533
0,0,경기76아1132,3,47,233000125,277103159,47,20221023-180533
0,0,경기76아4649,3,34,233000125,233000718,30,20221023-180533
0,0,경기76아4650,3,43,233000125,233002225,5,20221023-180548
0,0,경기76아1122,3,22,233000125,233000772,88,20221023-180548
0,0,경기76아1123,3,5,233000125,277102049,57,20221023-180548
0,0,경기76아1132,3,47,233000125,277103159,47,20221023-180548
0,0,경기76아4649,3,34,233000125,233000718,30,20221023-180548
0,0,경기76아1122,3,22,233000125,233000771,89,20221023-180603
0,0,경기76아4650,3,43,233000125,233002295,6,20221023-180603
0,0,경기76아1123,3,5,233000125,277102049,57,20221023-180603
0,0,경기76아1132,3,47,233000125,277103200,48,20221023-180603
0,0,경기76아4649,3,34,233000125,233000718,30,20221023-180603
0,0,경기76아1122,3,22,233000125,233000771,89,20221023-180618
0,0,경기76아4650,3,43,233000125,233002295,6,20221023-180618
0,0,경기76아1123,3,5,233000125,277102049,57,20221023-180618
0,0,경기76아1132,3,47,233000125,277103200,48,20221023-180618
0,0,경기76아4649,3,34,233000125,233000842,31,20221023-180618
0,0,경기76아4650,3,43,233000125,233001041,7,20221023-180633
0,0,경기76아1122,3,22,233000125,233000770,90,20221023-180633
0,0,경기76아1132,3,47,233000125,277103200,48,20221023-180633
0,0,경기76아4649,3,34,233000125,233000842,31,20221023-180633
0,0,경기76아1123,3,5,233000125,277102291,58,20221023-180633
0,0,경기76아4650,3,43,233000125,233001041,7,20221023-180648
0,0,경기76아1122,3,22,233000125,233000770,90,20221023-180648
0,0,경기76아1123,3,5,233000125,277102291,58,20221023-180648
0,0,경기76아4649,3,35,233000125,233000842,31,20221023-180648
0,0,경기76아1132,3,47,233000125,277103200,48,20221023-180648
0,0,경기76아4650,3,43,233000125,233002131,8,20221023-180703
0,0,경기76아1122,3,24,233000125,233000770,90,20221023-180703
0,0,경기76아1123,3,5,233000125,277102291,58,20221023-180703
0,0,경기76아1132,3,47,233000125,277103200,48,20221023-180703
0,0,경기76아4649,3,35,233000125,233000842,31,20221023-180703
0,0,경기76아4650,3,43,233000125,233002131,8,20221023-180718
0,0,경기76아1122,3,24,233000125,233000770,90,20221023-180718
0,0,경기76아1123,3,5,233000125,277102291,58,20221023-180718
0,0,경기76아1132,3,47,233000125,277103200,48,20221023-180718
0,0,경기76아4649,3,35,233000125,233000842,31,20221023-180718
0,0,경기76아1122,3,24,233000125,233000770,90,20221023-180733
0,0,경기76아4650,3,43,233000125,233002131,8,20221023-180733
0,0,경기76아1132,3,47,233000125,277103200,48,20221023-180733
0,0,경기76아4649,3,35,233000125,233002149,32,20221023-180733
0,0,경기76아1123,3,5,233000125,277102291,58,20221023-180733
0,0,경기76아4650,3,43,233000125,233002131,8,20221023-180748
0,0,경기76아1122,3,24,233000125,233000770,90,20221023-180748
0,0,경기76아4649,3,35,233000125,233002149,32,20221023-180748
0,0,경기76아1123,3,5,233000125,277102291,58,20221023-180748
0,0,경기76아1132,3,47,233000125,277103200,48,20221023-180748
0,0,경기76아1122,3,24,233000125,233000770,90,20221023-180803
0,0,경기76아4650,3,43,233000125,233000148,9,20221023-180803
0,0,경기76아4649,3,35,233000125,233002149,32,20221023-180803
0,0,경기76아1123,3,5,233000125,277102291,58,20221023-180803
0,0,경기76아1132,3,47,233000125,277103200,48,20221023-180803
0,0,경기76아1122,3,24,233000125,233000770,90,20221023-180818
0,0,경기76아4650,3,43,233000125,233000148,9,20221023-180818
0,0,경기76아1123,3,5,233000125,277102291,58,20221023-180818
0,0,경기76아4649,3,35,233000125,233000717,33,20221023-180818
0,0,경기76아1132,3,47,233000125,277103200,48,20221023-180818
0,0,경기76아1122,3,24,233000125,233000770,90,20221023-180833
0,0,경기76아4650,3,43,233000125,233000148,9,20221023-180833
0,0,경기76아4649,3,35,233000125,233000717,33,20221023-180833
0,0,경기76아1132,3,47,233000125,277103203,49,20221023-180833
0,0,경기76아1123,3,5,233000125,277103204,59,20221023-180833
0,0,경기76아1122,3,24,233000125,233000770,90,20221023-180848
0,0,경기76아4650,3,43,233000125,233000191,10,20221023-180848
0,0,경기76아1132,3,47,233000125,277103203,49,20221023-180848
0,0,경기76아1123,3,5,233000125,277103204,59,20221023-180848
0,0,경기76아4649,3,35,233000125,233000716,34,20221023-180848
0,0,경기76아1122,3,24,233000125,233000770,90,20221023-180903
0,0,경기76아4650,3,42,233000125,233000191,10,20221023-180903
0,0,경기76아1123,3,5,233000125,277103204,59,20221023-180903
0,0,경기76아4649,3,35,233000125,233000059,35,20221023-180903
0,0,경기76아1132,3,47,233000125,277103203,49,20221023-180903
0,0,경기76아1122,3,24,233000125,233000770,90,20221023-180918
0,0,경기76아4650,3,42,233000125,233000190,11,20221023-180918
0,0,경기76아1132,3,47,233000125,277103203,49,20221023-180918
0,0,경기76아4649,3,35,233000125,233000059,35,20221023-180918
0,0,경기76아1123,3,5,233000125,277103204,59,20221023-180918
0,0,경기76아4650,3,42,233000125,233000190,11,20221023-180933
0,0,경기76아1122,3,24,233000125,233000769,91,20221023-180933
0,0,경기76아1132,3,47,233000125,277103203,49,20221023-180933
0,0,경기76아1123,3,5,233000125,277103204,59,20221023-180933
0,0,경기76아4649,3,-1,233000125,233000891,36,20221023-180933
0,0,경기76아4650,3,42,233000125,233000190,11,20221023-180948
0,0,경기76아1122,3,24,233000125,233000769,91,20221023-180948
0,0,경기76아1132,3,47,233000125,277103203,49,20221023-180948
0,0,경기76아1123,3,5,233000125,277103204,59,20221023-180948
0,0,경기76아4649,3,-1,233000125,233000891,36,20221023-180948
0,0,경기76아4650,3,42,233000125,233000190,11,20221023-181003
0,0,경기76아1122,3,27,233000125,233000769,91,20221023-181003
0,0,경기76아1123,3,5,233000125,277103204,59,20221023-181003
0,0,경기76아4649,3,-1,233000125,233000891,36,20221023-181003
0,0,경기76아1132,3,47,233000125,277103203,49,20221023-181003
0,0,경기76아4650,3,42,233000125,233000190,11,20221023-181018
0,0,경기76아1122,3,27,233000125,233000769,91,20221023-181018
0,0,경기76아1132,3,47,233000125,277103203,49,20221023-181018
0,0,경기76아1123,3,5,233000125,277103204,59,20221023-181018
0,0,경기76아4649,3,33,233000125,233000891,36,20221023-181018
0,0,경기76아1122,3,27,233000125,233000768,92,20221023-181033
0,0,경기76아4650,3,42,233000125,233000189,12,20221023-181033
0,0,경기76아4649,3,33,233000125,233000891,36,20221023-181033
0,0,경기76아1132,3,47,233000125,277103205,50,20221023-181033
0,0,경기76아1123,3,-1,233000125,277103202,60,20221023-181033
0,0,경기76아1122,3,27,233000125,233000768,92,20221023-181048
0,0,경기76아4650,3,42,233000125,233000189,12,20221023-181048
0,0,경기76아4649,3,33,233000125,233000891,36,20221023-181048
0,0,경기76아1132,3,47,233000125,277103205,50,20221023-181048
0,0,경기76아1123,3,5,233000125,277103202,60,20221023-181048
0,0,경기76아1122,3,27,233000125,233000768,92,20221023-181103
0,0,경기76아4650,3,42,233000125,233001943,13,20221023-181103
0,0,경기76아1132,3,47,233000125,277103205,50,20221023-181103
0,0,경기76아4649,3,33,233000125,233000715,37,20221023-181103
0,0,경기76아1123,3,5,233000125,277103202,60,20221023-181103
0,0,경기76아1122,3,27,233000125,233000768,92,20221023-181118
0,0,경기76아4650,3,41,233000125,233001943,13,20221023-181118
0,0,경기76아1132,3,47,233000125,277103205,50,20221023-181118
0,0,경기76아4649,3,33,233000125,233000715,37,20221023-181118
0,0,경기76아1123,3,5,233000125,277103202,60,20221023-181118
0,0,경기76아1122,3,27,233000125,233000768,92,20221023-181133
0,0,경기76아4650,3,41,233000125,233000188,14,20221023-181133
0,0,경기76아1132,3,47,233000125,277103205,50,20221023-181133
0,0,경기76아1123,3,5,233000125,277103202,60,20221023-181133
0,0,경기76아4649,3,33,233000125,233000715,37,20221023-181133
0,0,경기76아1122,3,31,233000125,233000768,92,20221023-181148
0,0,경기76아4650,3,41,233000125,233000188,14,20221023-181148
0,0,경기76아1132,3,47,233000125,277103205,50,20221023-181148
0,0,경기76아1123,3,5,233000125,277103202,60,20221023-181148
0,0,경기76아4649,3,33,233000125,233000714,38,20221023-181148
0,0,경기76아1122,3,31,233000125,233000768,92,20221023-181203
0,0,경기76아4650,3,41,233000125,233001318,15,20221023-181203
0,0,경기76아1132,3,47,233000125,277103205,50,20221023-181203
0,0,경기76아1123,3,5,233000125,277103201,61,20221023-181203
0,0,경기76아4649,3,33,233000125,233000713,39,20221023-181203
0,0,경기76아1122,3,31,233000125,233000768,92,20221023-181218
0,0,경기76아4650,3,41,233000125,233001318,15,20221023-181218
0,0,경기76아1123,3,5,233000125,277103201,61,20221023-181218
0,0,경기76아4649,3,33,233000125,233000713,39,20221023-181218
0,0,경기76아1132,3,47,233000125,277103205,50,20221023-181218
0,0,경기76아1122,3,31,233000125,233000768,92,20221023-181233
0,0,경기76아4650,3,41,233000125,233001318,15,20221023-181233
0,0,경기76아1123,3,5,233000125,277103201,61,20221023-181233
0,0,경기76아1132,3,47,233000125,277103205,50,20221023-181233
0,0,경기76아4649,3,33,233000125,233000713,39,20221023-181233
0,0,경기76아1122,3,31,233000125,233000768,92,20221023-181248
0,0,경기76아4650,3,41,233000125,233001318,15,20221023-181248
0,0,경기76아1123,3,5,233000125,277103201,61,20221023-181248
0,0,경기76아1132,3,47,233000125,277103205,50,20221023-181248
0,0,경기76아4649,3,33,233000125,233000713,39,20221023-181248
0,0,경기76아1122,3,31,233000125,233000768,92,20221023-181304
0,0,경기76아4650,3,41,233000125,233001318,15,20221023-181304
0,0,경기76아1123,3,5,233000125,277103201,61,20221023-181304
0,0,경기76아4649,3,33,233000125,233000712,40,20221023-181304
0,0,경기76아1132,3,47,233000125,277103205,50,20221023-181304
0,0,경기76아1122,3,31,233000125,233000768,92,20221023-181319
0,0,경기76아4650,3,41,233000125,233001318,15,20221023-181319
0,0,경기76아1132,3,47,233000125,277103205,50,20221023-181319
0,0,경기76아1123,3,5,233000125,277103201,61,20221023-181319
0,0,경기76아4649,3,33,233000125,233000712,40,20221023-181319
0,0,경기76아4650,3,41,233000125,233001318,15,20221023-181334
0,0,경기76아1122,3,31,233000125,233000768,92,20221023-181334
0,0,경기76아1132,3,47,233000125,277103205,50,20221023-181334
0,0,경기76아4649,3,34,233000125,233000712,40,20221023-181334
0,0,경기76아1123,3,5,233000125,277103201,61,20221023-181334
0,0,경기76아4650,3,41,233000125,233001318,15,20221023-181349
0,0,경기76아1122,3,31,233000125,233000768,92,20221023-181349
0,0,경기76아1132,3,47,233000125,277103205,50,20221023-181349
0,0,경기76아4649,3,34,233000125,233000712,40,20221023-181349
0,0,경기76아1123,3,5,233000125,277103201,61,20221023-181349
0,0,경기76아1122,3,31,233000125,233001749,93,20221023-181403
0,0,경기76아4650,3,41,233000125,233001318,15,20221023-181403
0,0,경기76아4649,3,34,233000125,233000712,40,20221023-181403
0,0,경기76아1123,3,5,233000125,277103201,61,20221023-181403
0,0,경기76아1132,3,47,233000125,277103903,51,20221023-181403
0,0,경기76아1122,3,31,233000125,233001749,93,20221023-181418
0,0,경기76아4650,3,42,233000125,233001318,15,20221023-181418
0,0,경기76아1123,3,5,233000125,277103201,61,20221023-181418
0,0,경기76아1132,3,47,233000125,277103903,51,20221023-181418
0,0,경기76아4649,3,34,233000125,233000712,40,20221023-181418
0,0,경기76아4650,3,42,233000125,233001318,15,20221023-181433
0,0,경기76아1122,3,32,233000125,233001749,93,20221023-181433
0,0,경기76아1123,3,5,233000125,277103201,61,20221023-181433
0,0,경기76아4649,3,34,233000125,233000712,40,20221023-181433
0,0,경기76아1132,3,47,233000125,120000671,52,20221023-181433
0,0,경기76아4650,3,42,233000125,233001318,15,20221023-181448
0,0,경기76아1122,3,32,233000125,233001749,93,20221023-181448
0,0,경기76아4649,3,34,233000125,233000712,40,20221023-181448
0,0,경기76아1132,3,47,233000125,120000671,52,20221023-181448
0,0,경기76아1123,3,5,233000125,277103158,62,20221023-181448
0,0,경기76아1122,3,32,233000125,233002159,94,20221023-181503
0,0,경기76아4650,3,43,233000125,233000730,16,20221023-181503
0,0,경기76아4649,3,34,233000125,233000712,40,20221023-181503
0,0,경기76아1132,3,47,233000125,120000671,52,20221023-181503
0,0,경기76아1123,3,5,233000125,277103158,62,20221023-181503
0,0,경기76아1122,3,32,233000125,233002159,94,20221023-181518
0,0,경기76아4650,3,43,233000125,233000730,16,20221023-181518
0,0,경기76아4649,3,34,233000125,233000712,40,20221023-181518
0,0,경기76아1123,3,5,233000125,277103158,62,20221023-181518
0,0,경기76아1132,3,47,233000125,120000671,52,20221023-181518
0,0,경기76아1122,3,36,233000125,233002159,94,20221023-181533
0,0,경기76아4650,3,43,233000125,233000730,16,20221023-181533
0,0,경기76아4649,3,34,233000125,233000712,40,20221023-181533
0,0,경기76아1132,3,47,233000125,120000671,52,20221023-181533
0,0,경기76아1123,3,5,233000125,277103158,62,20221023-181533
0,0,경기76아1122,3,36,233000125,233002159,94,20221023-181548
0,0,경기76아4650,3,43,233000125,233000729,17,20221023-181548
0,0,경기76아1132,3,47,233000125,120000671,52,20221023-181548
0,0,경기76아4649,3,34,233000125,233000712,40,20221023-181548
0,0,경기76아1123,3,5,233000125,277103158,62,20221023-181548
0,0,경기76아1122,3,36,233000125,233002159,94,20221023-181603
0,0,경기76아4650,3,43,233000125,233000729,17,20221023-181603
0,0,경기76아4649,3,34,233000125,233000712,40,20221023-181603
0,0,경기76아1123,3,5,233000125,277103220,63,20221023-181603
0,0,경기76아1132,3,47,233000125,120000671,52,20221023-181603
0,0,경기76아1122,3,36,233000125,233002159,94,20221023-181618
0,0,경기76아4650,3,42,233000125,233000729,17,20221023-181618
0,0,경기76아4649,3,34,233000125,233000712,40,20221023-181618
0,0,경기76아1123,3,5,233000125,277103220,63,20221023-181618
0,0,경기76아1132,3,47,233000125,277103902,53,20221023-181618
0,0,경기76아4650,3,42,233000125,233000729,17,20221023-181633
0,0,경기76아1122,3,36,233000125,233001828,95,20221023-181633
0,0,경기76아4649,3,34,233000125,233000712,40,20221023-181633
0,0,경기76아1123,3,5,233000125,277103220,63,20221023-181633
0,0,경기76아1132,3,47,233000125,277103902,53,20221023-181633
0,0,경기76아4650,3,42,233000125,233000729,17,20221023-181648
0,0,경기76아1122,3,36,233000125,233001828,95,20221023-181648
0,0,경기76아1123,3,5,233000125,277103220,63,20221023-181648
0,0,경기76아1132,3,47,233000125,277103902,53,20221023-181648
0,0,경기76아4649,3,34,233000125,233000712,40,20221023-181648
0,0,경기76아1122,3,36,233000125,233001828,95,20221023-181703
0,0,경기76아4650,3,42,233000125,233000729,17,20221023-181703
0,0,경기76아1132,3,47,233000125,277103902,53,20221023-181703
0,0,경기76아1123,3,5,233000125,277103220,63,20221023-181703
0,0,경기76아4649,3,34,233000125,277103520,41,20221023-181703
0,0,경기76아1122,3,36,233000125,233001828,95,20221023-181718
0,0,경기76아4650,3,42,233000125,233000728,18,20221023-181718
0,0,경기76아1132,3,47,233000125,277103902,53,20221023-181718
0,0,경기76아1123,3,5,233000125,277103220,63,20221023-181718
0,0,경기76아4649,3,34,233000125,277103520,41,20221023-181718
0,0,경기76아1122,3,36,233000125,233001828,95,20221023-181733
0,0,경기76아4650,3,42,233000125,233001404,19,20221023-181733
0,0,경기76아4649,3,34,233000125,277103520,41,20221023-181733
0,0,경기76아1132,3,49,233000125,121001315,54,20221023-181733
0,0,경기76아1123,3,5,233000125,277103220,63,20221023-181733
0,0,경기76아1122,3,36,233000125,233001828,95,20221023-181748
0,0,경기76아4650,3,42,233000125,233000727,20,20221023-181748
0,0,경기76아4649,3,34,233000125,277103520,41,20221023-181748
0,0,경기76아1132,3,49,233000125,121001315,54,20221023-181748
0,0,경기76아1123,3,5,233000125,226000038,64,20221023-181748
0,0,경기76아1122,3,36,233000125,233001828,95,20221023-181803
0,0,경기76아4650,3,42,233000125,233000727,20,20221023-181803
0,0,경기76아4649,3,34,233000125,277103520,41,20221023-181803
0,0,경기76아1132,3,49,233000125,121001315,54,20221023-181803
0,0,경기76아1123,3,5,233000125,226000038,64,20221023-181803
0,0,경기76아1122,3,36,233000125,233001828,95,20221023-181818
0,0,경기76아4650,3,42,233000125,233000727,20,20221023-181818
0,0,경기76아4649,3,34,233000125,277103520,41,20221023-181818
0,0,경기76아1132,3,49,233000125,121001315,54,20221023-181818
0,0,경기76아1123,3,4,233000125,226000038,64,20221023-181818
0,0,경기76아1122,3,36,233000125,233001828,95,20221023-181833
0,0,경기76아4650,3,42,233000125,233000727,20,20221023-181833
0,0,경기76아4649,3,34,233000125,277103520,41,20221023-181833
0,0,경기76아1132,3,49,233000125,121001315,54,20221023-181833
0,0,경기76아1123,3,4,233000125,226000038,64,20221023-181833
0,0,경기76아1122,3,36,233000125,233001828,95,20221023-181848
0,0,경기76아4650,3,42,233000125,233000727,20,20221023-181848
0,0,경기76아1132,3,49,233000125,121001315,54,20221023-181848
0,0,경기76아1123,3,4,233000125,226000038,64,20221023-181848
0,0,경기76아4649,3,34,233000125,277103520,41,20221023-181848
0,0,경기76아1122,3,36,233000125,233001828,95,20221023-181903
0,0,경기76아4650,3,42,233000125,233000726,21,20221023-181903
0,0,경기76아1132,3,49,233000125,121001315,54,20221023-181903
0,0,경기76아4649,3,34,233000125,277103520,41,20221023-181903
0,0,경기76아1123,3,4,233000125,226000038,64,20221023-181903
0,0,경기76아1122,3,36,233000125,233001828,95,20221023-181918
0,0,경기76아4650,3,42,233000125,233000726,21,20221023-181918
0,0,경기76아1132,3,49,233000125,121001315,54,20221023-181918
0,0,경기76아4649,3,34,233000125,277103520,41,20221023-181918
0,0,경기76아1123,3,4,233000125,226000038,64,20221023-181918
0,0,경기76아4650,3,42,233000125,233000726,21,20221023-181933
0,0,경기76아1122,3,36,233000125,233001435,96,20221023-181933
0,0,경기76아1132,3,49,233000125,121001315,54,20221023-181933
0,0,경기76아1123,3,4,233000125,226000038,64,20221023-181933
0,0,경기76아4649,3,34,233000125,277103520,41,20221023-181933
0,0,경기76아4650,3,42,233000125,233000726,21,20221023-181948
0,0,경기76아1122,3,37,233000125,233001435,96,20221023-181948
0,0,경기76아1132,3,49,233000125,121001315,54,20221023-181948
0,0,경기76아1123,3,4,233000125,226000038,64,20221023-181948
0,0,경기76아4649,3,34,233000125,277103520,41,20221023-181948
0,0,경기76아4650,3,42,233000125,233000726,21,20221023-182006
0,0,경기76아1122,3,37,233000125,233001435,96,20221023-182006
0,0,경기76아1132,3,49,233000125,277101688,55,20221023-182006
0,0,경기76아4649,3,34,233000125,277103528,42,20221023-182006
0,0,경기76아1123,3,4,233000125,277103314,65,20221023-182006
0,0,경기76아4650,3,42,233000125,233000726,21,20221023-182018
0,0,경기76아1122,3,37,233000125,233000208,97,20221023-182018
0,0,경기76아1132,3,49,233000125,277101688,55,20221023-182018
0,0,경기76아4649,3,34,233000125,277103528,42,20221023-182018
0,0,경기76아1123,3,4,233000125,277103314,65,20221023-182018
0,0,경기76아4650,3,42,233000125,233000726,21,20221023-182033
0,0,경기76아1122,3,37,233000125,233001043,98,20221023-182033
0,0,경기76아1132,3,49,233000125,277101688,55,20221023-182033
0,0,경기76아4649,3,34,233000125,277103528,42,20221023-182033
0,0,경기76아1123,3,4,233000125,277103314,65,20221023-182033
0,0,경기76아1122,3,37,233000125,233001043,98,20221023-182048
0,0,경기76아4650,3,42,233000125,233000726,21,20221023-182048
0,0,경기76아1132,3,49,233000125,277101688,55,20221023-182048
0,0,경기76아4649,3,34,233000125,277103528,42,20221023-182048
0,0,경기76아1123,3,4,233000125,277103314,65,20221023-182048
0,0,경기76아4650,3,42,233000125,233000726,21,20221023-182103
0,0,경기76아1122,3,38,233000125,233001043,98,20221023-182103
0,0,경기76아1132,3,49,233000125,277101688,55,20221023-182103
0,0,경기76아4649,3,34,233000125,277103528,42,20221023-182103
0,0,경기76아1123,3,4,233000125,277103314,65,20221023-182103
0,0,경기76아4650,3,42,233000125,233000726,21,20221023-182118
0,0,경기76아1122,3,38,233000125,233001043,98,20221023-182118
0,0,경기76아1132,3,49,233000125,277101688,55,20221023-182118
0,0,경기76아1123,3,4,233000125,277103314,65,20221023-182118
0,0,경기76아4649,3,34,233000125,277103317,43,20221023-182118
0,0,경기76아4650,3,42,233000125,233000726,21,20221023-182133
0,0,경기76아1122,3,38,233000125,233001043,98,20221023-182133
0,0,경기76아1132,3,49,233000125,277101688,55,20221023-182133
0,0,경기76아1123,3,4,233000125,277103314,65,20221023-182133
0,0,경기76아4649,3,34,233000125,277103317,43,20221023-182133
0,0,경기76아4650,3,42,233000125,233000726,21,20221023-182148
0,0,경기76아1122,3,38,233000125,233001043,98,20221023-182148
0,0,경기76아1132,3,49,233000125,277101688,55,20221023-182148
0,0,경기76아1123,3,4,233000125,277103314,65,20221023-182148
0,0,경기76아4649,3,34,233000125,277103317,43,20221023-182148
0,0,경기76아1122,3,38,233000125,233001043,98,20221023-182203
0,0,경기76아4650,3,42,233000125,233000725,22,20221023-182203
0,0,경기76아1132,3,49,233000125,277101688,55,20221023-182203
0,0,경기76아1123,3,4,233000125,277103314,65,20221023-182203
0,0,경기76아4649,3,34,233000125,277103317,43,20221023-182203
0,0,경기76아1122,3,38,233000125,233002130,99,20221023-182218
0,0,경기76아4650,3,42,233000125,233002118,23,20221023-182218
0,0,경기76아1132,3,49,233000125,277101688,55,20221023-182218
0,0,경기76아1123,3,4,233000125,277103314,65,20221023-182218
0,0,경기76아4649,3,34,233000125,277103317,43,20221023-182218
0,0,경기76아1122,3,38,233000125,233002130,99,20221023-182233
0,0,경기76아4650,3,42,233000125,233002118,23,20221023-182233
0,0,경기76아1132,3,49,233000125,277101688,55,20221023-182233
0,0,경기76아4649,3,34,233000125,277103317,43,20221023-182233
0,0,경기76아1123,3,4,233000125,277103314,65,20221023-182233
0,0,경기76아4650,3,41,233000125,233002118,23,20221023-182248
0,0,경기76아1122,3,39,233000125,233002130,99,20221023-182248
0,0,경기76아1132,3,49,233000125,277101688,55,20221023-182248
0,0,경기76아4649,3,34,233000125,277103317,43,20221023-182248
0,0,경기76아1123,3,4,233000125,277103316,66,20221023-182248
0,0,경기76아1122,3,39,233000125,233002130,99,20221023-182303
0,0,경기76아4650,3,41,233000125,233002118,23,20221023-182303
0,0,경기76아1132,3,49,233000125,277101688,55,20221023-182303
0,0,경기76아4649,3,34,233000125,277103317,43,20221023-182303
0,0,경기76아1123,3,4,233000125,277103316,66,20221023-182303
0,0,경기76아1122,3,39,233000125,233001042,100,20221023-182318
0,0,경기76아4650,3,41,233000125,233002118,23,20221023-182318
0,0,경기76아1132,3,49,233000125,277101688,55,20221023-182318
0,0,경기76아4649,3,34,233000125,277103317,43,20221023-182318
0,0,경기76아1123,3,4,233000125,277103316,66,20221023-182318
0,0,경기76아1122,3,39,233000125,233001042,100,20221023-182333
0,0,경기76아4650,3,41,233000125,233002118,23,20221023-182333
0,0,경기76아1123,3,4,233000125,277103316,66,20221023-182333
0,0,경기76아1132,3,49,233000125,119900083,56,20221023-182333
0,0,경기76아4649,3,34,233000125,277103317,43,20221023-182333
0,0,경기76아4650,3,41,233000125,233002118,23,20221023-182348
0,0,경기76아1122,3,39,233000125,233002296,101,20221023-182348
0,0,경기76아1132,3,49,233000125,119900083,56,20221023-182348
0,0,경기76아4649,3,34,233000125,277103317,43,20221023-182348
0,0,경기76아1123,3,4,233000125,277103527,67,20221023-182348
0,0,경기76아1122,3,39,233000125,233002296,101,20221023-182403
0,0,경기76아4650,3,41,233000125,233000724,24,20221023-182403
0,0,경기76아1132,3,49,233000125,119900083,56,20221023-182403
0,0,경기76아1123,3,4,233000125,277103527,67,20221023-182403
0,0,경기76아4649,3,34,233000125,277103315,44,20221023-182403
0,0,경기76아1122,3,39,233000125,233002296,101,20221023-182418
0,0,경기76아4650,3,41,233000125,233000723,25,20221023-182418
0,0,경기76아1132,3,49,233000125,119900083,56,20221023-182418
0,0,경기76아4649,3,34,233000125,277103315,44,20221023-182418
0,0,경기76아1123,3,4,233000125,277103527,67,20221023-182418
0,0,경기76아4650,3,41,233000125,233000723,25,20221023-182433
0,0,경기76아1122,3,39,233000125,233000207,102,20221023-182433
0,0,경기76아1132,3,49,233000125,119900083,56,20221023-182433
0,0,경기76아1123,3,4,233000125,277103527,67,20221023-182433
0,0,경기76아4649,3,34,233000125,277103315,44,20221023-182433
0,0,경기76아1122,3,39,233000125,233000207,102,20221023-182448
0,0,경기76아4650,3,41,233000125,233000722,26,20221023-182448
0,0,경기76아1132,3,49,233000125,119900083,56,20221023-182448
0,0,경기76아1123,3,4,233000125,277103527,67,20221023-182448
0,0,경기76아4649,3,34,233000125,277103315,44,20221023-182448
0,0,경기76아4650,3,41,233000125,233000722,26,20221023-182503
0,0,경기76아1122,3,43,233000125,233000207,102,20221023-182503
0,0,경기76아1132,3,49,233000125,119900083,56,20221023-182503
0,0,경기76아4649,3,34,233000125,277103315,44,20221023-182503
0,0,경기76아1123,3,4,233000125,277103527,67,20221023-182503
0,0,경기76아4650,3,40,233000125,233000722,26,20221023-182518
0,0,경기76아1122,3,43,233000125,233000207,102,20221023-182518
0,0,경기76아1132,3,49,233000125,119900083,56,20221023-182518
0,0,경기76아1123,3,4,233000125,277103527,67,20221023-182518
0,0,경기76아4649,3,34,233000125,277103315,44,20221023-182518
0,0,경기76아4650,3,40,233000125,233000722,26,20221023-182533
0,0,경기76아1122,3,43,233000125,233002216,103,20221023-182533
0,0,경기76아1132,3,49,233000125,119900083,56,20221023-182533
0,0,경기76아1123,3,4,233000125,277103527,67,20221023-182533
0,0,경기76아4649,3,34,233000125,277103315,44,20221023-182533
0,0,경기76아4650,3,40,233000125,233000722,26,20221023-182548
0,0,경기76아1122,3,43,233000125,233002216,103,20221023-182548
0,0,경기76아1132,3,49,233000125,119900083,56,20221023-182548
0,0,경기76아1123,3,4,233000125,277103527,67,20221023-182548
0,0,경기76아4649,3,34,233000125,277103315,44,20221023-182548
0,0,경기76아1122,3,43,233000125,233002216,103,20221023-182603
0,0,경기76아4650,3,40,233000125,233000721,27,20221023-182603
0,0,경기76아1132,3,49,233000125,119900083,56,20221023-182603
0,0,경기76아4649,3,34,233000125,277103315,44,20221023-182603
0,0,경기76아1123,3,4,233000125,277103527,67,20221023-182603
0,0,경기76아4650,3,40,233000125,233000721,27,20221023-182618
0,0,경기76아1122,3,43,233000125,233002223,104,20221023-182618
0,0,경기76아1132,3,49,233000125,119900083,56,20221023-182618
0,0,경기76아1123,3,4,233000125,277103519,68,20221023-182618
0,0,경기76아4649,3,33,233000125,226000039,45,20221023-182618
0,0,경기76아4650,3,40,233000125,233000721,27,20221023-182633
0,0,경기76아1122,3,43,233000125,233002223,104,20221023-182633
0,0,경기76아1132,3,49,233000125,119900083,56,20221023-182633
0,0,경기76아4649,3,33,233000125,226000039,45,20221023-182633
0,0,경기76아1123,3,4,233000125,277103519,68,20221023-182633
0,0,경기76아4650,3,40,233000125,233000721,27,20221023-182648
0,0,경기76아1122,3,43,233000125,233002223,104,20221023-182648
0,0,경기76아1132,3,49,233000125,119900083,56,20221023-182648
0,0,경기76아4649,3,33,233000125,226000039,45,20221023-182648
0,0,경기76아1123,3,4,233000125,277103519,68,20221023-182648
0,0,경기76아1122,3,43,233000125,233002223,104,20221023-182703
0,0,경기76아4650,3,40,233000125,233000721,27,20221023-182703
0,0,경기76아1132,3,49,233000125,119900083,56,20221023-182703
0,0,경기76아1123,3,4,233000125,277103519,68,20221023-182703
0,0,경기76아4649,3,33,233000125,226000039,45,20221023-182703
0,0,경기76아4650,3,40,233000125,233000721,27,20221023-182718
0,0,경기76아1122,3,45,233000125,233002223,104,20221023-182718
0,0,경기76아1132,3,49,233000125,119900083,56,20221023-182718
0,0,경기76아4649,3,33,233000125,226000039,45,20221023-182718
0,0,경기76아1123,3,4,233000125,277103519,68,20221023-182718
0,0,경기76아1122,3,45,233000125,233002223,104,20221023-182733
0,0,경기76아4650,3,40,233000125,233000720,28,20221023-182733
0,0,경기76아1132,3,49,233000125,119900083,56,20221023-182733
0,0,경기76아4649,3,33,233000125,226000039,45,20221023-182733
0,0,경기76아1123,3,4,233000125,277103519,68,20221023-182733
0,0,경기76아1122,3,45,233000125,233002214,105,20221023-182748
0,0,경기76아4650,3,40,233000125,233000720,28,20221023-182748
0,0,경기76아1132,3,49,233000125,119900083,56,20221023-182748
0,0,경기76아1123,3,4,233000125,277103519,68,20221023-182748
0,0,경기76아4649,3,33,233000125,226000039,45,20221023-182748
0,0,경기76아4650,3,40,233000125,233000720,28,20221023-182803
0,0,경기76아1122,3,46,233000125,233002214,105,20221023-182803
0,0,경기76아1132,3,49,233000125,119900083,56,20221023-182803
0,0,경기76아4649,3,33,233000125,226000039,45,20221023-182803
0,0,경기76아1123,3,4,233000125,233000781,69,20221023-182803
0,0,경기76아4650,3,40,233000125,233000720,28,20221023-182818
0,0,경기76아1122,3,46,233000125,233002214,105,20221023-182818
0,0,경기76아1132,3,49,233000125,119900083,56,20221023-182818
0,0,경기76아1123,3,4,233000125,233000781,69,20221023-182818
0,0,경기76아4649,3,33,233000125,277103221,46,20221023-182818
0,0,경기76아1122,3,46,233000125,233002214,105,20221023-182833
0,0,경기76아4650,3,40,233000125,233000720,28,20221023-182833
0,0,경기76아1132,3,49,233000125,119900083,56,20221023-182833
0,0,경기76아4649,3,33,233000125,277103221,46,20221023-182833
0,0,경기76아1123,3,4,233000125,233000781,69,20221023-182833
0,0,경기76아1122,3,46,233000125,233002214,105,20221023-182848
0,0,경기76아4650,3,40,233000125,233000720,28,20221023-182848
0,0,경기76아1132,3,49,233000125,119900083,56,20221023-182848
0,0,경기76아4649,3,33,233000125,277103221,46,20221023-182848
0,0,경기76아1123,3,4,233000125,233000781,69,20221023-182848
0,0,경기76아1122,3,46,233000125,233002214,105,20221023-182903
0,0,경기76아4650,3,40,233000125,233000720,28,20221023-182903
0,0,경기76아1132,3,49,233000125,119900083,56,20221023-182903
0,0,경기76아4649,3,33,233000125,277103221,46,20221023-182903
0,0,경기76아1123,3,4,233000125,233000849,70,20221023-182903
0,0,경기76아1122,3,46,233000125,233002214,105,20221023-182918
0,0,경기76아4650,3,40,233000125,233000720,28,20221023-182918
0,0,경기76아1132,3,49,233000125,119900083,56,20221023-182918
0,0,경기76아1123,3,4,233000125,233000848,71,20221023-182918
0,0,경기76아4649,3,33,233000125,277103221,46,20221023-182918
0,0,경기76아4650,3,40,233000125,233000719,29,20221023-182933
0,0,경기76아1122,3,46,233000125,233002214,105,20221023-182933
0,0,경기76아1132,3,49,233000125,119900083,56,20221023-182933
0,0,경기76아1123,3,4,233000125,233000848,71,20221023-182933
0,0,경기76아4649,3,33,233000125,277103221,46,20221023-182933
0,0,경기76아4650,3,40,233000125,233000719,29,20221023-182948
0,0,경기76아1132,3,49,233000125,119900083,56,20221023-182948
0,0,경기76아1123,3,4,233000125,233000848,71,20221023-182948
0,0,경기76아4649,3,33,233000125,277103221,46,20221023-182948
0,0,경기76아4650,3,40,233000125,233000718,30,20221023-183003
0,0,경기76아1132,3,49,233000125,119900083,56,20221023-183003
0,0,경기76아4649,3,33,233000125,277103221,46,20221023-183003
0,0,경기76아1123,3,4,233000125,233000848,71,20221023-183003
0,0,경기76아4650,3,40,233000125,233000718,30,20221023-183018
0,0,경기76아1132,3,49,233000125,119900083,56,20221023-183018
0,0,경기76아1123,3,4,233000125,233000847,72,20221023-183018
0,0,경기76아4649,3,33,233000125,277103221,46,20221023-183018
0,0,경기76아4650,3,40,233000125,233000718,30,20221023-183033
0,0,경기76아4649,3,33,233000125,277103221,46,20221023-183033
0,0,경기76아1132,3,0,233000125,119900083,56,20221023-183033
0,0,경기76아1123,3,4,233000125,233000847,72,20221023-183033
0,0,경기76아4650,3,40,233000125,233000718,30,20221023-183048
0,0,경기76아4649,3,33,233000125,277103221,46,20221023-183048
0,0,경기76아1132,3,0,233000125,119900083,56,20221023-183048
0,0,경기76아1123,3,4,233000125,233002174,73,20221023-183048
0,0,경기76아4650,3,40,233000125,233000842,31,20221023-183103
0,0,경기76아1132,3,0,233000125,119900083,56,20221023-183103
0,0,경기76아1123,3,4,233000125,233002174,73,20221023-183103
0,0,경기76아4649,3,33,233000125,277103159,47,20221023-183103
0,0,경기76아4650,3,40,233000125,233000842,31,20221023-183118
0,0,경기76아1132,3,0,233000125,119900083,56,20221023-183118
0,0,경기76아1123,3,4,233000125,233000055,74,20221023-183118
0,0,경기76아4649,3,33,233000125,277103159,47,20221023-183118
0,0,경기76아4650,3,40,233000125,233000842,31,20221023-183133
0,0,경기76아1132,3,0,233000125,119900083,56,20221023-183133
0,0,경기76아1123,3,4,233000125,233000846,75,20221023-183133
0,0,경기76아4649,3,33,233000125,277103159,47,20221023-183133
0,0,경기76아4650,3,40,233000125,233002149,32,20221023-183148
0,0,경기76아1132,3,0,233000125,119900083,56,20221023-183148
0,0,경기76아4649,3,33,233000125,277103159,47,20221023-183148
0,0,경기76아1123,3,4,233000125,233000845,76,20221023-183148
0,0,경기76아4650,3,40,233000125,233002149,32,20221023-183203
0,0,경기76아1132,3,0,233000125,119900083,56,20221023-183203
0,0,경기76아1123,3,4,233000125,233000845,76,20221023-183203
0,0,경기76아4649,3,33,233000125,277103200,48,20221023-183203
0,0,경기76아4650,3,40,233000125,233002149,32,20221023-183218
0,0,경기76아1132,3,0,233000125,119900083,56,20221023-183218
0,0,경기76아1123,3,4,233000125,233002150,77,20221023-183218
0,0,경기76아4649,3,33,233000125,277103200,48,20221023-183218
0,0,경기76아4650,3,40,233000125,233000717,33,20221023-183233
0,0,경기76아1132,3,0,233000125,119900083,56,20221023-183233
0,0,경기76아4649,3,33,233000125,277103200,48,20221023-183233
0,0,경기76아1123,3,5,233000125,233002150,77,20221023-183233
0,0,경기76아4650,3,40,233000125,233000716,34,20221023-183248
0,0,경기76아1132,3,0,233000125,119900083,56,20221023-183248
0,0,경기76아4649,3,33,233000125,277103200,48,20221023-183248
0,0,경기76아1123,3,5,233000125,233002150,77,20221023-183248
0,0,경기76아4650,3,40,233000125,233000059,35,20221023-183303
0,0,경기76아1132,3,0,233000125,119900083,56,20221023-183303
0,0,경기76아1123,3,5,233000125,233002150,77,20221023-183303
0,0,경기76아4649,3,33,233000125,277103200,48,20221023-183303
0,0,경기76아4650,3,40,233000125,233000891,36,20221023-183318
0,0,경기76아1132,3,0,233000125,119900083,56,20221023-183318
0,0,경기76아1123,3,5,233000125,233002150,77,20221023-183318
0,0,경기76아4649,3,33,233000125,277103200,48,20221023-183318
0,0,경기76아4650,3,40,233000125,233000891,36,20221023-183333
0,0,경기76아1132,3,0,233000125,119900083,56,20221023-183333
0,0,경기76아1123,3,5,233000125,233000844,78,20221023-183333
0,0,경기76아4649,3,33,233000125,277103200,48,20221023-183333
0,0,경기76아4650,3,40,233000125,233000891,36,20221023-183348
0,0,경기76아1132,3,0,233000125,119900083,56,20221023-183348
0,0,경기76아1123,3,5,233000125,233000844,78,20221023-183348
0,0,경기76아4649,3,33,233000125,277103200,48,20221023-183348
0,0,경기76아4650,3,40,233000125,233000891,36,20221023-183403
0,0,경기76아1132,3,0,233000125,119900083,56,20221023-183403
0,0,경기76아1123,3,5,233000125,233000844,78,20221023-183403
0,0,경기76아4649,3,33,233000125,277103200,48,20221023-183403
0,0,경기76아4650,3,40,233000125,233000715,37,20221023-183417
0,0,경기76아1123,3,0,233000125,233000844,78,20221023-183417
0,0,경기76아4649,3,33,233000125,277103203,49,20221023-183417
0,0,경기76아1132,3,0,233000125,277103902,53,20221023-183417
0,0,경기76아4650,3,40,233000125,233000715,37,20221023-183432
0,0,경기76아4649,3,33,233000125,277103203,49,20221023-183432
0,0,경기76아1123,3,0,233000125,233000844,78,20221023-183432
0,0,경기76아1132,3,0,233000125,277102049,57,20221023-183432
0,0,경기76아4650,3,40,233000125,233000715,37,20221023-183448
0,0,경기76아1132,3,0,233000125,277102049,57,20221023-183448
0,0,경기76아4649,3,33,233000125,277103203,49,20221023-183448
0,0,경기76아1123,3,0,233000125,233000844,78,20221023-183448
0,0,경기76아4650,3,40,233000125,233000714,38,20221023-183502
0,0,경기76아1132,3,0,233000125,277102049,57,20221023-183502
0,0,경기76아4649,3,33,233000125,277103203,49,20221023-183502
0,0,경기76아1123,3,0,233000125,233000844,78,20221023-183502
0,0,경기76아4650,3,40,233000125,233000714,38,20221023-183517
0,0,경기76아1132,3,0,233000125,277102049,57,20221023-183517
0,0,경기76아1123,3,0,233000125,233000843,79,20221023-183517
0,0,경기76아4649,3,33,233000125,277103203,49,20221023-183517
0,0,경기76아4650,3,40,233000125,233000713,39,20221023-183532
0,0,경기76아1132,3,0,233000125,277102049,57,20221023-183532
0,0,경기76아4649,3,33,233000125,277103203,49,20221023-183532
0,0,경기76아1123,3,0,233000125,233000843,79,20221023-183532
0,0,경기76아4650,3,40,233000125,233000713,39,20221023-183547
0,0,경기76아1132,3,0,233000125,277102049,57,20221023-183547
0,0,경기76아1123,3,0,233000125,233000780,80,20221023-183547
0,0,경기76아4649,3,33,233000125,277103203,49,20221023-183547
0,0,경기76아4650,3,40,233000125,233000713,39,20221023-183604
0,0,경기76아1132,3,0,233000125,277102049,57,20221023-183604
0,0,경기76아1123,3,0,233000125,233000780,80,20221023-183604
0,0,경기76아4649,3,33,233000125,277103203,49,20221023-183604
0,0,경기76아4650,3,40,233000125,233000713,39,20221023-183619
0,0,경기76아1132,3,0,233000125,277102049,57,20221023-183619
0,0,경기76아4649,3,33,233000125,277103203,49,20221023-183619
0,0,경기76아1123,3,0,233000125,233000780,80,20221023-183619
0,0,경기76아4650,3,40,233000125,233000713,39,20221023-183634
0,0,경기76아1132,3,0,233000125,277102049,57,20221023-183634
0,0,경기76아1123,3,0,233000125,233000780,80,20221023-183634
0,0,경기76아4649,3,33,233000125,277103205,50,20221023-183634
0,0,경기76아4650,3,40,233000125,233000712,40,20221023-183649
0,0,경기76아4649,3,33,233000125,277103205,50,20221023-183649
0,0,경기76아1123,3,0,233000125,233000780,80,20221023-183649
0,0,경기76아1132,3,0,233000125,277102291,58,20221023-183649
0,0,경기76아4650,3,39,233000125,233000712,40,20221023-183704
0,0,경기76아4649,3,33,233000125,277103205,50,20221023-183704
0,0,경기76아1132,3,0,233000125,277102291,58,20221023-183704
0,0,경기76아1123,3,0,233000125,233000780,80,20221023-183704
0,0,경기76아4650,3,39,233000125,233000712,40,20221023-183719
0,0,경기76아4649,3,33,233000125,277103205,50,20221023-183719
0,0,경기76아1123,3,0,233000125,233000780,80,20221023-183719
0,0,경기76아1132,3,0,233000125,277102291,58,20221023-183719
0,0,경기76아4650,3,39,233000125,233000712,40,20221023-183734
0,0,경기76아4649,3,33,233000125,277103205,50,20221023-183734
0,0,경기76아1132,3,0,233000125,277102291,58,20221023-183734
0,0,경기76아1123,3,0,233000125,233000779,81,20221023-183734
0,0,경기76아4650,3,39,233000125,233000712,40,20221023-183749
0,0,경기76아4649,3,33,233000125,277103205,50,20221023-183749
0,0,경기76아1123,3,0,233000125,233000779,81,20221023-183749
0,0,경기76아1132,3,0,233000125,277102291,58,20221023-183749
0,0,경기76아4650,3,39,233000125,233000712,40,20221023-183804
0,0,경기76아1123,3,0,233000125,233000779,81,20221023-183804
0,0,경기76아1132,3,0,233000125,277102291,58,20221023-183804
0,0,경기76아4649,3,33,233000125,277103205,50,20221023-183804
0,0,경기76아4650,3,39,233000125,233000712,40,20221023-183819
0,0,경기76아1123,3,0,233000125,233000779,81,20221023-183819
0,0,경기76아1132,3,0,233000125,277102291,58,20221023-183819
0,0,경기76아4649,3,33,233000125,277103205,50,20221023-183819
0,0,경기76아4650,3,39,233000125,233000712,40,20221023-183834
0,0,경기76아1123,3,0,233000125,233000779,81,20221023-183834
0,0,경기76아1132,3,0,233000125,277102291,58,20221023-183834
0,0,경기76아4649,3,33,233000125,277103205,50,20221023-183834
0,0,경기76아4650,3,39,233000125,233000712,40,20221023-183849
0,0,경기76아1123,3,0,233000125,233000779,81,20221023-183849
0,0,경기76아4649,3,33,233000125,277103205,50,20221023-183849
0,0,경기76아1132,3,0,233000125,277102291,58,20221023-183849
0,0,경기76아4650,3,39,233000125,233000712,40,20221023-183903
0,0,경기76아1123,3,0,233000125,233000779,81,20221023-183903
0,0,경기76아4649,3,33,233000125,277103205,50,20221023-183903
0,0,경기76아1132,3,0,233000125,277102291,58,20221023-183903
0,0,경기76아4650,3,39,233000125,233000712,40,20221023-183918
0,0,경기76아1123,3,0,233000125,233000779,81,20221023-183918
0,0,경기76아4649,3,33,233000125,277103205,50,20221023-183918
0,0,경기76아1132,3,0,233000125,277103204,59,20221023-183918
0,0,경기76아4650,3,39,233000125,233000712,40,20221023-183933
0,0,경기76아1123,3,0,233000125,233000779,81,20221023-183933
0,0,경기76아1132,3,0,233000125,277103204,59,20221023-183933
0,0,경기76아4649,3,33,233000125,277103205,50,20221023-183933
0,0,경기76아4650,3,39,233000125,233000712,40,20221023-183948
0,0,경기76아1123,3,0,233000125,233000779,81,20221023-183948
0,0,경기76아4649,3,33,233000125,277103205,50,20221023-183948
0,0,경기76아1132,3,0,233000125,277103204,59,20221023-183948
0,0,경기76아4650,3,39,233000125,233000712,40,20221023-184003
0,0,경기76아4649,3,33,233000125,277103205,50,20221023-184003
0,0,경기76아1123,3,0,233000125,233000779,81,20221023-184003
0,0,경기76아1132,3,0,233000125,277103204,59,20221023-184003
0,0,경기76아4650,3,39,233000125,233000712,40,20221023-184018
0,0,경기76아4649,3,33,233000125,277103205,50,20221023-184018
0,0,경기76아1123,3,0,233000125,233000779,81,20221023-184018
0,0,경기76아1132,3,0,233000125,277103204,59,20221023-184018
0,0,경기76아4650,3,39,233000125,233000712,40,20221023-184033
0,0,경기76아1123,3,0,233000125,233000779,81,20221023-184033
0,0,경기76아1132,3,0,233000125,277103204,59,20221023-184033
0,0,경기76아4649,3,33,233000125,277103903,51,20221023-184033
0,0,경기76아4650,3,39,233000125,233000712,40,20221023-184048
0,0,경기76아1132,3,0,233000125,277103204,59,20221023-184048
0,0,경기76아1123,3,0,233000125,233000778,82,20221023-184048
0,0,경기76아4649,3,33,233000125,277103903,51,20221023-184048
0,0,경기76아4650,3,39,233000125,233000712,40,20221023-184103
0,0,경기76아1132,3,0,233000125,277103204,59,20221023-184103
0,0,경기76아1123,3,0,233000125,233000778,82,20221023-184103
0,0,경기76아4649,3,33,233000125,277103903,51,20221023-184103
0,0,경기76아4650,3,39,233000125,233000712,40,20221023-184118
0,0,경기76아1132,3,0,233000125,277103204,59,20221023-184118
0,0,경기76아4649,3,33,233000125,120000671,52,20221023-184118
0,0,경기76아1123,3,2,233000125,233000778,82,20221023-184118
0,0,경기76아4650,3,39,233000125,233000712,40,20221023-184133
0,0,경기76아1132,3,0,233000125,277103204,59,20221023-184133
0,0,경기76아1123,3,2,233000125,233000778,82,20221023-184133
0,0,경기76아4649,3,33,233000125,120000671,52,20221023-184133
0,0,경기76아4650,3,39,233000125,233000712,40,20221023-184148
0,0,경기76아1132,3,0,233000125,277103204,59,20221023-184148
0,0,경기76아1123,3,2,233000125,233000778,82,20221023-184148
0,0,경기76아4649,3,33,233000125,120000671,52,20221023-184148
0,0,경기76아4650,3,39,233000125,233000712,40,20221023-184203
0,0,경기76아1123,3,2,233000125,233000778,82,20221023-184203
0,0,경기76아1132,3,0,233000125,277103204,59,20221023-184203
0,0,경기76아4649,3,33,233000125,120000671,52,20221023-184203
0,0,경기76아4650,3,39,233000125,277103520,41,20221023-184218
0,0,경기76아4649,3,33,233000125,120000671,52,20221023-184218
0,0,경기76아1132,3,0,233000125,277103204,59,20221023-184218
0,0,경기76아1123,3,2,233000125,233000777,83,20221023-184218
0,0,경기76아4650,3,39,233000125,277103520,41,20221023-184233
0,0,경기76아4649,3,33,233000125,120000671,52,20221023-184233
0,0,경기76아1132,3,0,233000125,277103202,60,20221023-184233
0,0,경기76아1123,3,3,233000125,233000777,83,20221023-184233
0,0,경기76아4651,3,45,233000125,277102459,2,20221023-184233
0,0,경기76아4650,3,39,233000125,277103520,41,20221023-184248
0,0,경기76아4649,3,33,233000125,120000671,52,20221023-184248
0,0,경기76아4651,3,45,233000125,277102459,2,20221023-184248
0,0,경기76아1123,3,3,233000125,233000776,84,20221023-184248
0,0,경기76아1132,3,0,233000125,277103202,60,20221023-184248
0,0,경기76아4650,3,39,233000125,277103520,41,20221023-184304
0,0,경기76아4649,3,33,233000125,120000671,52,20221023-184304
0,0,경기76아1123,3,3,233000125,233000776,84,20221023-184304
0,0,경기76아4651,3,45,233000125,277102459,2,20221023-184304
0,0,경기76아1132,3,0,233000125,277103202,60,20221023-184304
0,0,경기76아4650,3,39,233000125,277103520,41,20221023-184318
0,0,경기76아1132,3,0,233000125,277103202,60,20221023-184318
0,0,경기76아4649,3,33,233000125,277103902,53,20221023-184318
0,0,경기76아1123,3,3,233000125,233000774,85,20221023-184318
0,0,경기76아4651,3,45,233000125,277102459,2,20221023-184318
0,0,경기76아4650,3,39,233000125,277103520,41,20221023-184333
0,0,경기76아1132,3,0,233000125,277103202,60,20221023-184333
0,0,경기76아4651,3,45,233000125,277102459,2,20221023-184333
0,0,경기76아1123,3,3,233000125,233000774,85,20221023-184333
0,0,경기76아4649,3,33,233000125,277103902,53,20221023-184333
0,0,경기76아4650,3,39,233000125,277103520,41,20221023-184348
0,0,경기76아1132,3,0,233000125,277103202,60,20221023-184348
0,0,경기76아1123,3,3,233000125,233000774,85,20221023-184348
0,0,경기76아4651,3,45,233000125,233002221,3,20221023-184348
0,0,경기76아4649,3,33,233000125,121001315,54,20221023-184348
0,0,경기76아4650,3,39,233000125,277103520,41,20221023-184404
0,0,경기76아4649,3,33,233000125,121001315,54,20221023-184404
0,0,경기76아1123,3,3,233000125,233000774,85,20221023-184404
0,0,경기76아1132,3,0,233000125,277103201,61,20221023-184404
0,0,경기76아4651,3,45,233000125,233002221,3,20221023-184404
0,0,경기76아4650,3,39,233000125,277103520,41,20221023-184418
0,0,경기76아4649,3,33,233000125,121001315,54,20221023-184418
0,0,경기76아1132,3,0,233000125,277103201,61,20221023-184418
0,0,경기76아1123,3,3,233000125,233000774,85,20221023-184418
0,0,경기76아4651,3,45,233000125,233002221,3,20221023-184418
0,0,경기76아4650,3,39,233000125,277103520,41,20221023-184433
0,0,경기76아4649,3,33,233000125,121001315,54,20221023-184433
0,0,경기76아1132,3,0,233000125,277103201,61,20221023-184433
0,0,경기76아1123,3,3,233000125,233000774,85,20221023-184433
0,0,경기76아4651,3,45,233000125,233002221,3,20221023-184433
0,0,경기76아4650,3,39,233000125,277103520,41,20221023-184448
0,0,경기76아1132,3,0,233000125,277103201,61,20221023-184448
0,0,경기76아4651,3,45,233000125,233002221,3,20221023-184448
0,0,경기76아4649,3,45,233000125,121001315,54,20221023-184448
0,0,경기76아1123,3,3,233000125,233000773,86,20221023-184448
0,0,경기76아4650,3,39,233000125,277103528,42,20221023-184503
0,0,경기76아1132,3,0,233000125,277103201,61,20221023-184503
0,0,경기76아4649,3,45,233000125,121001315,54,20221023-184503
0,0,경기76아4651,3,45,233000125,233002224,4,20221023-184503
0,0,경기76아1123,3,3,233000125,233000773,86,20221023-184503
0,0,경기76아4650,3,39,233000125,277103528,42,20221023-184518
0,0,경기76아4649,3,45,233000125,121001315,54,20221023-184518
0,0,경기76아4651,3,45,233000125,233002224,4,20221023-184518
0,0,경기76아1123,3,3,233000125,233003082,87,20221023-184518
0,0,경기76아1132,3,0,233000125,277103201,61,20221023-184518
0,0,경기76아4650,3,39,233000125,277103528,42,20221023-184533
0,0,경기76아4649,3,45,233000125,121001315,54,20221023-184533
0,0,경기76아4651,3,45,233000125,233002224,4,20221023-184533
0,0,경기76아1132,3,0,233000125,277103201,61,20221023-184533
0,0,경기76아1123,3,3,233000125,233003082,87,20221023-184533
0,0,경기76아4650,3,39,233000125,277103528,42,20221023-184548
0,0,경기76아4649,3,45,233000125,121001315,54,20221023-184548
0,0,경기76아1123,3,3,233000125,233003082,87,20221023-184548
0,0,경기76아1132,3,0,233000125,277103201,61,20221023-184548
0,0,경기76아4651,3,45,233000125,233002225,5,20221023-184548
0,0,경기76아4650,3,39,233000125,277103528,42,20221023-184603
0,0,경기76아4649,3,45,233000125,121001315,54,20221023-184603
0,0,경기76아1123,3,3,233000125,233003082,87,20221023-184603
0,0,경기76아4651,3,45,233000125,233002225,5,20221023-184603
0,0,경기76아1132,3,0,233000125,277103201,61,20221023-184603
0,0,경기76아4650,3,39,233000125,277103317,43,20221023-184618
0,0,경기76아4649,3,45,233000125,121001315,54,20221023-184618
0,0,경기76아1123,3,3,233000125,233003082,87,20221023-184618
0,0,경기76아1132,3,0,233000125,277103201,61,20221023-184618
0,0,경기76아4651,3,45,233000125,233002225,5,20221023-184618
0,0,경기76아4650,3,39,233000125,277103317,43,20221023-184633
0,0,경기76아1123,3,3,233000125,233003082,87,20221023-184633
0,0,경기76아1132,3,0,233000125,277103201,61,20221023-184633
0,0,경기76아4651,3,45,233000125,233002225,5,20221023-184633
0,0,경기76아4649,3,45,233000125,277101688,55,20221023-184633
0,0,경기76아4650,3,39,233000125,277103317,43,20221023-184648
0,0,경기76아1132,3,0,233000125,277103201,61,20221023-184648
0,0,경기76아4649,3,45,233000125,277101688,55,20221023-184648
0,0,경기76아1123,3,3,233000125,233000772,88,20221023-184648
0,0,경기76아4651,3,45,233000125,233002295,6,20221023-184648
0,0,경기76아4650,3,39,233000125,277103317,43,20221023-184703
0,0,경기76아4649,3,45,233000125,277101688,55,20221023-184703
0,0,경기76아1132,3,0,233000125,277103158,62,20221023-184703
0,0,경기76아1123,3,3,233000125,233000772,88,20221023-184703
0,0,경기76아4651,3,45,233000125,233002295,6,20221023-184703
0,0,경기76아4650,3,39,233000125,277103317,43,20221023-184718
0,0,경기76아4649,3,45,233000125,277101688,55,20221023-184718
0,0,경기76아4651,3,45,233000125,233002295,6,20221023-184718
0,0,경기76아1123,3,3,233000125,233000772,88,20221023-184718
0,0,경기76아1132,3,0,233000125,277103158,62,20221023-184718
0,0,경기76아4650,3,39,233000125,277103317,43,20221023-184733
0,0,경기76아4649,3,45,233000125,277101688,55,20221023-184733
0,0,경기76아4651,3,45,233000125,233002295,6,20221023-184733
0,0,경기76아1123,3,3,233000125,233000772,88,20221023-184733
0,0,경기76아1132,3,0,233000125,277103158,62,20221023-184733
0,0,경기76아4650,3,39,233000125,277103317,43,20221023-184748
0,0,경기76아4649,3,45,233000125,277101688,55,20221023-184748
0,0,경기76아4651,3,45,233000125,233002295,6,20221023-184748
0,0,경기76아1123,3,3,233000125,233000772,88,20221023-184748
0,0,경기76아1132,3,0,233000125,277103158,62,20221023-184748
0,0,경기76아4650,3,39,233000125,277103317,43,20221023-184803
0,0,경기76아4649,3,45,233000125,277101688,55,20221023-184803
0,0,경기76아4651,3,45,233000125,233002295,6,20221023-184803
0,0,경기76아1132,3,0,233000125,277103158,62,20221023-184803
0,0,경기76아1123,3,3,233000125,233000771,89,20221023-184803
0,0,경기76아4650,3,39,233000125,277103317,43,20221023-184818
0,0,경기76아4649,3,45,233000125,277101688,55,20221023-184818
0,0,경기76아4651,3,45,233000125,233002295,6,20221023-184818
0,0,경기76아1123,3,3,233000125,233000771,89,20221023-184818
0,0,경기76아1132,3,0,233000125,277103220,63,20221023-184818
0,0,경기76아4650,3,39,233000125,277103317,43,20221023-184833
0,0,경기76아4649,3,45,233000125,277101688,55,20221023-184833
0,0,경기76아4651,3,45,233000125,233002295,6,20221023-184833
0,0,경기76아1123,3,3,233000125,233000770,90,20221023-184833
0,0,경기76아1132,3,0,233000125,277103220,63,20221023-184833
0,0,경기76아4650,3,39,233000125,277103317,43,20221023-184848
0,0,경기76아4649,3,45,233000125,277101688,55,20221023-184848
0,0,경기76아1132,3,0,233000125,277103220,63,20221023-184848
0,0,경기76아1123,3,3,233000125,233000770,90,20221023-184848
0,0,경기76아4651,3,45,233000125,233001041,7,20221023-184848
0,0,경기76아4650,3,39,233000125,277103317,43,20221023-184903
0,0,경기76아1132,3,0,233000125,277103220,63,20221023-184903
0,0,경기76아4651,3,45,233000125,233001041,7,20221023-184903
0,0,경기76아4649,3,45,233000125,119900083,56,20221023-184903
0,0,경기76아1123,3,5,233000125,233000770,90,20221023-184903
0,0,경기76아4650,3,39,233000125,277103315,44,20221023-184918
0,0,경기76아1123,3,5,233000125,233000770,90,20221023-184918
0,0,경기76아4649,3,45,233000125,119900083,56,20221023-184918
0,0,경기76아1132,3,0,233000125,277103220,63,20221023-184918
0,0,경기76아4651,3,45,233000125,233002131,8,20221023-184918
0,0,경기76아4650,3,39,233000125,277103315,44,20221023-184933
0,0,경기76아1123,3,5,233000125,233000770,90,20221023-184933
0,0,경기76아4649,3,45,233000125,119900083,56,20221023-184933
0,0,경기76아4651,3,45,233000125,233002131,8,20221023-184933
0,0,경기76아1132,3,0,233000125,277103220,63,20221023-184933
0,0,경기76아4650,3,39,233000125,277103315,44,20221023-184948
0,0,경기76아1123,3,5,233000125,233000770,90,20221023-184948
0,0,경기76아4649,3,45,233000125,119900083,56,20221023-184948
0,0,경기76아1132,3,0,233000125,277103220,63,20221023-184948
0,0,경기76아4651,3,45,233000125,233000148,9,20221023-184948
0,0,경기76아4650,3,39,233000125,277103315,44,20221023-185004
0,0,경기76아4649,3,45,233000125,119900083,56,20221023-185004
0,0,경기76아4651,3,45,233000125,233000148,9,20221023-185004
0,0,경기76아1123,3,5,233000125,233000770,90,20221023-185004
0,0,경기76아1132,3,0,233000125,277103220,63,20221023-185004
0,0,경기76아4650,3,39,233000125,277103315,44,20221023-185018
0,0,경기76아4649,3,45,233000125,119900083,56,20221023-185018
0,0,경기76아4651,3,45,233000125,233000148,9,20221023-185018
0,0,경기76아1123,3,5,233000125,233000770,90,20221023-185018
0,0,경기76아1132,3,0,233000125,226000038,64,20221023-185018
0,0,경기76아4650,3,39,233000125,277103315,44,20221023-185033
0,0,경기76아4649,3,45,233000125,119900083,56,20221023-185033
0,0,경기76아1123,3,5,233000125,233000770,90,20221023-185033
0,0,경기76아4651,3,45,233000125,233000191,10,20221023-185033
0,0,경기76아1132,3,0,233000125,226000038,64,20221023-185033
0,0,경기76아4650,3,39,233000125,277103315,44,20221023-185048
0,0,경기76아4649,3,45,233000125,119900083,56,20221023-185048
0,0,경기76아1123,3,5,233000125,233000770,90,20221023-185048
0,0,경기76아1132,3,0,233000125,226000038,64,20221023-185048
0,0,경기76아4651,3,45,233000125,233000191,10,20221023-185048
0,0,경기76아4650,3,39,233000125,277103315,44,20221023-185103
0,0,경기76아4649,3,45,233000125,119900083,56,20221023-185103
0,0,경기76아1123,3,5,233000125,233000770,90,20221023-185103
0,0,경기76아4651,3,45,233000125,233000190,11,20221023-185103
0,0,경기76아1132,3,0,233000125,226000038,64,20221023-185103
0,0,경기76아4650,3,39,233000125,226000039,45,20221023-185118
0,0,경기76아4649,3,45,233000125,119900083,56,20221023-185118
0,0,경기76아1123,3,5,233000125,233000770,90,20221023-185118
0,0,경기76아4651,3,45,233000125,233000190,11,20221023-185118
0,0,경기76아1132,3,-1,233000125,226000038,64,20221023-185118
0,0,경기76아4650,3,39,233000125,226000039,45,20221023-185133
0,0,경기76아4649,3,45,233000125,119900083,56,20221023-185133
0,0,경기76아4651,3,45,233000125,233000190,11,20221023-185133
0,0,경기76아1123,3,5,233000125,233000769,91,20221023-185133
0,0,경기76아1132,3,0,233000125,226000038,64,20221023-185133
0,0,경기76아4650,3,40,233000125,226000039,45,20221023-185148
0,0,경기76아4649,3,45,233000125,119900083,56,20221023-185148
0,0,경기76아4651,3,45,233000125,233000190,11,20221023-185148
0,0,경기76아1123,3,5,233000125,233000769,91,20221023-185148
0,0,경기76아1132,3,0,233000125,226000038,64,20221023-185148
0,0,경기76아4650,3,40,233000125,226000039,45,20221023-185203
0,0,경기76아4649,3,45,233000125,119900083,56,20221023-185203
0,0,경기76아4651,3,45,233000125,233000190,11,20221023-185203
0,0,경기76아1132,3,0,233000125,226000038,64,20221023-185203
0,0,경기76아1123,3,5,233000125,233000769,91,20221023-185203
0,0,경기76아4650,3,40,233000125,226000039,45,20221023-185218
0,0,경기76아4649,3,45,233000125,119900083,56,20221023-185218
0,0,경기76아1123,3,5,233000125,233000769,91,20221023-185218
0,0,경기76아1132,3,0,233000125,226000038,64,20221023-185218
0,0,경기76아4651,3,45,233000125,233000189,12,20221023-185218
0,0,경기76아4650,3,40,233000125,226000039,45,20221023-185233
0,0,경기76아4649,3,45,233000125,119900083,56,20221023-185233
0,0,경기76아1123,3,5,233000125,233000769,91,20221023-185233
0,0,경기76아4651,3,45,233000125,233000189,12,20221023-185233
0,0,경기76아1132,3,0,233000125,226000038,64,20221023-185233
0,0,경기76아4650,3,40,233000125,226000039,45,20221023-185248
0,0,경기76아4649,3,45,233000125,119900083,56,20221023-185248
0,0,경기76아4651,3,45,233000125,233000189,12,20221023-185248
0,0,경기76아1123,3,20,233000125,233000769,91,20221023-185248
0,0,경기76아1132,3,0,233000125,226000038,64,20221023-185248
0,0,경기76아4650,3,40,233000125,226000039,45,20221023-185303
0,0,경기76아4649,3,45,233000125,119900083,56,20221023-185303
0,0,경기76아1123,3,20,233000125,233000769,91,20221023-185303
0,0,경기76아1132,3,0,233000125,277103314,65,20221023-185303
0,0,경기76아4651,3,45,233000125,233001943,13,20221023-185303
0,0,경기76아4650,3,40,233000125,226000039,45,20221023-185318
0,0,경기76아4649,3,45,233000125,119900083,56,20221023-185318
0,0,경기76아1123,3,20,233000125,233000769,91,20221023-185318
0,0,경기76아4651,3,45,233000125,233001943,13,20221023-185318
0,0,경기76아1132,3,0,233000125,277103314,65,20221023-185318
0,0,경기76아4650,3,40,233000125,226000039,45,20221023-185333
0,0,경기76아4649,3,45,233000125,119900083,56,20221023-185333
0,0,경기76아1123,3,20,233000125,233000769,91,20221023-185333
0,0,경기76아4651,3,44,233000125,233001943,13,20221023-185333
0,0,경기76아1132,3,0,233000125,277103314,65,20221023-185333
0,0,경기76아4650,3,40,233000125,277103221,46,20221023-185348
0,0,경기76아4649,3,45,233000125,119900083,56,20221023-185348
0,0,경기76아1123,3,20,233000125,233000769,91,20221023-185348
0,0,경기76아4651,3,44,233000125,233001943,13,20221023-185348
0,0,경기76아1132,3,0,233000125,277103314,65,20221023-185348
0,0,경기76아4650,3,40,233000125,277103221,46,20221023-185403
0,0,경기76아4649,3,45,233000125,119900083,56,20221023-185403
0,0,경기76아1123,3,20,233000125,233000769,91,20221023-185403
0,0,경기76아1132,3,0,233000125,277103314,65,20221023-185403
0,0,경기76아4651,3,44,233000125,233001943,13,20221023-185403
0,0,경기76아4650,3,40,233000125,277103221,46,20221023-185418
0,0,경기76아4649,3,45,233000125,119900083,56,20221023-185418
0,0,경기76아4651,3,44,233000125,233001943,13,20221023-185418
0,0,경기76아1132,3,0,233000125,277103314,65,20221023-185418
0,0,경기76아1123,3,20,233000125,233000768,92,20221023-185418
0,0,경기76아4650,3,40,233000125,277103221,46,20221023-185433
0,0,경기76아4649,3,45,233000125,119900083,56,20221023-185433
0,0,경기76아4651,3,44,233000125,233001943,13,20221023-185433
0,0,경기76아1132,3,0,233000125,277103314,65,20221023-185433
0,0,경기76아1123,3,20,233000125,233000768,92,20221023-185433
0,0,경기76아4650,3,40,233000125,277103221,46,20221023-185448
0,0,경기76아4649,3,45,233000125,119900083,56,20221023-185448
0,0,경기76아4651,3,44,233000125,233001943,13,20221023-185448
0,0,경기76아1132,3,0,233000125,277103314,65,20221023-185448
0,0,경기76아1123,3,20,233000125,233000768,92,20221023-185448
0,0,경기76아4650,3,40,233000125,277103221,46,20221023-185503
0,0,경기76아4649,3,45,233000125,119900083,56,20221023-185503
0,0,경기76아4651,3,44,233000125,233001943,13,20221023-185503
0,0,경기76아1123,3,20,233000125,233000768,92,20221023-185503
0,0,경기76아1132,3,0,233000125,277103314,65,20221023-185503
0,0,경기76아4650,3,40,233000125,277103221,46,20221023-185518
0,0,경기76아4649,3,45,233000125,119900083,56,20221023-185518
0,0,경기76아1132,3,0,233000125,277103314,65,20221023-185518
0,0,경기76아1123,3,20,233000125,233000768,92,20221023-185518
0,0,경기76아4651,3,44,233000125,233001943,13,20221023-185518
0,0,경기76아4650,3,40,233000125,277103221,46,20221023-185533
0,0,경기76아4649,3,45,233000125,119900083,56,20221023-185533
0,0,경기76아1132,3,0,233000125,277103314,65,20221023-185533
0,0,경기76아4651,3,44,233000125,233000188,14,20221023-185533
0,0,경기76아1123,3,25,233000125,233000768,92,20221023-185533
0,0,경기76아4650,3,40,233000125,277103221,46,20221023-185548
0,0,경기76아4649,3,45,233000125,119900083,56,20221023-185548
0,0,경기76아1123,3,25,233000125,233000768,92,20221023-185548
0,0,경기76아1132,3,0,233000125,277103316,66,20221023-185548
0,0,경기76아4651,3,43,233000125,233000188,14,20221023-185548
0,0,경기76아4650,3,40,233000125,277103221,46,20221023-185603
0,0,경기76아4649,3,45,233000125,119900083,56,20221023-185603
0,0,경기76아1132,3,0,233000125,277103316,66,20221023-185603
0,0,경기76아4651,3,43,233000125,233000188,14,20221023-185603
0,0,경기76아1123,3,25,233000125,233001749,93,20221023-185603
0,0,경기76아4650,3,40,233000125,277103221,46,20221023-185618
0,0,경기76아4649,3,45,233000125,119900083,56,20221023-185618
0,0,경기76아1123,3,25,233000125,233001749,93,20221023-185618
0,0,경기76아4651,3,43,233000125,233001318,15,20221023-185618
0,0,경기76아1132,3,0,233000125,277103316,66,20221023-185618
0,0,경기76아4650,3,40,233000125,277103159,47,20221023-185633
0,0,경기76아4649,3,45,233000125,119900083,56,20221023-185633
0,0,경기76아4651,3,43,233000125,233001318,15,20221023-185633
0,0,경기76아1123,3,26,233000125,233001749,93,20221023-185633
0,0,경기76아1132,3,0,233000125,277103316,66,20221023-185633
0,0,경기76아4650,3,40,233000125,277103159,47,20221023-185648
0,0,경기76아4649,3,45,233000125,119900083,56,20221023-185648
0,0,경기76아4651,3,43,233000125,233001318,15,20221023-185648
0,0,경기76아1132,3,0,233000125,277103527,67,20221023-185648
0,0,경기76아1123,3,26,233000125,233001749,93,20221023-185648
0,0,경기76아4650,3,40,233000125,277103159,47,20221023-185703
0,0,경기76아4649,3,45,233000125,119900083,56,20221023-185703
0,0,경기76아1132,3,0,233000125,277103527,67,20221023-185703
0,0,경기76아4651,3,43,233000125,233000730,16,20221023-185703
0,0,경기76아1123,3,26,233000125,233002159,94,20221023-185703
0,0,경기76아4650,3,40,233000125,277103159,47,20221023-185718
0,0,경기76아4649,3,45,233000125,119900083,56,20221023-185718
0,0,경기76아1123,3,26,233000125,233002159,94,20221023-185718
0,0,경기76아4651,3,43,233000125,233000730,16,20221023-185718
0,0,경기76아1132,3,0,233000125,277103527,67,20221023-185718
0,0,경기76아4650,3,40,233000125,277103159,47,20221023-185733
0,0,경기76아4649,3,45,233000125,119900083,56,20221023-185733
0,0,경기76아4651,3,43,233000125,233000730,16,20221023-185733
0,0,경기76아1123,3,33,233000125,233002159,94,20221023-185733
0,0,경기76아1132,3,0,233000125,277103527,67,20221023-185733
0,0,경기76아4650,3,40,233000125,277103200,48,20221023-185748
0,0,경기76아4649,3,45,233000125,119900083,56,20221023-185748
0,0,경기76아1132,3,0,233000125,277103527,67,20221023-185748
0,0,경기76아1123,3,33,233000125,233002159,94,20221023-185748
0,0,경기76아4651,3,40,233000125,233000730,16,20221023-185748
0,0,경기76아4650,3,40,233000125,277103200,48,20221023-185803
0,0,경기76아4649,3,45,233000125,119900083,56,20221023-185803
0,0,경기76아1132,3,0,233000125,277103527,67,20221023-185803
0,0,경기76아4651,3,40,233000125,233000730,16,20221023-185803
0,0,경기76아1123,3,33,233000125,233002159,94,20221023-185803
0,0,경기76아4650,3,40,233000125,277103200,48,20221023-185818
0,0,경기76아4649,3,45,233000125,119900083,56,20221023-185818
0,0,경기76아1123,3,33,233000125,233002159,94,20221023-185818
0,0,경기76아1132,3,0,233000125,277103527,67,20221023-185818
0,0,경기76아4651,3,40,233000125,233000729,17,20221023-185818
0,0,경기76아4650,3,40,233000125,277103200,48,20221023-185833
0,0,경기76아4649,3,45,233000125,119900083,56,20221023-185833
0,0,경기76아1132,3,0,233000125,277103527,67,20221023-185833
0,0,경기76아4651,3,40,233000125,233000729,17,20221023-185833
0,0,경기76아1123,3,35,233000125,233001828,95,20221023-185833
0,0,경기76아4650,3,40,233000125,277103200,48,20221023-185848
0,0,경기76아4649,3,45,233000125,119900083,56,20221023-185848
0,0,경기76아1132,3,0,233000125,277103527,67,20221023-185848
0,0,경기76아1123,3,35,233000125,233001828,95,20221023-185848
0,0,경기76아4651,3,39,233000125,233000729,17,20221023-185848
0,0,경기76아4650,3,40,233000125,277103200,48,20221023-185903
0,0,경기76아4649,3,45,233000125,119900083,56,20221023-185903
0,0,경기76아4651,3,39,233000125,233000729,17,20221023-185903
0,0,경기76아1132,3,0,233000125,277103527,67,20221023-185903
0,0,경기76아1123,3,35,233000125,233001828,95,20221023-185903
0,0,경기76아4650,3,40,233000125,277103200,48,20221023-185918
0,0,경기76아4649,3,45,233000125,119900083,56,20221023-185918
0,0,경기76아4651,3,39,233000125,233000729,17,20221023-185918
0,0,경기76아1123,3,35,233000125,233001828,95,20221023-185918
0,0,경기76아1132,3,0,233000125,277103519,68,20221023-185918
0,0,경기76아4650,3,40,233000125,277103200,48,20221023-185933
0,0,경기76아4649,3,45,233000125,119900083,56,20221023-185933
0,0,경기76아4651,3,39,233000125,233000729,17,20221023-185933
0,0,경기76아1132,3,0,233000125,277103519,68,20221023-185933
0,0,경기76아1123,3,35,233000125,233001828,95,20221023-185933
0,0,경기76아4650,3,40,233000125,277103200,48,20221023-185948
0,0,경기76아4649,3,45,233000125,119900083,56,20221023-185948
0,0,경기76아4651,3,39,233000125,233000729,17,20221023-185948
0,0,경기76아1123,3,35,233000125,233001828,95,20221023-185948
0,0,경기76아1132,3,0,233000125,277103519,68,20221023-185948
0,0,경기76아4650,3,40,233000125,277103200,48,20221023-190004
0,0,경기76아4651,3,39,233000125,233000729,17,20221023-190004
0,0,경기76아1123,3,35,233000125,233001828,95,20221023-190004
0,0,경기76아1132,3,0,233000125,277103519,68,20221023-190004
0,0,경기76아4649,3,9,233000125,119900083,56,20221023-190004
0,0,경기76아4650,3,40,233000125,277103203,49,20221023-190018
0,0,경기76아1123,3,35,233000125,233001828,95,20221023-190018
0,0,경기76아4649,3,9,233000125,119900083,56,20221023-190018
0,0,경기76아1132,3,0,233000125,277103519,68,20221023-190018
0,0,경기76아4651,3,39,233000125,233000729,17,20221023-190018
0,0,경기76아4650,3,40,233000125,277103203,49,20221023-190033
0,0,경기76아1123,3,35,233000125,233001828,95,20221023-190033
0,0,경기76아4649,3,9,233000125,119900083,56,20221023-190033
0,0,경기76아1132,3,0,233000125,277103519,68,20221023-190033
0,0,경기76아4651,3,39,233000125,233000729,17,20221023-190033
0,0,경기76아4650,3,40,233000125,277103203,49,20221023-190048
0,0,경기76아1123,3,35,233000125,233001828,95,20221023-190048
0,0,경기76아4649,3,9,233000125,119900083,56,20221023-190048
0,0,경기76아4651,3,39,233000125,233000729,17,20221023-190048
0,0,경기76아1132,3,0,233000125,277103519,68,20221023-190048
0,0,경기76아4650,3,40,233000125,277103203,49,20221023-190103
0,0,경기76아4649,3,9,233000125,119900083,56,20221023-190103
0,0,경기76아4651,3,39,233000125,233000729,17,20221023-190103
0,0,경기76아1132,3,0,233000125,277103519,68,20221023-190103
0,0,경기76아1123,3,36,233000125,233001828,95,20221023-190103
0,0,경기76아4650,3,40,233000125,277103203,49,20221023-190118
0,0,경기76아4649,3,9,233000125,119900083,56,20221023-190118
0,0,경기76아4651,3,39,233000125,233000729,17,20221023-190118
0,0,경기76아1123,3,36,233000125,233001828,95,20221023-190118
0,0,경기76아1132,3,0,233000125,277103519,68,20221023-190118
0,0,경기76아4650,3,40,233000125,277103203,49,20221023-190133
0,0,경기76아1123,3,36,233000125,233001435,96,20221023-190133
0,0,경기76아4649,3,9,233000125,277103902,53,20221023-190133
0,0,경기76아1132,3,0,233000125,233000781,69,20221023-190133
0,0,경기76아4651,3,39,233000125,233000729,17,20221023-190133
0,0,경기76아4650,3,40,233000125,277103203,49,20221023-190148
0,0,경기76아1132,3,0,233000125,233000781,69,20221023-190148
0,0,경기76아1123,3,36,233000125,233001435,96,20221023-190148
0,0,경기76아4649,3,9,233000125,277102049,57,20221023-190148
0,0,경기76아4651,3,39,233000125,233000728,18,20221023-190148
0,0,경기76아4650,3,40,233000125,277103203,49,20221023-190203
0,0,경기76아1132,3,0,233000125,233000781,69,20221023-190203
0,0,경기76아1123,3,36,233000125,233001435,96,20221023-190203
0,0,경기76아4651,3,39,233000125,233000728,18,20221023-190203
0,0,경기76아4649,3,9,233000125,277102049,57,20221023-190203
0,0,경기76아4650,3,40,233000125,277103205,50,20221023-190218
0,0,경기76아4649,3,9,233000125,277102049,57,20221023-190218
0,0,경기76아1132,3,0,233000125,233000781,69,20221023-190218
0,0,경기76아1123,3,36,233000125,233000208,97,20221023-190218
0,0,경기76아4651,3,39,233000125,233001404,19,20221023-190218
0,0,경기76아4650,3,40,233000125,277103205,50,20221023-190233
0,0,경기76아4649,3,9,233000125,277102049,57,20221023-190233
0,0,경기76아1123,3,36,233000125,233001043,98,20221023-190233
0,0,경기76아1132,3,0,233000125,233000781,69,20221023-190233
0,0,경기76아4651,3,39,233000125,233000727,20,20221023-190233
0,0,경기76아4650,3,40,233000125,277103205,50,20221023-190248
0,0,경기76아4649,3,9,233000125,277102049,57,20221023-190248
0,0,경기76아1123,3,36,233000125,233001043,98,20221023-190248
0,0,경기76아1132,3,0,233000125,233000781,69,20221023-190248
0,0,경기76아4651,3,39,233000125,233000727,20,20221023-190248
0,0,경기76아4650,3,40,233000125,277103205,50,20221023-190303
0,0,경기76아4649,3,9,233000125,277102049,57,20221023-190303
0,0,경기76아1123,3,36,233000125,233001043,98,20221023-190303
0,0,경기76아4651,3,39,233000125,233000727,20,20221023-190303
0,0,경기76아1132,3,0,233000125,233000849,70,20221023-190303
0,0,경기76아4650,3,40,233000125,277103205,50,20221023-190318
0,0,경기76아4649,3,9,233000125,277102049,57,20221023-190318
0,0,경기76아1123,3,41,233000125,233001043,98,20221023-190318
0,0,경기76아4651,3,39,233000125,233000727,20,20221023-190318
0,0,경기76아1132,3,0,233000125,233000848,71,20221023-190318
0,0,경기76아4650,3,40,233000125,277103205,50,20221023-190333
0,0,경기76아4649,3,9,233000125,277102049,57,20221023-190333
0,0,경기76아1123,3,41,233000125,233001043,98,20221023-190333
0,0,경기76아1132,3,0,233000125,233000848,71,20221023-190333
0,0,경기76아4651,3,39,233000125,233000727,20,20221023-190333
0,0,경기76아4650,3,40,233000125,277103205,50,20221023-190348
0,0,경기76아4649,3,9,233000125,277102049,57,20221023-190348
0,0,경기76아1123,3,41,233000125,233001043,98,20221023-190348
0,0,경기76아1132,3,0,233000125,233000848,71,20221023-190348
0,0,경기76아4651,3,39,233000125,233000726,21,20221023-190348
0,0,경기76아4650,3,40,233000125,277103205,50,20221023-190404
0,0,경기76아1123,3,41,233000125,233001043,98,20221023-190404
0,0,경기76아1132,3,0,233000125,233000848,71,20221023-190404
0,0,경기76아4651,3,39,233000125,233000726,21,20221023-190404
0,0,경기76아4649,3,9,233000125,277102291,58,20221023-190404
0,0,경기76아4650,3,40,233000125,277103205,50,20221023-190419
0,0,경기76아1132,3,0,233000125,233000848,71,20221023-190419
0,0,경기76아4651,3,39,233000125,233000726,21,20221023-190419
0,0,경기76아1123,3,41,233000125,233002130,99,20221023-190419
0,0,경기76아4649,3,9,233000125,277102291,58,20221023-190419
0,0,경기76아4650,3,40,233000125,277103205,50,20221023-190434
0,0,경기76아4651,3,39,233000125,233000726,21,20221023-190434
0,0,경기76아4649,3,9,233000125,277102291,58,20221023-190434
0,0,경기76아1123,3,41,233000125,233002130,99,20221023-190434
0,0,경기76아1132,3,0,233000125,233000847,72,20221023-190434
0,0,경기76아4650,3,40,233000125,277103205,50,20221023-190449
0,0,경기76아4651,3,39,233000125,233000726,21,20221023-190449
0,0,경기76아4649,3,9,233000125,277102291,58,20221023-190449
0,0,경기76아1132,3,0,233000125,233000847,72,20221023-190449
0,0,경기76아1123,3,41,233000125,233001042,100,20221023-190449
0,0,경기76아4650,3,40,233000125,277103205,50,20221023-190504
0,0,경기76아4651,3,39,233000125,233000726,21,20221023-190504
0,0,경기76아4649,3,9,233000125,277102291,58,20221023-190504
0,0,경기76아1132,3,1,233000125,233000847,72,20221023-190504
0,0,경기76아1123,3,41,233000125,233001042,100,20221023-190504
0,0,경기76아4650,3,40,233000125,277103205,50,20221023-190518
0,0,경기76아4651,3,39,233000125,233000726,21,20221023-190518
0,0,경기76아4649,3,9,233000125,277102291,58,20221023-190518
0,0,경기76아1123,3,41,233000125,233002296,101,20221023-190518
0,0,경기76아1132,3,1,233000125,233002174,73,20221023-190518
0,0,경기76아4650,3,40,233000125,277103903,51,20221023-190533
0,0,경기76아4649,3,9,233000125,277102291,58,20221023-190533
0,0,경기76아1132,3,1,233000125,233002174,73,20221023-190533
0,0,경기76아4651,3,38,233000125,233000726,21,20221023-190533
0,0,경기76아1123,3,41,233000125,233000207,102,20221023-190533
0,0,경기76아4650,3,40,233000125,277103903,51,20221023-190548
0,0,경기76아4649,3,9,233000125,277102291,58,20221023-190548
0,0,경기76아4651,3,38,233000125,233000726,21,20221023-190548
0,0,경기76아1123,3,41,233000125,233000207,102,20221023-190548
0,0,경기76아1132,3,2,233000125,233002174,73,20221023-190548
0,0,경기76아4650,3,40,233000125,120000671,52,20221023-190603
0,0,경기76아1132,3,2,233000125,233002174,73,20221023-190603
0,0,경기76아4651,3,38,233000125,233000726,21,20221023-190603
0,0,경기76아1123,3,42,233000125,233000207,102,20221023-190603
0,0,경기76아4649,3,9,233000125,277102291,58,20221023-190603
0,0,경기76아4650,3,40,233000125,120000671,52,20221023-190618
0,0,경기76아1132,3,2,233000125,233002174,73,20221023-190618
0,0,경기76아4649,3,9,233000125,277102291,58,20221023-190618
0,0,경기76아4651,3,38,233000125,233000725,22,20221023-190618
0,0,경기76아1123,3,42,233000125,233002216,103,20221023-190618
0,0,경기76아4650,3,40,233000125,120000671,52,20221023-190633
0,0,경기76아1132,3,2,233000125,233002174,73,20221023-190633
0,0,경기76아4649,3,9,233000125,277102291,58,20221023-190633
0,0,경기76아1123,3,43,233000125,233002216,103,20221023-190633
0,0,경기76아4651,3,39,233000125,233000725,22,20221023-190633
0,0,경기76아4650,3,40,233000125,277103902,53,20221023-190648
0,0,경기76아4649,3,9,233000125,277102291,58,20221023-190648
0,0,경기76아4651,3,39,233000125,233000725,22,20221023-190648
0,0,경기76아1123,3,43,233000125,233002216,103,20221023-190648
0,0,경기76아1132,3,2,233000125,233000055,74,20221023-190648
0,0,경기76아4650,3,40,233000125,277103902,53,20221023-190703
0,0,경기76아4649,3,9,233000125,277102291,58,20221023-190703
0,0,경기76아4651,3,39,233000125,233000725,22,20221023-190703
0,0,경기76아1123,3,43,233000125,233002216,103,20221023-190703
0,0,경기76아1132,3,2,233000125,233000846,75,20221023-190703
0,0,경기76아4650,3,40,233000125,277103902,53,20221023-190718
0,0,경기76아4651,3,39,233000125,233000725,22,20221023-190718
0,0,경기76아4649,3,9,233000125,277102291,58,20221023-190718
0,0,경기76아1123,3,43,233000125,233002223,104,20221023-190718
0,0,경기76아1132,3,2,233000125,233000845,76,20221023-190718
0,0,경기76아4650,3,40,233000125,277103902,53,20221023-190733
0,0,경기76아1123,3,43,233000125,233002223,104,20221023-190733
0,0,경기76아1132,3,2,233000125,233000845,76,20221023-190733
0,0,경기76아4651,3,39,233000125,233000725,22,20221023-190733
0,0,경기76아4649,3,9,233000125,277103204,59,20221023-190733
0,0,경기76아4650,3,40,233000125,277103902,53,20221023-190748
0,0,경기76아1123,3,43,233000125,233002223,104,20221023-190748
0,0,경기76아4649,3,9,233000125,277103204,59,20221023-190748
0,0,경기76아1132,3,2,233000125,233002150,77,20221023-190748
0,0,경기76아4651,3,39,233000125,233002118,23,20221023-190748
0,0,경기76아4650,3,45,233000125,121001315,54,20221023-190803
0,0,경기76아1123,3,43,233000125,233002223,104,20221023-190803
0,0,경기76아4649,3,9,233000125,277103204,59,20221023-190803
0,0,경기76아4651,3,39,233000125,233002118,23,20221023-190803
0,0,경기76아1132,3,2,233000125,233002150,77,20221023-190803
0,0,경기76아4650,3,45,233000125,121001315,54,20221023-190818
0,0,경기76아1132,3,2,233000125,233002150,77,20221023-190818
0,0,경기76아4651,3,39,233000125,233002118,23,20221023-190818
0,0,경기76아4649,3,-1,233000125,277103204,59,20221023-190818
0,0,경기76아1123,3,44,233000125,233002223,104,20221023-190818
0,0,경기76아4650,3,45,233000125,121001315,54,20221023-190833
0,0,경기76아4649,3,-1,233000125,277103204,59,20221023-190833
0,0,경기76아1132,3,2,233000125,233002150,77,20221023-190833
0,0,경기76아1123,3,44,233000125,233002214,105,20221023-190833
0,0,경기76아4651,3,39,233000125,233002118,23,20221023-190833
0,0,경기76아4650,3,45,233000125,121001315,54,20221023-190848
0,0,경기76아4649,3,-1,233000125,277103204,59,20221023-190848
0,0,경기76아1123,3,44,233000125,233002214,105,20221023-190848
0,0,경기76아1132,3,2,233000125,233000844,78,20221023-190848
0,0,경기76아4651,3,39,233000125,233002118,23,20221023-190848
0,0,경기76아4650,3,45,233000125,121001315,54,20221023-190903
0,0,경기76아4649,3,-1,233000125,277103204,59,20221023-190903
0,0,경기76아1123,3,44,233000125,233002214,105,20221023-190903
0,0,경기76아1132,3,2,233000125,233000844,78,20221023-190903
0,0,경기76아4651,3,39,233000125,233000724,24,20221023-190903
0,0,경기76아4650,3,45,233000125,121001315,54,20221023-190918
0,0,경기76아1132,3,2,233000125,233000844,78,20221023-190918
0,0,경기76아1123,3,46,233000125,233002214,105,20221023-190918
0,0,경기76아4651,3,39,233000125,233000724,24,20221023-190918
0,0,경기76아4649,3,9,233000125,277103204,59,20221023-190918
0,0,경기76아4650,3,45,233000125,121001315,54,20221023-190933
0,0,경기76아1123,3,46,233000125,233002214,105,20221023-190933
0,0,경기76아1132,3,0,233000125,233000844,78,20221023-190933
0,0,경기76아4651,3,39,233000125,233000723,25,20221023-190933
0,0,경기76아4649,3,9,233000125,277103202,60,20221023-190933
0,0,경기76아4650,3,45,233000125,121001315,54,20221023-190948
0,0,경기76아1123,3,46,233000125,233002214,105,20221023-190948
0,0,경기76아4651,3,39,233000125,233000723,25,20221023-190948
0,0,경기76아1132,3,0,233000125,233000844,78,20221023-190948
0,0,경기76아4649,3,9,233000125,277103202,60,20221023-190948
0,0,경기76아4650,3,45,233000125,121001315,54,20221023-191003
0,0,경기76아1123,3,46,233000125,233002214,105,20221023-191003
0,0,경기76아4649,3,9,233000125,277103202,60,20221023-191003
0,0,경기76아4651,3,39,233000125,233000722,26,20221023-191003
0,0,경기76아1132,3,0,233000125,233000844,78,20221023-191003
0,0,경기76아4650,3,45,233000125,121001315,54,20221023-191018
0,0,경기76아1123,3,46,233000125,233002214,105,20221023-191018
0,0,경기76아4651,3,39,233000125,233000722,26,20221023-191018
0,0,경기76아1132,3,0,233000125,233000844,78,20221023-191018
0,0,경기76아4649,3,9,233000125,277103202,60,20221023-191018
0,0,경기76아4650,3,45,233000125,121001315,54,20221023-191033
0,0,경기76아4651,3,39,233000125,233000722,26,20221023-191033
0,0,경기76아1132,3,0,233000125,233000844,78,20221023-191033
0,0,경기76아4649,3,9,233000125,277103202,60,20221023-191033
0,0,경기76아1123,3,46,233000125,233002214,105,20221023-191033
0,0,경기76아4650,3,45,233000125,121001315,54,20221023-191048
0,0,경기76아4651,3,39,233000125,233000722,26,20221023-191048
0,0,경기76아1132,3,0,233000125,233000844,78,20221023-191048
0,0,경기76아4649,3,9,233000125,277103202,60,20221023-191048
0,0,경기76아4650,3,45,233000125,121001315,54,20221023-191104
0,0,경기76아4651,3,39,233000125,233000722,26,20221023-191104
0,0,경기76아1132,3,0,233000125,233000843,79,20221023-191104
0,0,경기76아4649,3,9,233000125,277103201,61,20221023-191104
0,0,경기76아4650,3,45,233000125,121001315,54,20221023-191119
0,0,경기76아4649,3,9,233000125,277103201,61,20221023-191119
0,0,경기76아4651,3,39,233000125,233000721,27,20221023-191119
0,0,경기76아1132,3,-1,233000125,233000843,79,20221023-191119
0,0,경기76아4650,3,45,233000125,121001315,54,20221023-191134
0,0,경기76아4649,3,9,233000125,277103201,61,20221023-191134
0,0,경기76아1132,3,-1,233000125,233000843,79,20221023-191134
0,0,경기76아4651,3,39,233000125,233000721,27,20221023-191134
0,0,경기76아4650,3,45,233000125,121001315,54,20221023-191149
0,0,경기76아4649,3,9,233000125,277103201,61,20221023-191149
0,0,경기76아1132,3,0,233000125,233000780,80,20221023-191149
0,0,경기76아4651,3,39,233000125,233000721,27,20221023-191149
0,0,경기76아4650,3,45,233000125,121001315,54,20221023-191204
0,0,경기76아4649,3,9,233000125,277103201,61,20221023-191204
0,0,경기76아1132,3,0,233000125,233000780,80,20221023-191204
0,0,경기76아4651,3,39,233000125,233000721,27,20221023-191204
0,0,경기76아4650,3,45,233000125,121001315,54,20221023-191219
0,0,경기76아4651,3,39,233000125,233000721,27,20221023-191219
0,0,경기76아4649,3,9,233000125,277103201,61,20221023-191219
0,0,경기76아1132,3,0,233000125,233000780,80,20221023-191219
0,0,경기76아4650,3,45,233000125,121001315,54,20221023-191234
0,0,경기76아1132,3,0,233000125,233000780,80,20221023-191234
0,0,경기76아4651,3,39,233000125,233000720,28,20221023-191234
0,0,경기76아4649,3,9,233000125,277103201,61,20221023-191234
0,0,경기76아4650,3,45,233000125,121001315,54,20221023-191249
0,0,경기76아1132,3,0,233000125,233000780,80,20221023-191249
0,0,경기76아4651,3,39,233000125,233000720,28,20221023-191249
0,0,경기76아4649,3,9,233000125,277103201,61,20221023-191249
0,0,경기76아4650,3,45,233000125,121001315,54,20221023-191304
0,0,경기76아4649,3,9,233000125,277103201,61,20221023-191304
0,0,경기76아4651,3,39,233000125,233000720,28,20221023-191304
0,0,경기76아1132,3,0,233000125,233000779,81,20221023-191304
0,0,경기76아4650,3,45,233000125,277101688,55,20221023-191319
0,0,경기76아4649,3,9,233000125,277103201,61,20221023-191319
0,0,경기76아1132,3,0,233000125,233000779,81,20221023-191319
0,0,경기76아4651,3,39,233000125,233000720,28,20221023-191319
0,0,경기76아4650,3,45,233000125,277101688,55,20221023-191334
0,0,경기76아4651,3,39,233000125,233000720,28,20221023-191334
0,0,경기76아1132,3,0,233000125,233000779,81,20221023-191334
0,0,경기76아4649,3,9,233000125,277103158,62,20221023-191334
0,0,경기76아4650,3,45,233000125,277101688,55,20221023-191349
0,0,경기76아1132,3,0,233000125,233000779,81,20221023-191349
0,0,경기76아4649,3,9,233000125,277103158,62,20221023-191349
0,0,경기76아4651,3,39,233000125,233000720,28,20221023-191349
0,0,경기76아4650,3,45,233000125,277101688,55,20221023-191404
0,0,경기76아1132,3,0,233000125,233000779,81,20221023-191404
0,0,경기76아4651,3,39,233000125,233000720,28,20221023-191404
0,0,경기76아4649,3,9,233000125,277103158,62,20221023-191404
0,0,경기76아4650,3,45,233000125,277101688,55,20221023-191419
0,0,경기76아1132,3,0,233000125,233000779,81,20221023-191419
0,0,경기76아4649,3,9,233000125,277103158,62,20221023-191419
0,0,경기76아4651,3,39,233000125,233000720,28,20221023-191419
0,0,경기76아4650,3,45,233000125,277101688,55,20221023-191434
0,0,경기76아1132,3,0,233000125,233000779,81,20221023-191434
0,0,경기76아4651,3,39,233000125,233000720,28,20221023-191434
0,0,경기76아4649,3,9,233000125,277103158,62,20221023-191434
0,0,경기76아4650,3,45,233000125,277101688,55,20221023-191449
0,0,경기76아1132,3,0,233000125,233000779,81,20221023-191449
0,0,경기76아4651,3,39,233000125,233000719,29,20221023-191449
0,0,경기76아4649,3,9,233000125,277103158,62,20221023-191449
0,0,경기76아4650,3,45,233000125,119900083,56,20221023-191504
0,0,경기76아1132,3,0,233000125,233000779,81,20221023-191504
0,0,경기76아4651,3,39,233000125,233000719,29,20221023-191504
0,0,경기76아4649,3,9,233000125,277103220,63,20221023-191504
0,0,경기76아4650,3,45,233000125,119900083,56,20221023-191519
0,0,경기76아1132,3,0,233000125,233000779,81,20221023-191519
0,0,경기76아4651,3,39,233000125,233000719,29,20221023-191519
0,0,경기76아4649,3,9,233000125,277103220,63,20221023-191519
0,0,경기76아4650,3,45,233000125,119900083,56,20221023-191534
0,0,경기76아1132,3,0,233000125,233000779,81,20221023-191534
0,0,경기76아4649,3,9,233000125,277103220,63,20221023-191534
0,0,경기76아4651,3,39,233000125,233000718,30,20221023-191534
0,0,경기76아4650,3,45,233000125,119900083,56,20221023-191549
0,0,경기76아1132,3,0,233000125,233000779,81,20221023-191549
0,0,경기76아4649,3,9,233000125,277103220,63,20221023-191549
0,0,경기76아4651,3,39,233000125,233000718,30,20221023-191549
0,0,경기76아4650,3,45,233000125,119900083,56,20221023-191603
0,0,경기76아1132,3,0,233000125,233000779,81,20221023-191603
0,0,경기76아4651,3,39,233000125,233000718,30,20221023-191603
0,0,경기76아4649,3,9,233000125,277103220,63,20221023-191603
0,0,경기76아4650,3,45,233000125,119900083,56,20221023-191618
0,0,경기76아4649,3,9,233000125,277103220,63,20221023-191618
0,0,경기76아4651,3,39,233000125,233000718,30,20221023-191618
0,0,경기76아1132,3,0,233000125,233000779,81,20221023-191618
0,0,경기76아4650,3,45,233000125,119900083,56,20221023-191633
0,0,경기76아1132,3,0,233000125,233000779,81,20221023-191633
0,0,경기76아4651,3,39,233000125,233000718,30,20221023-191633
0,0,경기76아4649,3,9,233000125,277103220,63,20221023-191633
0,0,경기76아4650,3,45,233000125,119900083,56,20221023-191648
0,0,경기76아1132,3,0,233000125,233000779,81,20221023-191648
0,0,경기76아4649,3,9,233000125,277103220,63,20221023-191648
0,0,경기76아4651,3,39,233000125,233000842,31,20221023-191648
0,0,경기76아4650,3,45,233000125,119900083,56,20221023-191703
0,0,경기76아1132,3,0,233000125,233000779,81,20221023-191703
0,0,경기76아4649,3,9,233000125,226000038,64,20221023-191703
0,0,경기76아4651,3,40,233000125,233000842,31,20221023-191703
0,0,경기76아4650,3,45,233000125,119900083,56,20221023-191718
0,0,경기76아4649,3,9,233000125,226000038,64,20221023-191718
0,0,경기76아1132,3,0,233000125,233000779,81,20221023-191718
0,0,경기76아4651,3,40,233000125,233000842,31,20221023-191718
0,0,경기76아4650,3,45,233000125,119900083,56,20221023-191733
0,0,경기76아1132,3,0,233000125,233000779,81,20221023-191733
0,0,경기76아4651,3,40,233000125,233000842,31,20221023-191733
0,0,경기76아4649,3,7,233000125,226000038,64,20221023-191733
0,0,경기76아4650,3,45,233000125,119900083,56,20221023-191748
0,0,경기76아1132,3,0,233000125,233000779,81,20221023-191748
0,0,경기76아4651,3,40,233000125,233000842,31,20221023-191748
0,0,경기76아4649,3,7,233000125,226000038,64,20221023-191748
0,0,경기76아4650,3,45,233000125,119900083,56,20221023-191803
0,0,경기76아4649,3,7,233000125,226000038,64,20221023-191803
0,0,경기76아1132,3,0,233000125,233000778,82,20221023-191803
0,0,경기76아4651,3,40,233000125,233002149,32,20221023-191803
0,0,경기76아4650,3,45,233000125,119900083,56,20221023-191818
0,0,경기76아1132,3,0,233000125,233000778,82,20221023-191818
0,0,경기76아4651,3,40,233000125,233002149,32,20221023-191818
0,0,경기76아4649,3,7,233000125,226000038,64,20221023-191818
0,0,경기76아4650,3,45,233000125,119900083,56,20221023-191833
0,0,경기76아1132,3,0,233000125,233000778,82,20221023-191833
0,0,경기76아4651,3,40,233000125,233002149,32,20221023-191833
0,0,경기76아4649,3,7,233000125,226000038,64,20221023-191833
0,0,경기76아4650,3,45,233000125,119900083,56,20221023-191848
0,0,경기76아4649,3,7,233000125,226000038,64,20221023-191848
0,0,경기76아1132,3,0,233000125,233000778,82,20221023-191848
0,0,경기76아4651,3,40,233000125,233000717,33,20221023-191848
0,0,경기76아4650,3,45,233000125,119900083,56,20221023-191903
0,0,경기76아1132,3,0,233000125,233000778,82,20221023-191903
0,0,경기76아4651,3,40,233000125,233000717,33,20221023-191903
0,0,경기76아4649,3,7,233000125,226000038,64,20221023-191903
0,0,경기76아4650,3,45,233000125,119900083,56,20221023-191918
0,0,경기76아1132,3,0,233000125,233000778,82,20221023-191918
0,0,경기76아4651,3,40,233000125,233000716,34,20221023-191918
0,0,경기76아4649,3,7,233000125,277103314,65,20221023-191918
0,0,경기76아4650,3,45,233000125,119900083,56,20221023-191933
0,0,경기76아4649,3,7,233000125,277103314,65,20221023-191933
0,0,경기76아4651,3,40,233000125,233000059,35,20221023-191933
0,0,경기76아1132,3,0,233000125,233000777,83,20221023-191933
0,0,경기76아4650,3,45,233000125,119900083,56,20221023-191948
0,0,경기76아1132,3,0,233000125,233000777,83,20221023-191948
0,0,경기76아4651,3,40,233000125,233000059,35,20221023-191948
0,0,경기76아4649,3,7,233000125,277103314,65,20221023-191948
0,0,경기76아4650,3,45,233000125,119900083,56,20221023-192004
0,0,경기76아4651,3,40,233000125,233000059,35,20221023-192004
0,0,경기76아4649,3,7,233000125,277103314,65,20221023-192004
0,0,경기76아1132,3,0,233000125,233000777,83,20221023-192004
0,0,경기76아4650,3,45,233000125,119900083,56,20221023-192018
0,0,경기76아4649,3,7,233000125,277103314,65,20221023-192018
0,0,경기76아4651,3,40,233000125,233000059,35,20221023-192018
0,0,경기76아1132,3,0,233000125,233000776,84,20221023-192018
0,0,경기76아4650,3,45,233000125,119900083,56,20221023-192033
0,0,경기76아4649,3,7,233000125,277103314,65,20221023-192033
0,0,경기76아4651,3,40,233000125,233000891,36,20221023-192033
0,0,경기76아1132,3,0,233000125,233000776,84,20221023-192033
0,0,경기76아4650,3,45,233000125,119900083,56,20221023-192048
0,0,경기76아4649,3,7,233000125,277103314,65,20221023-192048
0,0,경기76아4651,3,40,233000125,233000891,36,20221023-192048
0,0,경기76아1132,3,0,233000125,233000774,85,20221023-192048
0,0,경기76아4650,3,45,233000125,119900083,56,20221023-192103
0,0,경기76아4649,3,7,233000125,277103314,65,20221023-192103
0,0,경기76아1132,3,0,233000125,233000774,85,20221023-192103
0,0,경기76아4651,3,39,233000125,233000891,36,20221023-192103
0,0,경기76아4650,3,45,233000125,119900083,56,20221023-192118
0,0,경기76아4649,3,7,233000125,277103314,65,20221023-192118
0,0,경기76아1132,3,0,233000125,233000774,85,20221023-192118
0,0,경기76아4651,3,39,233000125,233000891,36,20221023-192118
0,0,경기76아4650,3,45,233000125,119900083,56,20221023-192133
0,0,경기76아4651,3,39,233000125,233000891,36,20221023-192133
0,0,경기76아1132,3,0,233000125,233000774,85,20221023-192133
0,0,경기76아4649,3,7,233000125,277103314,65,20221023-192133
0,0,경기76아4650,3,45,233000125,119900083,56,20221023-192148
0,0,경기76아1132,3,0,233000125,233000774,85,20221023-192148
0,0,경기76아4651,3,39,233000125,233000715,37,20221023-192148
0,0,경기76아4649,3,7,233000125,277103316,66,20221023-192148
0,0,경기76아4650,3,45,233000125,119900083,56,20221023-192203
0,0,경기76아4649,3,7,233000125,277103316,66,20221023-192203
0,0,경기76아1132,3,0,233000125,233000773,86,20221023-192203
0,0,경기76아4651,3,39,233000125,233000715,37,20221023-192203
0,0,경기76아4650,3,45,233000125,119900083,56,20221023-192218
0,0,경기76아4652,3,43,233000125,233002226,1,20221023-192218
0,0,경기76아4651,3,39,233000125,233000715,37,20221023-192218
0,0,경기76아1132,3,0,233000125,233003082,87,20221023-192218
0,0,경기76아4649,3,7,233000125,277103316,66,20221023-192218
0,0,경기76아4650,3,45,233000125,119900083,56,20221023-192233
0,0,경기76아4652,3,43,233000125,233002226,1,20221023-192233
0,0,경기76아4651,3,39,233000125,233000715,37,20221023-192233
0,0,경기76아1132,3,0,233000125,233003082,87,20221023-192233
0,0,경기76아4649,3,7,233000125,277103316,66,20221023-192233
0,0,경기76아4650,3,45,233000125,119900083,56,20221023-192248
0,0,경기76아4652,3,43,233000125,233002226,1,20221023-192248
0,0,경기76아4651,3,39,233000125,233000715,37,20221023-192248
0,0,경기76아1132,3,0,233000125,233003082,87,20221023-192248
0,0,경기76아4649,3,7,233000125,277103527,67,20221023-192248
0,0,경기76아4650,3,45,233000125,119900083,56,20221023-192303
0,0,경기76아4652,3,43,233000125,277102459,2,20221023-192303
0,0,경기76아1132,3,0,233000125,233003082,87,20221023-192303
0,0,경기76아4651,3,39,233000125,233000714,38,20221023-192303
0,0,경기76아4649,3,7,233000125,277103527,67,20221023-192303
0,0,경기76아4650,3,45,233000125,119900083,56,20221023-192318
0,0,경기76아4652,3,43,233000125,277102459,2,20221023-192318
0,0,경기76아1132,3,0,233000125,233003082,87,20221023-192318
0,0,경기76아4649,3,7,233000125,277103527,67,20221023-192318
0,0,경기76아4651,3,39,233000125,233000713,39,20221023-192318
0,0,경기76아4650,3,45,233000125,119900083,56,20221023-192333
0,0,경기76아4652,3,43,233000125,277102459,2,20221023-192333
0,0,경기76아1132,3,0,233000125,233003082,87,20221023-192333
0,0,경기76아4649,3,7,233000125,277103527,67,20221023-192333
0,0,경기76아4651,3,39,233000125,233000713,39,20221023-192333
0,0,경기76아4650,3,45,233000125,119900083,56,20221023-192348
0,0,경기76아4652,3,43,233000125,277102459,2,20221023-192348
0,0,경기76아1132,3,0,233000125,233003082,87,20221023-192348
0,0,경기76아4649,3,7,233000125,277103527,67,20221023-192348
0,0,경기76아4651,3,39,233000125,233000713,39,20221023-192348
0,0,경기76아4650,3,45,233000125,119900083,56,20221023-192403
0,0,경기76아4652,3,43,233000125,233002221,3,20221023-192403
0,0,경기76아1132,3,0,233000125,233003082,87,20221023-192403
0,0,경기76아4651,3,39,233000125,233000713,39,20221023-192403
0,0,경기76아4649,3,7,233000125,277103527,67,20221023-192403
0,0,경기76아4650,3,45,233000125,119900083,56,20221023-192418
0,0,경기76아4652,3,43,233000125,233002221,3,20221023-192418
0,0,경기76아4651,3,39,233000125,233000713,39,20221023-192418
0,0,경기76아4649,3,7,233000125,277103527,67,20221023-192418
0,0,경기76아1132,3,0,233000125,233000772,88,20221023-192418
0,0,경기76아4650,3,45,233000125,119900083,56,20221023-192433
0,0,경기76아4652,3,43,233000125,233002221,3,20221023-192433
0,0,경기76아4651,3,39,233000125,233000713,39,20221023-192433
0,0,경기76아1132,3,0,233000125,233000772,88,20221023-192433
0,0,경기76아4649,3,7,233000125,277103527,67,20221023-192433
0,0,경기76아4650,3,45,233000125,119900083,56,20221023-192448
0,0,경기76아4652,3,43,233000125,233002221,3,20221023-192448
0,0,경기76아4651,3,39,233000125,233000713,39,20221023-192448
0,0,경기76아4649,3,7,233000125,277103527,67,20221023-192448
0,0,경기76아1132,3,0,233000125,233000772,88,20221023-192448
0,0,경기76아4650,3,45,233000125,119900083,56,20221023-192504
0,0,경기76아4652,3,43,233000125,233002221,3,20221023-192504
0,0,경기76아4649,3,7,233000125,277103527,67,20221023-192504
0,0,경기76아1132,3,2,233000125,233000772,88,20221023-192504
0,0,경기76아4651,3,39,233000125,233000712,40,20221023-192504
0,0,경기76아4650,3,45,233000125,119900083,56,20221023-192518
0,0,경기76아4652,3,43,233000125,233002224,4,20221023-192518
0,0,경기76아4651,3,39,233000125,233000712,40,20221023-192518
0,0,경기76아4649,3,7,233000125,277103527,67,20221023-192518
0,0,경기76아1132,3,2,233000125,233000772,88,20221023-192518
0,0,경기76아4650,3,45,233000125,119900083,56,20221023-192533
0,0,경기76아4652,3,43,233000125,233002224,4,20221023-192533
0,0,경기76아1132,3,2,233000125,233000772,88,20221023-192533
0,0,경기76아4651,3,39,233000125,233000712,40,20221023-192533
0,0,경기76아4649,3,7,233000125,277103519,68,20221023-192533
0,0,경기76아4650,3,45,233000125,119900083,56,20221023-192548
0,0,경기76아4652,3,43,233000125,233002224,4,20221023-192548
0,0,경기76아1132,3,2,233000125,233000772,88,20221023-192548
0,0,경기76아4651,3,39,233000125,233000712,40,20221023-192548
0,0,경기76아4649,3,7,233000125,277103519,68,20221023-192548
0,0,경기76아4650,3,45,233000125,119900083,56,20221023-192603
0,0,경기76아4652,3,43,233000125,233002225,5,20221023-192603
0,0,경기76아4651,3,39,233000125,233000712,40,20221023-192603
0,0,경기76아4649,3,7,233000125,277103519,68,20221023-192603
0,0,경기76아1132,3,2,233000125,233000772,88,20221023-192603
0,0,경기76아4650,3,45,233000125,119900083,56,20221023-192618
0,0,경기76아4652,3,43,233000125,233002225,5,20221023-192618
0,0,경기76아4651,3,39,233000125,233000712,40,20221023-192618
0,0,경기76아4649,3,7,233000125,277103519,68,20221023-192618
0,0,경기76아1132,3,2,233000125,233000771,89,20221023-192618
0,0,경기76아4650,3,45,233000125,119900083,56,20221023-192633
0,0,경기76아4652,3,43,233000125,233002225,5,20221023-192633
0,0,경기76아4651,3,39,233000125,233000712,40,20221023-192633
0,0,경기76아1132,3,2,233000125,233000771,89,20221023-192633
0,0,경기76아4649,3,7,233000125,277103519,68,20221023-192633
0,0,경기76아4650,3,45,233000125,119900083,56,20221023-192648
0,0,경기76아4652,3,43,233000125,233002225,5,20221023-192648
0,0,경기76아4651,3,39,233000125,233000712,40,20221023-192648
0,0,경기76아4649,3,7,233000125,277103519,68,20221023-192648
0,0,경기76아1132,3,2,233000125,233000771,89,20221023-192648
0,0,경기76아4650,3,45,233000125,119900083,56,20221023-192703
0,0,경기76아4652,3,43,233000125,233002225,5,20221023-192703
0,0,경기76아4651,3,39,233000125,233000712,40,20221023-192703
0,0,경기76아4649,3,7,233000125,277103519,68,20221023-192703
0,0,경기76아1132,3,2,233000125,233000770,90,20221023-192703
0,0,경기76아4650,3,13,233000125,277103902,53,20221023-192718
0,0,경기76아4652,3,43,233000125,233002295,6,20221023-192718
0,0,경기76아4651,3,39,233000125,233000712,40,20221023-192718
0,0,경기76아4649,3,7,233000125,277103519,68,20221023-192718
0,0,경기76아1132,3,3,233000125,233000770,90,20221023-192718
0,0,경기76아4652,3,43,233000125,233002295,6,20221023-192733
0,0,경기76아4650,3,13,233000125,277102049,57,20221023-192733
0,0,경기76아4649,3,7,233000125,233000781,69,20221023-192733
0,0,경기76아1132,3,3,233000125,233000770,90,20221023-192733
0,0,경기76아4651,3,39,233000125,233000712,40,20221023-192733
0,0,경기76아4652,3,43,233000125,233002295,6,20221023-192748
0,0,경기76아4650,3,13,233000125,277102049,57,20221023-192748
0,0,경기76아1132,3,3,233000125,233000770,90,20221023-192748
0,0,경기76아4651,3,39,233000125,233000712,40,20221023-192748
0,0,경기76아4649,3,8,233000125,233000781,69,20221023-192748
0,0,경기76아4652,3,43,233000125,233002295,6,20221023-192803
0,0,경기76아4650,3,13,233000125,277102049,57,20221023-192803
0,0,경기76아4651,3,39,233000125,233000712,40,20221023-192803
0,0,경기76아4649,3,8,233000125,233000781,69,20221023-192803
0,0,경기76아1132,3,3,233000125,233000769,91,20221023-192803
0,0,경기76아4652,3,43,233000125,233002295,6,20221023-192818
0,0,경기76아4650,3,13,233000125,277102049,57,20221023-192818
0,0,경기76아4651,3,39,233000125,233000712,40,20221023-192818
0,0,경기76아1132,3,3,233000125,233000769,91,20221023-192818
0,0,경기76아4649,3,8,233000125,233000781,69,20221023-192818
0,0,경기76아4650,3,13,233000125,277102049,57,20221023-192833
0,0,경기76아4652,3,43,233000125,233001041,7,20221023-192833
0,0,경기76아4651,3,39,233000125,233000712,40,20221023-192833
0,0,경기76아4649,3,8,233000125,233000849,70,20221023-192833
0,0,경기76아1132,3,7,233000125,233000769,91,20221023-192833
0,0,경기76아4650,3,13,233000125,277102049,57,20221023-192848
0,0,경기76아4652,3,43,233000125,233001041,7,20221023-192848
0,0,경기76아4649,3,8,233000125,233000849,70,20221023-192848
0,0,경기76아4651,3,39,233000125,233000712,40,20221023-192848
0,0,경기76아1132,3,7,233000125,233000769,91,20221023-192848
0,0,경기76아4650,3,13,233000125,277102049,57,20221023-192903
0,0,경기76아4652,3,43,233000125,233002131,8,20221023-192903
0,0,경기76아4651,3,39,233000125,233000712,40,20221023-192903
0,0,경기76아1132,3,7,233000125,233000769,91,20221023-192903
0,0,경기76아4649,3,8,233000125,233000848,71,20221023-192903
0,0,경기76아4650,3,13,233000125,277102291,58,20221023-192918
0,0,경기76아4652,3,43,233000125,233000148,9,20221023-192918
0,0,경기76아4651,3,39,233000125,233000712,40,20221023-192918
0,0,경기76아1132,3,7,233000125,233000769,91,20221023-192918
0,0,경기76아4649,3,8,233000125,233000848,71,20221023-192918
0,0,경기76아4650,3,13,233000125,277102291,58,20221023-192935
0,0,경기76아4652,3,43,233000125,233000148,9,20221023-192935
0,0,경기76아4651,3,39,233000125,233000712,40,20221023-192935
0,0,경기76아1132,3,7,233000125,233000769,91,20221023-192935
0,0,경기76아4649,3,8,233000125,233000848,71,20221023-192935
0,0,경기76아4650,3,13,233000125,277102291,58,20221023-192948
0,0,경기76아4652,3,43,233000125,233000148,9,20221023-192948
0,0,경기76아4651,3,39,233000125,233000712,40,20221023-192948
0,0,경기76아1132,3,7,233000125,233000769,91,20221023-192948
0,0,경기76아4649,3,8,233000125,233000847,72,20221023-192948
0,0,경기76아4650,3,13,233000125,277102291,58,20221023-193003
0,0,경기76아4652,3,43,233000125,233000191,10,20221023-193003
0,0,경기76아1132,3,7,233000125,233000769,91,20221023-193003
0,0,경기76아4649,3,8,233000125,233000847,72,20221023-193003
0,0,경기76아4651,3,39,233000125,233000712,40,20221023-193003
0,0,경기76아4652,3,43,233000125,233000191,10,20221023-193018
0,0,경기76아4650,3,13,233000125,277102291,58,20221023-193018
0,0,경기76아1132,3,7,233000125,233000769,91,20221023-193018
0,0,경기76아4649,3,8,233000125,233002174,73,20221023-193018
0,0,경기76아4651,3,39,233000125,277103520,41,20221023-193018
0,0,경기76아4650,3,13,233000125,277102291,58,20221023-193033
0,0,경기76아4652,3,42,233000125,233000191,10,20221023-193033
0,0,경기76아1132,3,7,233000125,233000769,91,20221023-193033
0,0,경기76아4651,3,39,233000125,277103520,41,20221023-193033
0,0,경기76아4649,3,8,233000125,233002174,73,20221023-193033
0,0,경기76아4650,3,13,233000125,277102291,58,20221023-193048
0,0,경기76아4652,3,42,233000125,233000191,10,20221023-193048
0,0,경기76아4649,3,8,233000125,233002174,73,20221023-193048
0,0,경기76아4651,3,39,233000125,277103520,41,20221023-193048
0,0,경기76아1132,3,7,233000125,233000768,92,20221023-193048
0,0,경기76아4650,3,13,233000125,277102291,58,20221023-193103
0,0,경기76아4652,3,42,233000125,233000191,10,20221023-193103
0,0,경기76아4651,3,39,233000125,277103520,41,20221023-193103
0,0,경기76아1132,3,7,233000125,233000768,92,20221023-193103
0,0,경기76아4649,3,8,233000125,233000055,74,20221023-193103
0,0,경기76아4652,3,42,233000125,233000191,10,20221023-193118
0,0,경기76아4650,3,13,233000125,277102291,58,20221023-193118
0,0,경기76아4651,3,39,233000125,277103520,41,20221023-193118
0,0,경기76아1132,3,7,233000125,233000768,92,20221023-193118
0,0,경기76아4649,3,8,233000125,233000846,75,20221023-193118
0,0,경기76아4652,3,42,233000125,233000191,10,20221023-193133
0,0,경기76아4650,3,13,233000125,277102291,58,20221023-193133
0,0,경기76아4651,3,39,233000125,277103520,41,20221023-193133
0,0,경기76아1132,3,7,233000125,233000768,92,20221023-193133
0,0,경기76아4649,3,8,233000125,233000845,76,20221023-193133
0,0,경기76아4652,3,42,233000125,233000191,10,20221023-193148
0,0,경기76아4650,3,13,233000125,277103204,59,20221023-193148
0,0,경기76아4651,3,39,233000125,277103520,41,20221023-193148
0,0,경기76아4649,3,8,233000125,233000845,76,20221023-193148
0,0,경기76아1132,3,12,233000125,233000768,92,20221023-193148
0,0,경기76아4652,3,42,233000125,233000191,10,20221023-193203
0,0,경기76아4650,3,13,233000125,277103204,59,20221023-193203
0,0,경기76아4651,3,39,233000125,277103520,41,20221023-193203
0,0,경기76아1132,3,12,233000125,233000768,92,20221023-193203
0,0,경기76아4649,3,8,233000125,233002150,77,20221023-193203
0,0,경기76아4652,3,41,233000125,233000190,11,20221023-193218
0,0,경기76아4650,3,13,233000125,277103204,59,20221023-193218
0,0,경기76아4649,3,8,233000125,233002150,77,20221023-193218
0,0,경기76아4651,3,39,233000125,277103520,41,20221023-193218
0,0,경기76아1132,3,12,233000125,233000768,92,20221023-193218
0,0,경기76아4652,3,41,233000125,233000190,11,20221023-193233
0,0,경기76아4650,3,13,233000125,277103204,59,20221023-193233
0,0,경기76아4651,3,39,233000125,277103520,41,20221023-193233
0,0,경기76아1132,3,12,233000125,233001749,93,20221023-193233
0,0,경기76아4649,3,8,233000125,233002150,77,20221023-193233
0,0,경기76아4650,3,13,233000125,277103204,59,20221023-193248
0,0,경기76아4652,3,41,233000125,233000189,12,20221023-193248
0,0,경기76아4651,3,39,233000125,277103520,41,20221023-193248
0,0,경기76아4649,3,8,233000125,233000844,78,20221023-193248
0,0,경기76아1132,3,12,233000125,233002159,94,20221023-193248
0,0,경기76아4650,3,13,233000125,277103204,59,20221023-193303
0,0,경기76아4652,3,39,233000125,233000189,12,20221023-193303
0,0,경기76아4651,3,39,233000125,277103520,41,20221023-193303
0,0,경기76아4649,3,8,233000125,233000844,78,20221023-193303
0,0,경기76아1132,3,12,233000125,233002159,94,20221023-193303
0,0,경기76아4652,3,39,233000125,233000189,12,20221023-193318
0,0,경기76아4650,3,13,233000125,277103204,59,20221023-193318
0,0,경기76아1132,3,12,233000125,233002159,94,20221023-193318
0,0,경기76아4651,3,39,233000125,277103520,41,20221023-193318
0,0,경기76아4649,3,5,233000125,233000844,78,20221023-193318
0,0,경기76아4652,3,39,233000125,233000189,12,20221023-193333
0,0,경기76아4650,3,13,233000125,277103202,60,20221023-193333
0,0,경기76아4651,3,39,233000125,277103520,41,20221023-193333
0,0,경기76아4649,3,5,233000125,233000844,78,20221023-193333
0,0,경기76아1132,3,22,233000125,233002159,94,20221023-193333
0,0,경기76아4652,3,39,233000125,233000189,12,20221023-193348
0,0,경기76아4650,3,13,233000125,277103202,60,20221023-193348
0,0,경기76아1132,3,22,233000125,233002159,94,20221023-193348
0,0,경기76아4649,3,5,233000125,233000844,78,20221023-193348
0,0,경기76아4651,3,39,233000125,277103528,42,20221023-193348
0,0,경기76아4652,3,39,233000125,233000189,12,20221023-193402
0,0,경기76아4650,3,13,233000125,277103202,60,20221023-193402
0,0,경기76아1132,3,22,233000125,233002159,94,20221023-193402
0,0,경기76아4649,3,5,233000125,233000844,78,20221023-193402
0,0,경기76아4651,3,39,233000125,277103528,42,20221023-193402
0,0,경기76아4652,3,39,233000125,233000189,12,20221023-193417
0,0,경기76아4650,3,13,233000125,277103202,60,20221023-193417
0,0,경기76아4651,3,39,233000125,277103528,42,20221023-193417
0,0,경기76아4649,3,5,233000125,233000843,79,20221023-193417
0,0,경기76아1132,3,22,233000125,233002159,94,20221023-193417
0,0,경기76아4650,3,13,233000125,277103202,60,20221023-193432
0,0,경기76아4652,3,39,233000125,233001943,13,20221023-193432
0,0,경기76아4649,3,5,233000125,233000843,79,20221023-193432
0,0,경기76아4651,3,39,233000125,277103528,42,20221023-193432
0,0,경기76아1132,3,22,233000125,233001828,95,20221023-193432
0,0,경기76아4650,3,13,233000125,277103202,60,20221023-193447
0,0,경기76아4652,3,39,233000125,233001943,13,20221023-193447
0,0,경기76아4651,3,39,233000125,277103528,42,20221023-193447
0,0,경기76아1132,3,22,233000125,233001828,95,20221023-193447
0,0,경기76아4649,3,5,233000125,233000780,80,20221023-193447
0,0,경기76아4652,3,38,233000125,233001943,13,20221023-193504
0,0,경기76아4650,3,13,233000125,277103201,61,20221023-193504
0,0,경기76아4651,3,39,233000125,277103528,42,20221023-193504
0,0,경기76아1132,3,22,233000125,233001828,95,20221023-193504
0,0,경기76아4649,3,5,233000125,233000780,80,20221023-193504
0,0,경기76아4650,3,13,233000125,277103201,61,20221023-193519
0,0,경기76아4652,3,38,233000125,233000188,14,20221023-193519
0,0,경기76아1132,3,28,233000125,233001828,95,20221023-193519
0,0,경기76아4651,3,39,233000125,277103317,43,20221023-193519
0,0,경기76아4649,3,5,233000125,233000780,80,20221023-193519
0,0,경기76아4650,3,13,233000125,277103201,61,20221023-193534
0,0,경기76아4652,3,38,233000125,233000188,14,20221023-193534
0,0,경기76아1132,3,28,233000125,233001828,95,20221023-193534
0,0,경기76아4651,3,39,233000125,277103317,43,20221023-193534
0,0,경기76아4649,3,5,233000125,233000780,80,20221023-193534
0,0,경기76아4650,3,13,233000125,277103201,61,20221023-193549
0,0,경기76아4652,3,38,233000125,233001318,15,20221023-193549
0,0,경기76아1132,3,28,233000125,233001828,95,20221023-193549
0,0,경기76아4651,3,39,233000125,277103317,43,20221023-193549
0,0,경기76아4649,3,5,233000125,233000780,80,20221023-193549
0,0,경기76아4650,3,13,233000125,277103201,61,20221023-193604
0,0,경기76아4652,3,38,233000125,233001318,15,20221023-193604
0,0,경기76아1132,3,28,233000125,233001828,95,20221023-193604
0,0,경기76아4651,3,39,233000125,277103317,43,20221023-193604
0,0,경기76아4649,3,5,233000125,233000780,80,20221023-193604
0,0,경기76아4652,3,38,233000125,233001318,15,20221023-193619
0,0,경기76아4650,3,13,233000125,277103201,61,20221023-193619
0,0,경기76아1132,3,28,233000125,233001828,95,20221023-193619
0,0,경기76아4651,3,39,233000125,277103317,43,20221023-193619
0,0,경기76아4649,3,5,233000125,233000780,80,20221023-193619
0,0,경기76아4652,3,38,233000125,233001318,15,20221023-193634
0,0,경기76아4650,3,13,233000125,277103201,61,20221023-193634
0,0,경기76아1132,3,28,233000125,233001828,95,20221023-193634
0,0,경기76아4651,3,39,233000125,277103317,43,20221023-193634
0,0,경기76아4649,3,5,233000125,233000779,81,20221023-193634
0,0,경기76아4652,3,38,233000125,233001318,15,20221023-193649
0,0,경기76아4650,3,13,233000125,277103201,61,20221023-193649
0,0,경기76아1132,3,28,233000125,233001828,95,20221023-193649
0,0,경기76아4651,3,39,233000125,277103317,43,20221023-193649
0,0,경기76아4649,3,5,233000125,233000779,81,20221023-193649
0,0,경기76아4652,3,38,233000125,233001318,15,20221023-193704
0,0,경기76아4650,3,13,233000125,277103201,61,20221023-193704
0,0,경기76아4651,3,39,233000125,277103317,43,20221023-193704
0,0,경기76아4649,3,5,233000125,233000779,81,20221023-193704
0,0,경기76아1132,3,29,233000125,233001828,95,20221023-193704
0,0,경기76아4652,3,38,233000125,233001318,15,20221023-193719
0,0,경기76아4650,3,13,233000125,277103201,61,20221023-193719
0,0,경기76아4651,3,39,233000125,277103317,43,20221023-193719
0,0,경기76아4649,3,5,233000125,233000779,81,20221023-193719
0,0,경기76아1132,3,29,233000125,233001435,96,20221023-193719
0,0,경기76아4652,3,38,233000125,233001318,15,20221023-193734
0,0,경기76아4650,3,13,233000125,277103201,61,20221023-193734
0,0,경기76아4651,3,39,233000125,277103317,43,20221023-193734
0,0,경기76아1132,3,29,233000125,233001435,96,20221023-193734
0,0,경기76아4649,3,5,233000125,233000779,81,20221023-193734
0,0,경기76아4650,3,13,233000125,277103201,61,20221023-193749
0,0,경기76아4652,3,38,233000125,233001318,15,20221023-193749
0,0,경기76아4651,3,39,233000125,277103317,43,20221023-193749
0,0,경기76아4649,3,5,233000125,233000779,81,20221023-193749
0,0,경기76아1132,3,29,233000125,233001435,96,20221023-193749
0,0,경기76아4650,3,13,233000125,277103158,62,20221023-193803
0,0,경기76아4652,3,38,233000125,233001318,15,20221023-193803
0,0,경기76아4649,3,5,233000125,233000779,81,20221023-193803
0,0,경기76아4651,3,39,233000125,277103317,43,20221023-193803
0,0,경기76아1132,3,29,233000125,233000208,97,20221023-193803
0,0,경기76아4652,3,38,233000125,233001318,15,20221023-193818
0,0,경기76아4650,3,13,233000125,277103158,62,20221023-193818
0,0,경기76아4649,3,5,233000125,233000779,81,20221023-193818
0,0,경기76아4651,3,39,233000125,277103317,43,20221023-193818
0,0,경기76아1132,3,29,233000125,233001043,98,20221023-193818
0,0,경기76아4652,3,38,233000125,233001318,15,20221023-193833
0,0,경기76아4650,3,13,233000125,277103158,62,20221023-193833
0,0,경기76아4649,3,5,233000125,233000779,81,20221023-193833
0,0,경기76아1132,3,29,233000125,233001043,98,20221023-193833
0,0,경기76아4651,3,39,233000125,277103315,44,20221023-193833
0,0,경기76아4652,3,38,233000125,233001318,15,20221023-193848
0,0,경기76아4650,3,13,233000125,277103158,62,20221023-193848
0,0,경기76아4649,3,5,233000125,233000779,81,20221023-193848
0,0,경기76아4651,3,39,233000125,277103315,44,20221023-193848
0,0,경기76아1132,3,33,233000125,233001043,98,20221023-193848
0,0,경기76아4650,3,13,233000125,277103158,62,20221023-193903
0,0,경기76아4652,3,36,233000125,233000730,16,20221023-193903
0,0,경기76아4649,3,5,233000125,233000779,81,20221023-193903
0,0,경기76아4651,3,39,233000125,277103315,44,20221023-193903
0,0,경기76아1132,3,33,233000125,233001043,98,20221023-193903
0,0,경기76아4652,3,36,233000125,233000730,16,20221023-193918
0,0,경기76아4650,3,13,233000125,277103220,63,20221023-193918
0,0,경기76아4649,3,5,233000125,233000779,81,20221023-193918
0,0,경기76아1132,3,33,233000125,233001043,98,20221023-193918
0,0,경기76아4651,3,39,233000125,277103315,44,20221023-193918
0,0,경기76아4650,3,13,233000125,277103220,63,20221023-193933
0,0,경기76아4652,3,36,233000125,233000730,16,20221023-193933
0,0,경기76아4649,3,5,233000125,233000779,81,20221023-193933
0,0,경기76아1132,3,33,233000125,233001043,98,20221023-193933
0,0,경기76아4651,3,39,233000125,277103315,44,20221023-193933
0,0,경기76아4650,3,13,233000125,277103220,63,20221023-193948
0,0,경기76아4652,3,36,233000125,233000729,17,20221023-193948
0,0,경기76아4649,3,5,233000125,233000779,81,20221023-193948
0,0,경기76아1132,3,33,233000125,233001043,98,20221023-193948
0,0,경기76아4651,3,39,233000125,277103315,44,20221023-193948
0,0,경기76아4650,3,13,233000125,277103220,63,20221023-194003
0,0,경기76아4652,3,36,233000125,233000729,17,20221023-194003
0,0,경기76아1132,3,33,233000125,233001043,98,20221023-194003
0,0,경기76아4649,3,5,233000125,233000779,81,20221023-194003
0,0,경기76아4651,3,39,233000125,277103315,44,20221023-194003
0,0,경기76아4650,3,13,233000125,277103220,63,20221023-194018
0,0,경기76아4652,3,34,233000125,233000729,17,20221023-194018
0,0,경기76아1132,3,33,233000125,233001043,98,20221023-194018
0,0,경기76아4649,3,5,233000125,233000779,81,20221023-194018
0,0,경기76아4651,3,39,233000125,277103315,44,20221023-194018
0,0,경기76아4652,3,34,233000125,233000729,17,20221023-194033
0,0,경기76아4650,3,13,233000125,277103220,63,20221023-194033
0,0,경기76아4649,3,5,233000125,233000779,81,20221023-194033
0,0,경기76아4651,3,39,233000125,277103315,44,20221023-194033
0,0,경기76아1132,3,33,233000125,233002130,99,20221023-194033
0,0,경기76아4652,3,34,233000125,233000729,17,20221023-194048
0,0,경기76아4650,3,13,233000125,277103220,63,20221023-194048
0,0,경기76아1132,3,33,233000125,233002130,99,20221023-194048
0,0,경기76아4649,3,5,233000125,233000778,82,20221023-194048
0,0,경기76아4651,3,39,233000125,226000039,45,20221023-194048
0,0,경기76아4650,3,13,233000125,277103220,63,20221023-194103
0,0,경기76아4652,3,34,233000125,233000729,17,20221023-194103
0,0,경기76아4651,3,39,233000125,226000039,45,20221023-194103
0,0,경기76아1132,3,33,233000125,233001042,100,20221023-194103
0,0,경기76아4649,3,5,233000125,233000778,82,20221023-194103
0,0,경기76아4650,3,13,233000125,277103220,63,20221023-194118
0,0,경기76아4652,3,34,233000125,233000728,18,20221023-194118
0,0,경기76아4651,3,39,233000125,226000039,45,20221023-194118
0,0,경기76아1132,3,33,233000125,233001042,100,20221023-194118
0,0,경기76아4649,3,5,233000125,233000778,82,20221023-194118
0,0,경기76아4650,3,13,233000125,226000038,64,20221023-194133
0,0,경기76아4652,3,34,233000125,233001404,19,20221023-194133
0,0,경기76아1132,3,33,233000125,233001042,100,20221023-194133
0,0,경기76아4649,3,5,233000125,233000778,82,20221023-194133
0,0,경기76아4651,3,40,233000125,226000039,45,20221023-194133
0,0,경기76아4650,3,13,233000125,226000038,64,20221023-194148
0,0,경기76아4652,3,34,233000125,233000727,20,20221023-194148
0,0,경기76아4649,3,5,233000125,233000778,82,20221023-194148
0,0,경기76아4651,3,40,233000125,226000039,45,20221023-194148
0,0,경기76아1132,3,35,233000125,233001042,100,20221023-194148
0,0,경기76아4650,3,11,233000125,226000038,64,20221023-194203
0,0,경기76아4652,3,34,233000125,233000727,20,20221023-194203
0,0,경기76아1132,3,35,233000125,233001042,100,20221023-194203
0,0,경기76아4649,3,5,233000125,233000777,83,20221023-194203
0,0,경기76아4651,3,40,233000125,226000039,45,20221023-194203
0,0,경기76아4652,3,34,233000125,233000727,20,20221023-194218
0,0,경기76아4650,3,11,233000125,226000038,64,20221023-194218
0,0,경기76아4651,3,40,233000125,226000039,45,20221023-194218
0,0,경기76아1132,3,35,233000125,233002296,101,20221023-194218
0,0,경기76아4649,3,7,233000125,233000777,83,20221023-194218
0,0,경기76아4650,3,11,233000125,226000038,64,20221023-194233
0,0,경기76아4652,3,34,233000125,233000727,20,20221023-194233
0,0,경기76아4651,3,40,233000125,226000039,45,20221023-194233
0,0,경기76아4649,3,7,233000125,233000776,84,20221023-194233
0,0,경기76아1132,3,36,233000125,233002296,101,20221023-194233
0,0,경기76아4652,3,34,233000125,233000727,20,20221023-194248
0,0,경기76아4650,3,11,233000125,226000038,64,20221023-194248
0,0,경기76아4651,3,40,233000125,226000039,45,20221023-194248
0,0,경기76아4649,3,7,233000125,233000776,84,20221023-194248
0,0,경기76아1132,3,37,233000125,233000207,102,20221023-194248
0,0,경기76아4650,3,11,233000125,226000038,64,20221023-194303
0,0,경기76아4652,3,34,233000125,233000726,21,20221023-194303
0,0,경기76아1132,3,37,233000125,233000207,102,20221023-194303
0,0,경기76아4649,3,7,233000125,233000774,85,20221023-194303
0,0,경기76아4651,3,40,233000125,277103221,46,20221023-194303
0,0,경기76아4650,3,11,233000125,226000038,64,20221023-194318
0,0,경기76아4652,3,34,233000125,233000726,21,20221023-194318
0,0,경기76아4651,3,40,233000125,277103221,46,20221023-194318
0,0,경기76아4649,3,7,233000125,233000774,85,20221023-194318
0,0,경기76아1132,3,38,233000125,233000207,102,20221023-194318
0,0,경기76아4650,3,11,233000125,226000038,64,20221023-194333
0,0,경기76아4652,3,34,233000125,233000726,21,20221023-194333
0,0,경기76아4651,3,40,233000125,277103221,46,20221023-194333
0,0,경기76아4649,3,7,233000125,233000774,85,20221023-194333
0,0,경기76아1132,3,38,233000125,233002216,103,20221023-194333
0,0,경기76아4650,3,11,233000125,226000038,64,20221023-194348
0,0,경기76아4652,3,34,233000125,233000726,21,20221023-194348
0,0,경기76아4651,3,40,233000125,277103221,46,20221023-194348
0,0,경기76아4649,3,7,233000125,233000774,85,20221023-194348
0,0,경기76아1132,3,38,233000125,233002216,103,20221023-194348
0,0,경기76아4650,3,11,233000125,226000038,64,20221023-194403
0,0,경기76아4652,3,34,233000125,233000726,21,20221023-194403
0,0,경기76아1132,3,38,233000125,233002216,103,20221023-194403
0,0,경기76아4651,3,40,233000125,277103221,46,20221023-194403
0,0,경기76아4649,3,7,233000125,233000774,85,20221023-194403
0,0,경기76아4652,3,34,233000125,233000726,21,20221023-194418
0,0,경기76아4650,3,11,233000125,277103314,65,20221023-194418
0,0,경기76아4649,3,7,233000125,233000774,85,20221023-194418
0,0,경기76아4651,3,40,233000125,277103221,46,20221023-194418
0,0,경기76아1132,3,38,233000125,233002223,104,20221023-194418
0,0,경기76아4650,3,11,233000125,277103314,65,20221023-194433
0,0,경기76아4652,3,34,233000125,233000726,21,20221023-194433
0,0,경기76아4651,3,40,233000125,277103221,46,20221023-194433
0,0,경기76아1132,3,38,233000125,233002223,104,20221023-194433
0,0,경기76아4649,3,7,233000125,233000773,86,20221023-194433
0,0,경기76아4650,3,11,233000125,277103314,65,20221023-194448
0,0,경기76아4652,3,34,233000125,233000725,22,20221023-194448
0,0,경기76아1132,3,38,233000125,233002223,104,20221023-194448
0,0,경기76아4651,3,40,233000125,277103221,46,20221023-194448
0,0,경기76아4649,3,7,233000125,233003082,87,20221023-194448
0,0,경기76아4650,3,11,233000125,277103314,65,20221023-194503
0,0,경기76아4652,3,34,233000125,233002118,23,20221023-194503
0,0,경기76아1132,3,38,233000125,233002223,104,20221023-194503
0,0,경기76아4651,3,40,233000125,277103221,46,20221023-194503
0,0,경기76아4649,3,7,233000125,233003082,87,20221023-194503
0,0,경기76아4650,3,11,233000125,277103314,65,20221023-194518
0,0,경기76아4652,3,34,233000125,233002118,23,20221023-194518
0,0,경기76아1132,3,38,233000125,233002223,104,20221023-194518
0,0,경기76아4651,3,40,233000125,277103221,46,20221023-194518
0,0,경기76아4649,3,7,233000125,233003082,87,20221023-194518
0,0,경기76아4650,3,11,233000125,277103314,65,20221023-194533
0,0,경기76아4652,3,34,233000125,233002118,23,20221023-194533
0,0,경기76아4651,3,40,233000125,277103221,46,20221023-194533
0,0,경기76아4649,3,7,233000125,233003082,87,20221023-194533
0,0,경기76아1132,3,44,233000125,233002223,104,20221023-194533
0,0,경기76아4650,3,11,233000125,277103314,65,20221023-194548
0,0,경기76아4652,3,34,233000125,233002118,23,20221023-194548
0,0,경기76아4651,3,40,233000125,277103221,46,20221023-194548
0,0,경기76아1132,3,44,233000125,233002223,104,20221023-194548
0,0,경기76아4649,3,7,233000125,233003082,87,20221023-194548
0,0,경기76아4650,3,11,233000125,277103314,65,20221023-194603
0,0,경기76아4652,3,34,233000125,233002118,23,20221023-194603
0,0,경기76아4651,3,40,233000125,277103221,46,20221023-194603
0,0,경기76아4649,3,7,233000125,233003082,87,20221023-194603
0,0,경기76아1132,3,45,233000125,233002214,105,20221023-194603
0,0,경기76아4650,3,11,233000125,277103314,65,20221023-194618
0,0,경기76아4652,3,34,233000125,233002118,23,20221023-194618
0,0,경기76아4649,3,7,233000125,233003082,87,20221023-194618
0,0,경기76아1132,3,45,233000125,233002214,105,20221023-194618
0,0,경기76아4651,3,40,233000125,277103159,47,20221023-194618
0,0,경기76아4652,3,34,233000125,233002118,23,20221023-194633
0,0,경기76아4650,3,11,233000125,277103314,65,20221023-194633
0,0,경기76아1132,3,45,233000125,233002214,105,20221023-194633
0,0,경기76아4649,3,7,233000125,233003082,87,20221023-194633
0,0,경기76아4651,3,40,233000125,277103159,47,20221023-194633
0,0,경기76아4650,3,11,233000125,277103314,65,20221023-194648
0,0,경기76아4652,3,34,233000125,233002118,23,20221023-194648
0,0,경기76아1132,3,45,233000125,233002214,105,20221023-194648
0,0,경기76아4649,3,7,233000125,233003082,87,20221023-194648
0,0,경기76아4651,3,40,233000125,277103159,47,20221023-194648
0,0,경기76아4652,3,34,233000125,233002118,23,20221023-194703
0,0,경기76아4650,3,11,233000125,277103316,66,20221023-194703
0,0,경기76아1132,3,45,233000125,233002214,105,20221023-194703
0,0,경기76아4649,3,7,233000125,233003082,87,20221023-194703
0,0,경기76아4651,3,40,233000125,277103159,47,20221023-194703
0,0,경기76아4650,3,11,233000125,277103316,66,20221023-194718
0,0,경기76아4652,3,34,233000125,233000724,24,20221023-194718
0,0,경기76아1132,3,45,233000125,233002214,105,20221023-194718
0,0,경기76아4649,3,7,233000125,233003082,87,20221023-194718
0,0,경기76아4651,3,40,233000125,277103200,48,20221023-194718
0,0,경기76아4652,3,34,233000125,233000724,24,20221023-194733
0,0,경기76아4650,3,11,233000125,277103316,66,20221023-194733
0,0,경기76아1132,3,45,233000125,233002214,105,20221023-194733
0,0,경기76아4651,3,40,233000125,277103200,48,20221023-194733
0,0,경기76아4649,3,7,233000125,233000772,88,20221023-194733
0,0,경기76아4650,3,11,233000125,277103316,66,20221023-194748
0,0,경기76아4652,3,31,233000125,233000724,24,20221023-194748
0,0,경기76아4651,3,40,233000125,277103200,48,20221023-194748
0,0,경기76아4649,3,7,233000125,233000772,88,20221023-194748
0,0,경기76아4652,3,31,233000125,233000723,25,20221023-194803
0,0,경기76아4650,3,11,233000125,277103527,67,20221023-194803
0,0,경기76아4649,3,7,233000125,233000772,88,20221023-194803
0,0,경기76아4651,3,40,233000125,277103200,48,20221023-194803
0,0,경기76아4652,3,31,233000125,233000723,25,20221023-194818
0,0,경기76아4650,3,11,233000125,277103527,67,20221023-194818
0,0,경기76아4649,3,7,233000125,233000772,88,20221023-194818
0,0,경기76아4651,3,40,233000125,277103200,48,20221023-194818
0,0,경기76아4652,3,31,233000125,233000722,26,20221023-194833
0,0,경기76아4650,3,11,233000125,277103527,67,20221023-194833
0,0,경기76아4649,3,7,233000125,233000772,88,20221023-194833
0,0,경기76아4651,3,40,233000125,277103200,48,20221023-194833
0,0,경기76아4652,3,31,233000125,233000722,26,20221023-194848
0,0,경기76아4650,3,11,233000125,277103527,67,20221023-194848
0,0,경기76아4651,3,40,233000125,277103200,48,20221023-194848
0,0,경기76아4649,3,7,233000125,233000771,89,20221023-194848
0,0,경기76아4650,3,11,233000125,277103527,67,20221023-194903
0,0,경기76아4652,3,32,233000125,233000722,26,20221023-194903
0,0,경기76아4649,3,7,233000125,233000771,89,20221023-194903
0,0,경기76아4651,3,40,233000125,277103200,48,20221023-194903
0,0,경기76아4650,3,11,233000125,277103527,67,20221023-194917
0,0,경기76아4652,3,32,233000125,233000722,26,20221023-194917
0,0,경기76아4651,3,40,233000125,277103200,48,20221023-194917
0,0,경기76아4649,3,9,233000125,233000771,89,20221023-194917
0,0,경기76아4652,3,32,233000125,233000722,26,20221023-194933
0,0,경기76아4650,3,11,233000125,277103527,67,20221023-194933
0,0,경기76아4649,3,9,233000125,233000771,89,20221023-194933
0,0,경기76아4651,3,40,233000125,277103200,48,20221023-194933
0,0,경기76아4650,3,11,233000125,277103527,67,20221023-194950
0,0,경기76아4652,3,32,233000125,233000721,27,20221023-194950
0,0,경기76아4651,3,40,233000125,277103203,49,20221023-194950
0,0,경기76아4649,3,9,233000125,233000770,90,20221023-194950
0,0,경기76아4650,3,11,233000125,277103527,67,20221023-195003
0,0,경기76아4652,3,32,233000125,233000721,27,20221023-195003
0,0,경기76아4649,3,9,233000125,233000770,90,20221023-195003
0,0,경기76아4651,3,40,233000125,277103203,49,20221023-195003
0,0,경기76아4652,3,32,233000125,233000721,27,20221023-195018
0,0,경기76아4650,3,11,233000125,277103527,67,20221023-195018
0,0,경기76아4651,3,40,233000125,277103203,49,20221023-195018
0,0,경기76아4649,3,11,233000125,233000770,90,20221023-195018
0,0,경기76아4652,3,32,233000125,233000721,27,20221023-195033
0,0,경기76아4650,3,11,233000125,277103527,67,20221023-195033
0,0,경기76아4651,3,40,233000125,277103203,49,20221023-195033
0,0,경기76아4649,3,11,233000125,233000770,90,20221023-195033
0,0,경기76아4652,3,32,233000125,233000721,27,20221023-195048
0,0,경기76아4650,3,11,233000125,277103519,68,20221023-195048
0,0,경기76아4651,3,40,233000125,277103203,49,20221023-195048
0,0,경기76아4649,3,11,233000125,233000770,90,20221023-195048
0,0,경기76아4652,3,32,233000125,233000721,27,20221023-195103
0,0,경기76아4650,3,11,233000125,277103519,68,20221023-195103
0,0,경기76아4651,3,40,233000125,277103203,49,20221023-195103
0,0,경기76아4649,3,11,233000125,233000770,90,20221023-195103
0,0,경기76아4652,3,32,233000125,233000721,27,20221023-195118
0,0,경기76아4650,3,11,233000125,277103519,68,20221023-195118
0,0,경기76아4651,3,40,233000125,277103203,49,20221023-195118
0,0,경기76아4649,3,11,233000125,233000769,91,20221023-195118
0,0,경기76아4652,3,32,233000125,233000721,27,20221023-195133
0,0,경기76아4650,3,11,233000125,277103519,68,20221023-195133
0,0,경기76아4649,3,11,233000125,233000769,91,20221023-195133
0,0,경기76아4651,3,40,233000125,277103203,49,20221023-195133
0,0,경기76아4652,3,32,233000125,233000721,27,20221023-195148
0,0,경기76아4650,3,11,233000125,277103519,68,20221023-195148
0,0,경기76아4651,3,40,233000125,277103205,50,20221023-195148
0,0,경기76아4649,3,13,233000125,233000769,91,20221023-195148
0,0,경기76아4650,3,11,233000125,277103519,68,20221023-195203
0,0,경기76아4652,3,32,233000125,233000721,27,20221023-195203
0,0,경기76아4651,3,40,233000125,277103205,50,20221023-195203
0,0,경기76아4649,3,13,233000125,233000769,91,20221023-195203
0,0,경기76아4650,3,11,233000125,277103519,68,20221023-195218
0,0,경기76아4652,3,32,233000125,233000721,27,20221023-195218
0,0,경기76아4651,3,40,233000125,277103205,50,20221023-195218
0,0,경기76아4649,3,13,233000125,233000768,92,20221023-195218
0,0,경기76아4650,3,11,233000125,277103519,68,20221023-195233
0,0,경기76아4652,3,32,233000125,233000721,27,20221023-195233
0,0,경기76아4651,3,40,233000125,277103205,50,20221023-195233
0,0,경기76아4649,3,13,233000125,233000768,92,20221023-195233
0,0,경기76아4650,3,11,233000125,233000781,69,20221023-195248
0,0,경기76아4652,3,32,233000125,233000720,28,20221023-195248
0,0,경기76아4651,3,40,233000125,277103205,50,20221023-195248
0,0,경기76아4649,3,13,233000125,233000768,92,20221023-195248
0,0,경기76아4652,3,32,233000125,233000720,28,20221023-195303
0,0,경기76아4650,3,11,233000125,233000781,69,20221023-195303
0,0,경기76아4649,3,13,233000125,233000768,92,20221023-195303
0,0,경기76아4651,3,40,233000125,277103205,50,20221023-195303
0,0,경기76아4652,3,32,233000125,233000720,28,20221023-195318
0,0,경기76아4650,3,11,233000125,233000781,69,20221023-195318
0,0,경기76아4649,3,13,233000125,233000768,92,20221023-195318
0,0,경기76아4651,3,40,233000125,277103205,50,20221023-195318
0,0,경기76아4652,3,32,233000125,233000720,28,20221023-195333
0,0,경기76아4650,3,11,233000125,233000781,69,20221023-195333
0,0,경기76아4649,3,13,233000125,233000768,92,20221023-195333
0,0,경기76아4651,3,40,233000125,277103205,50,20221023-195333
0,0,경기76아4652,3,32,233000125,233000720,28,20221023-195348
0,0,경기76아4650,3,11,233000125,233000849,70,20221023-195348
0,0,경기76아4651,3,40,233000125,277103205,50,20221023-195348
0,0,경기76아4649,3,30,233000125,233000768,92,20221023-195348
0,0,경기76아4650,3,11,233000125,233000849,70,20221023-195403
0,0,경기76아4652,3,32,233000125,233000720,28,20221023-195403
0,0,경기76아4651,3,40,233000125,277103205,50,20221023-195403
0,0,경기76아4649,3,30,233000125,233000768,92,20221023-195403
0,0,경기76아4652,3,32,233000125,233000719,29,20221023-195418
0,0,경기76아4650,3,11,233000125,233000848,71,20221023-195418
0,0,경기76아4651,3,40,233000125,277103205,50,20221023-195418
0,0,경기76아4649,3,30,233000125,233000768,92,20221023-195418
0,0,경기76아4652,3,32,233000125,233000719,29,20221023-195433
0,0,경기76아4650,3,11,233000125,233000848,71,20221023-195433
0,0,경기76아4651,3,40,233000125,277103205,50,20221023-195433
0,0,경기76아4649,3,30,233000125,233000768,92,20221023-195433
0,0,경기76아4650,3,11,233000125,233000848,71,20221023-195448
0,0,경기76아4652,3,32,233000125,233000718,30,20221023-195448
0,0,경기76아4649,3,30,233000125,233000768,92,20221023-195448
0,0,경기76아4651,3,40,233000125,277103903,51,20221023-195448
0,0,경기76아4652,3,32,233000125,233000718,30,20221023-195503
0,0,경기76아4650,3,11,233000125,233000847,72,20221023-195503
0,0,경기76아4649,3,30,233000125,233000768,92,20221023-195503
0,0,경기76아4651,3,40,233000125,277103903,51,20221023-195503
0,0,경기76아4650,3,11,233000125,233000847,72,20221023-195518
0,0,경기76아4652,3,32,233000125,233000718,30,20221023-195518
0,0,경기76아4649,3,30,233000125,233000768,92,20221023-195518
0,0,경기76아4651,3,40,233000125,277103903,51,20221023-195518
0,0,경기76아4652,3,32,233000125,233000718,30,20221023-195533
0,0,경기76아4650,3,12,233000125,233002174,73,20221023-195533
0,0,경기76아4651,3,40,233000125,277103903,51,20221023-195533
0,0,경기76아4649,3,30,233000125,233000768,92,20221023-195533
0,0,경기76아4650,3,12,233000125,233002174,73,20221023-195548
0,0,경기76아4652,3,32,233000125,233000842,31,20221023-195548
0,0,경기76아4649,3,30,233000125,233000768,92,20221023-195548
0,0,경기76아4651,3,40,233000125,120000671,52,20221023-195548
0,0,경기76아4652,3,32,233000125,233000842,31,20221023-195603
0,0,경기76아4650,3,13,233000125,233002174,73,20221023-195603
0,0,경기76아4651,3,40,233000125,120000671,52,20221023-195603
0,0,경기76아4649,3,30,233000125,233001749,93,20221023-195603
0,0,경기76아4650,3,13,233000125,233002174,73,20221023-195618
0,0,경기76아4652,3,33,233000125,233000842,31,20221023-195618
0,0,경기76아4651,3,40,233000125,120000671,52,20221023-195618
0,0,경기76아4649,3,32,233000125,233001749,93,20221023-195618
0,0,경기76아4650,3,13,233000125,233002174,73,20221023-195633
0,0,경기76아4652,3,33,233000125,233000842,31,20221023-195633
0,0,경기76아4649,3,32,233000125,233001749,93,20221023-195633
0,0,경기76아4651,3,40,233000125,277103902,53,20221023-195633
0,0,경기76아4652,3,33,233000125,233000842,31,20221023-195648
0,0,경기76아4650,3,13,233000125,233000055,74,20221023-195648
0,0,경기76아4649,3,32,233000125,233002159,94,20221023-195648
0,0,경기76아4651,3,40,233000125,277103902,53,20221023-195648
0,0,경기76아4650,3,13,233000125,233000846,75,20221023-195703
0,0,경기76아4652,3,33,233000125,233002149,32,20221023-195703
0,0,경기76아4649,3,32,233000125,233002159,94,20221023-195703
0,0,경기76아4651,3,40,233000125,277103902,53,20221023-195703
0,0,경기76아4652,3,33,233000125,233002149,32,20221023-195718
0,0,경기76아4650,3,13,233000125,233000845,76,20221023-195718
0,0,경기76아4649,3,32,233000125,233002159,94,20221023-195718
0,0,경기76아4651,3,40,233000125,121001315,54,20221023-195718
0,0,경기76아4650,3,13,233000125,233000845,76,20221023-195733
0,0,경기76아4652,3,33,233000125,233000717,33,20221023-195733
0,0,경기76아4649,3,32,233000125,233002159,94,20221023-195733
0,0,경기76아4651,3,40,233000125,121001315,54,20221023-195733
0,0,경기76아4650,3,13,233000125,233000845,76,20221023-195748
0,0,경기76아4652,3,33,233000125,233000717,33,20221023-195748
0,0,경기76아4649,3,32,233000125,233002159,94,20221023-195748
0,0,경기76아4651,3,40,233000125,121001315,54,20221023-195748
0,0,경기76아4652,3,33,233000125,233000716,34,20221023-195803
0,0,경기76아4650,3,13,233000125,233002150,77,20221023-195803
0,0,경기76아4649,3,32,233000125,233002159,94,20221023-195803
0,0,경기76아4651,3,45,233000125,121001315,54,20221023-195803
0,0,경기76아4650,3,13,233000125,233002150,77,20221023-195818
0,0,경기76아4652,3,33,233000125,233000059,35,20221023-195818
0,0,경기76아4649,3,32,233000125,233002159,94,20221023-195818
0,0,경기76아4651,3,45,233000125,121001315,54,20221023-195818
0,0,경기76아4650,3,13,233000125,233002150,77,20221023-195833
0,0,경기76아4652,3,33,233000125,233000891,36,20221023-195833
0,0,경기76아4651,3,45,233000125,121001315,54,20221023-195833
0,0,경기76아4649,3,32,233000125,233001828,95,20221023-195833
0,0,경기76아4652,3,33,233000125,233000891,36,20221023-195848
0,0,경기76아4650,3,13,233000125,233000844,78,20221023-195848
0,0,경기76아4651,3,45,233000125,121001315,54,20221023-195848
0,0,경기76아4649,3,32,233000125,233001828,95,20221023-195848
0,0,경기76아4650,3,13,233000125,233000844,78,20221023-195903
0,0,경기76아4652,3,32,233000125,233000891,36,20221023-195903
0,0,경기76아4651,3,45,233000125,121001315,54,20221023-195903
0,0,경기76아4649,3,32,233000125,233001828,95,20221023-195903
0,0,경기76아4652,3,32,233000125,233000891,36,20221023-195918
0,0,경기76아4650,3,13,233000125,233000844,78,20221023-195918
0,0,경기76아4651,3,45,233000125,121001315,54,20221023-195918
0,0,경기76아4649,3,35,233000125,233001828,95,20221023-195918
0,0,경기76아4652,3,32,233000125,233000891,36,20221023-195933
0,0,경기76아4650,3,13,233000125,233000844,78,20221023-195933
0,0,경기76아4651,3,45,233000125,121001315,54,20221023-195933
0,0,경기76아4649,3,35,233000125,233001828,95,20221023-195933
0,0,경기76아4650,3,13,233000125,233000844,78,20221023-195948
0,0,경기76아4652,3,32,233000125,233000715,37,20221023-195948
0,0,경기76아4651,3,45,233000125,121001315,54,20221023-195948
0,0,경기76아4649,3,35,233000125,233001828,95,20221023-195948
0,0,경기76아4650,3,13,233000125,233000844,78,20221023-200004
0,0,경기76아4652,3,32,233000125,233000715,37,20221023-200004
0,0,경기76아4649,3,35,233000125,233001828,95,20221023-200004
0,0,경기76아4651,3,45,233000125,277101688,55,20221023-200004
0,0,경기76아4652,3,32,233000125,233000715,37,20221023-200018
0,0,경기76아4650,3,13,233000125,233000843,79,20221023-200018
0,0,경기76아4649,3,35,233000125,233001828,95,20221023-200018
0,0,경기76아4651,3,45,233000125,277101688,55,20221023-200018
0,0,경기76아4652,3,32,233000125,233000715,37,20221023-200033
0,0,경기76아4650,3,13,233000125,233000843,79,20221023-200033
0,0,경기76아4649,3,35,233000125,233001828,95,20221023-200033
0,0,경기76아4651,3,45,233000125,277101688,55,20221023-200033
0,0,경기76아4652,3,32,233000125,233000714,38,20221023-200048
0,0,경기76아4650,3,13,233000125,233000780,80,20221023-200048
0,0,경기76아4649,3,35,233000125,233001828,95,20221023-200048
0,0,경기76아4651,3,45,233000125,277101688,55,20221023-200048
0,0,경기76아4650,3,13,233000125,233000780,80,20221023-200103
0,0,경기76아1122,3,49,233000125,233002226,1,20221023-200103
0,0,경기76아4652,3,32,233000125,233000713,39,20221023-200103
0,0,경기76아4651,3,45,233000125,277101688,55,20221023-200103
0,0,경기76아4649,3,35,233000125,233001828,95,20221023-200103
0,0,경기76아1122,3,49,233000125,233002226,1,20221023-200118
0,0,경기76아4652,3,32,233000125,233000713,39,20221023-200118
0,0,경기76아4650,3,13,233000125,233000780,80,20221023-200118
0,0,경기76아4651,3,45,233000125,277101688,55,20221023-200118
0,0,경기76아4649,3,35,233000125,233001435,96,20221023-200118
0,0,경기76아4650,3,13,233000125,233000780,80,20221023-200133
0,0,경기76아1122,3,49,233000125,233002226,1,20221023-200133
0,0,경기76아4652,3,32,233000125,233000713,39,20221023-200133
0,0,경기76아4651,3,45,233000125,277101688,55,20221023-200133
0,0,경기76아4649,3,35,233000125,233001435,96,20221023-200133
0,0,경기76아4652,3,32,233000125,233000713,39,20221023-200148
0,0,경기76아1122,3,49,233000125,277102459,2,20221023-200148
0,0,경기76아4650,3,13,233000125,233000780,80,20221023-200148
0,0,경기76아4651,3,45,233000125,277101688,55,20221023-200148
0,0,경기76아4649,3,36,233000125,233001435,96,20221023-200148
0,0,경기76아1122,3,49,233000125,277102459,2,20221023-200203
0,0,경기76아4650,3,13,233000125,233000779,81,20221023-200203
0,0,경기76아4652,3,32,233000125,233000712,40,20221023-200203
0,0,경기76아4651,3,45,233000125,277101688,55,20221023-200203
0,0,경기76아4649,3,36,233000125,233000208,97,20221023-200203
0,0,경기76아1122,3,49,233000125,277102459,2,20221023-200218
0,0,경기76아4652,3,32,233000125,233000712,40,20221023-200218
0,0,경기76아4650,3,13,233000125,233000779,81,20221023-200218
0,0,경기76아4651,3,45,233000125,277101688,55,20221023-200218
0,0,경기76아4649,3,36,233000125,233001043,98,20221023-200218
0,0,경기76아4652,3,32,233000125,233000712,40,20221023-200233
0,0,경기76아1122,3,49,233000125,277102459,2,20221023-200233
0,0,경기76아4650,3,13,233000125,233000779,81,20221023-200233
0,0,경기76아4649,3,36,233000125,233001043,98,20221023-200233
0,0,경기76아4651,3,45,233000125,119900083,56,20221023-200233
0,0,경기76아4652,3,32,233000125,233000712,40,20221023-200248
0,0,경기76아1122,3,49,233000125,277102459,2,20221023-200248
0,0,경기76아4650,3,13,233000125,233000779,81,20221023-200248
0,0,경기76아4649,3,36,233000125,233001043,98,20221023-200248
0,0,경기76아4651,3,45,233000125,119900083,56,20221023-200248
0,0,경기76아4652,3,32,233000125,233000712,40,20221023-200304
0,0,경기76아1122,3,49,233000125,233002221,3,20221023-200304
0,0,경기76아4650,3,13,233000125,233000778,82,20221023-200304
0,0,경기76아4649,3,36,233000125,233001043,98,20221023-200304
0,0,경기76아4651,3,45,233000125,119900083,56,20221023-200304
0,0,경기76아4652,3,32,233000125,233000712,40,20221023-200319
0,0,경기76아1122,3,49,233000125,233002221,3,20221023-200319
0,0,경기76아4650,3,13,233000125,233000778,82,20221023-200319
0,0,경기76아4649,3,36,233000125,233001043,98,20221023-200319
0,0,경기76아4651,3,45,233000125,119900083,56,20221023-200319
0,0,경기76아4652,3,32,233000125,233000712,40,20221023-200334
0,0,경기76아4650,3,13,233000125,233000778,82,20221023-200334
0,0,경기76아1122,3,49,233000125,233002221,3,20221023-200334
0,0,경기76아4649,3,36,233000125,233001043,98,20221023-200334
0,0,경기76아4651,3,45,233000125,119900083,56,20221023-200334
0,0,경기76아4652,3,32,233000125,233000712,40,20221023-200349
0,0,경기76아1122,3,49,233000125,233002221,3,20221023-200349
0,0,경기76아4650,3,14,233000125,233000778,82,20221023-200349
0,0,경기76아4651,3,45,233000125,119900083,56,20221023-200349
0,0,경기76아4649,3,39,233000125,233002130,99,20221023-200349
0,0,경기76아4652,3,32,233000125,233000712,40,20221023-200404
0,0,경기76아1122,3,49,233000125,233002221,3,20221023-200404
0,0,경기76아4650,3,14,233000125,233000778,82,20221023-200404
0,0,경기76아4651,3,45,233000125,119900083,56,20221023-200404
0,0,경기76아4649,3,39,233000125,233001042,100,20221023-200404
0,0,경기76아4652,3,32,233000125,233000712,40,20221023-200419
0,0,경기76아4650,3,14,233000125,233000778,82,20221023-200419
0,0,경기76아1122,3,49,233000125,233002224,4,20221023-200419
0,0,경기76아4651,3,45,233000125,119900083,56,20221023-200419
0,0,경기76아4649,3,39,233000125,233001042,100,20221023-200419
0,0,경기76아1122,3,49,233000125,233002224,4,20221023-200434
0,0,경기76아4652,3,32,233000125,233000712,40,20221023-200434
0,0,경기76아4650,3,14,233000125,233000777,83,20221023-200434
0,0,경기76아4651,3,45,233000125,119900083,56,20221023-200434
0,0,경기76아4649,3,39,233000125,233002296,101,20221023-200434
0,0,경기76아1122,3,49,233000125,233002224,4,20221023-200449
0,0,경기76아4652,3,32,233000125,233000712,40,20221023-200449
0,0,경기76아4650,3,14,233000125,233000776,84,20221023-200449
0,0,경기76아4651,3,45,233000125,119900083,56,20221023-200449
0,0,경기76아4649,3,39,233000125,233000207,102,20221023-200449
0,0,경기76아1122,3,49,233000125,233002224,4,20221023-200504
0,0,경기76아4652,3,32,233000125,233000712,40,20221023-200504
0,0,경기76아4650,3,14,233000125,233000776,84,20221023-200504
0,0,경기76아4651,3,45,233000125,119900083,56,20221023-200504
0,0,경기76아4649,3,39,233000125,233000207,102,20221023-200504
0,0,경기76아4652,3,32,233000125,233000712,40,20221023-200519
0,0,경기76아4650,3,14,233000125,233000776,84,20221023-200519
0,0,경기76아1122,3,49,233000125,233002225,5,20221023-200519
0,0,경기76아4651,3,45,233000125,119900083,56,20221023-200519
0,0,경기76아4649,3,40,233000125,233000207,102,20221023-200519
0,0,경기76아1122,3,49,233000125,233002225,5,20221023-200534
0,0,경기76아4650,3,16,233000125,233000776,84,20221023-200534
0,0,경기76아4652,3,32,233000125,233000712,40,20221023-200534
0,0,경기76아4651,3,45,233000125,119900083,56,20221023-200534
0,0,경기76아4649,3,40,233000125,233002216,103,20221023-200534
0,0,경기76아4652,3,32,233000125,233000712,40,20221023-200549
0,0,경기76아1122,3,49,233000125,233002225,5,20221023-200549
0,0,경기76아4650,3,16,233000125,233000774,85,20221023-200549
0,0,경기76아4651,3,45,233000125,119900083,56,20221023-200549
0,0,경기76아4649,3,40,233000125,233002216,103,20221023-200549
0,0,경기76아4652,3,32,233000125,233000712,40,20221023-200603
0,0,경기76아1122,3,49,233000125,233002225,5,20221023-200603
0,0,경기76아4650,3,16,233000125,233000774,85,20221023-200603
0,0,경기76아4651,3,45,233000125,119900083,56,20221023-200603
0,0,경기76아4649,3,40,233000125,233002216,103,20221023-200603
0,0,경기76아4652,3,32,233000125,233000712,40,20221023-200618
0,0,경기76아1122,3,49,233000125,233002225,5,20221023-200618
0,0,경기76아4650,3,16,233000125,233000774,85,20221023-200618
0,0,경기76아4651,3,45,233000125,119900083,56,20221023-200618
0,0,경기76아4649,3,40,233000125,233002223,104,20221023-200618
0,0,경기76아1122,3,49,233000125,233002225,5,20221023-200633
0,0,경기76아4650,3,16,233000125,233000774,85,20221023-200633
0,0,경기76아4652,3,32,233000125,233000712,40,20221023-200633
0,0,경기76아4651,3,45,233000125,119900083,56,20221023-200633
0,0,경기76아4649,3,41,233000125,233002223,104,20221023-200633
0,0,경기76아4652,3,32,233000125,233000712,40,20221023-200648
0,0,경기76아4650,3,16,233000125,233000774,85,20221023-200648
0,0,경기76아1122,3,48,233000125,233002295,6,20221023-200648
0,0,경기76아4649,3,41,233000125,233002223,104,20221023-200648
0,0,경기76아4651,3,0,233000125,119900083,56,20221023-200648
0,0,경기76아4650,3,16,233000125,233000774,85,20221023-200703
0,0,경기76아1122,3,48,233000125,233002295,6,20221023-200703
0,0,경기76아4652,3,32,233000125,277103520,41,20221023-200703
0,0,경기76아4649,3,41,233000125,233002223,104,20221023-200703
0,0,경기76아4651,3,0,233000125,119900083,56,20221023-200703
0,0,경기76아1122,3,48,233000125,233002295,6,20221023-200719
0,0,경기76아4652,3,32,233000125,277103520,41,20221023-200719
0,0,경기76아4650,3,16,233000125,233000773,86,20221023-200719
0,0,경기76아4649,3,41,233000125,233002223,104,20221023-200719
0,0,경기76아4651,3,0,233000125,119900083,56,20221023-200719
0,0,경기76아1122,3,48,233000125,233002295,6,20221023-200733
0,0,경기76아4652,3,32,233000125,277103520,41,20221023-200733
0,0,경기76아4650,3,16,233000125,233000773,86,20221023-200733
0,0,경기76아4649,3,41,233000125,233002223,104,20221023-200733
0,0,경기76아4651,3,0,233000125,119900083,56,20221023-200733
0,0,경기76아1122,3,48,233000125,233002295,6,20221023-200748
0,0,경기76아4652,3,32,233000125,277103520,41,20221023-200748
0,0,경기76아4650,3,17,233000125,233003082,87,20221023-200748
0,0,경기76아4649,3,41,233000125,233002223,104,20221023-200748
0,0,경기76아4651,3,0,233000125,119900083,56,20221023-200748
0,0,경기76아1122,3,48,233000125,233002295,6,20221023-200803
0,0,경기76아4652,3,32,233000125,277103520,41,20221023-200803
0,0,경기76아4650,3,17,233000125,233003082,87,20221023-200803
0,0,경기76아4649,3,41,233000125,233002223,104,20221023-200803
0,0,경기76아4651,3,0,233000125,119900083,56,20221023-200803
0,0,경기76아1122,3,48,233000125,233002295,6,20221023-200818
0,0,경기76아4652,3,32,233000125,277103520,41,20221023-200818
0,0,경기76아4650,3,17,233000125,233003082,87,20221023-200818
0,0,경기76아4651,3,0,233000125,119900083,56,20221023-200818
0,0,경기76아4649,3,42,233000125,233002223,104,20221023-200818
0,0,경기76아4652,3,32,233000125,277103520,41,20221023-200833
0,0,경기76아1122,3,48,233000125,233002295,6,20221023-200833
0,0,경기76아4650,3,17,233000125,233003082,87,20221023-200833
0,0,경기76아4651,3,0,233000125,119900083,56,20221023-200833
0,0,경기76아4649,3,42,233000125,233002223,104,20221023-200833
0,0,경기76아4652,3,32,233000125,277103520,41,20221023-200848
0,0,경기76아4650,3,17,233000125,233003082,87,20221023-200848
0,0,경기76아1122,3,48,233000125,233001041,7,20221023-200848
0,0,경기76아4651,3,0,233000125,119900083,56,20221023-200848
0,0,경기76아4649,3,42,233000125,233002214,105,20221023-200848
0,0,경기76아4650,3,17,233000125,233003082,87,20221023-200903
0,0,경기76아1122,3,48,233000125,233001041,7,20221023-200903
0,0,경기76아4652,3,32,233000125,277103520,41,20221023-200903
0,0,경기76아4651,3,0,233000125,119900083,56,20221023-200903
0,0,경기76아4649,3,42,233000125,233002214,105,20221023-200903
0,0,경기76아4650,3,17,233000125,233003082,87,20221023-200918
0,0,경기76아4652,3,32,233000125,277103520,41,20221023-200918
0,0,경기76아1122,3,48,233000125,233002131,8,20221023-200918
0,0,경기76아4651,3,0,233000125,119900083,56,20221023-200918
0,0,경기76아4649,3,42,233000125,233002214,105,20221023-200918
0,0,경기76아4650,3,17,233000125,233003082,87,20221023-200933
0,0,경기76아1122,3,48,233000125,233002131,8,20221023-200933
0,0,경기76아4652,3,32,233000125,277103528,42,20221023-200933
0,0,경기76아4651,3,0,233000125,119900083,56,20221023-200933
0,0,경기76아4649,3,42,233000125,233002214,105,20221023-200933
0,0,경기76아1122,3,48,233000125,233002131,8,20221023-200948
0,0,경기76아4652,3,32,233000125,277103528,42,20221023-200948
0,0,경기76아4650,3,17,233000125,233000772,88,20221023-200948
0,0,경기76아4651,3,0,233000125,119900083,56,20221023-200948
0,0,경기76아4649,3,42,233000125,233002214,105,20221023-200948
0,0,경기76아4650,3,17,233000125,233000772,88,20221023-201003
0,0,경기76아1122,3,48,233000125,233000148,9,20221023-201003
0,0,경기76아4652,3,32,233000125,277103528,42,20221023-201003
0,0,경기76아4651,3,0,233000125,119900083,56,20221023-201003
0,0,경기76아4649,3,42,233000125,233002214,105,20221023-201003
0,0,경기76아1122,3,48,233000125,233000148,9,20221023-201018
0,0,경기76아4652,3,32,233000125,277103528,42,20221023-201018
0,0,경기76아4650,3,16,233000125,233000772,88,20221023-201018
0,0,경기76아4649,3,42,233000125,233002214,105,20221023-201018
0,0,경기76아4651,3,0,233000125,277103902,53,20221023-201018
0,0,경기76아1122,3,48,233000125,233000148,9,20221023-201033
0,0,경기76아4652,3,32,233000125,277103528,42,20221023-201033
0,0,경기76아4650,3,16,233000125,233000772,88,20221023-201033
0,0,경기76아4651,3,0,233000125,277103902,53,20221023-201033
0,0,경기76아4649,3,44,233000125,233002214,105,20221023-201033
0,0,경기76아4650,3,16,233000125,233000772,88,20221023-201048
0,0,경기76아1122,3,48,233000125,233000191,10,20221023-201048
0,0,경기76아4652,3,32,233000125,277103317,43,20221023-201048
0,0,경기76아4651,3,0,233000125,277102049,57,20221023-201048
0,0,경기76아4650,3,16,233000125,233000772,88,20221023-201104
0,0,경기76아1122,3,48,233000125,233000191,10,20221023-201104
0,0,경기76아4652,3,32,233000125,277103317,43,20221023-201104
0,0,경기76아4651,3,0,233000125,277102049,57,20221023-201104
0,0,경기76아4650,3,16,233000125,233000772,88,20221023-201118
0,0,경기76아4652,3,32,233000125,277103317,43,20221023-201118
0,0,경기76아1122,3,46,233000125,233000191,10,20221023-201118
0,0,경기76아4651,3,0,233000125,277102049,57,20221023-201118
0,0,경기76아4652,3,32,233000125,277103317,43,20221023-201133
0,0,경기76아4650,3,16,233000125,233000772,88,20221023-201133
0,0,경기76아1122,3,46,233000125,233000190,11,20221023-201133
0,0,경기76아4651,3,0,233000125,277102049,57,20221023-201133
0,0,경기76아4652,3,32,233000125,277103317,43,20221023-201148
0,0,경기76아1122,3,46,233000125,233000190,11,20221023-201148
0,0,경기76아4650,3,16,233000125,233000771,89,20221023-201148
0,0,경기76아4651,3,0,233000125,277102049,57,20221023-201148
0,0,경기76아4652,3,32,233000125,277103317,43,20221023-201203
0,0,경기76아1122,3,46,233000125,233000190,11,20221023-201203
0,0,경기76아4650,3,16,233000125,233000771,89,20221023-201203
0,0,경기76아4651,3,0,233000125,277102049,57,20221023-201203
0,0,경기76아4652,3,32,233000125,277103317,43,20221023-201218
0,0,경기76아1122,3,46,233000125,233000189,12,20221023-201218
0,0,경기76아4650,3,16,233000125,233000771,89,20221023-201218
0,0,경기76아4651,3,0,233000125,277102049,57,20221023-201218
0,0,경기76아4652,3,32,233000125,277103317,43,20221023-201233
0,0,경기76아4650,3,16,233000125,233000770,90,20221023-201233
0,0,경기76아1122,3,45,233000125,233000189,12,20221023-201233
0,0,경기76아4651,3,0,233000125,277102049,57,20221023-201233
0,0,경기76아4652,3,32,233000125,277103317,43,20221023-201248
0,0,경기76아1122,3,45,233000125,233000189,12,20221023-201248
0,0,경기76아4650,3,16,233000125,233000770,90,20221023-201248
0,0,경기76아4651,3,0,233000125,277102049,57,20221023-201248
0,0,경기76아1122,3,45,233000125,233000189,12,20221023-201304
0,0,경기76아4650,3,16,233000125,233000770,90,20221023-201304
0,0,경기76아4652,3,32,233000125,277103317,43,20221023-201304
0,0,경기76아4651,3,0,233000125,277102291,58,20221023-201304
0,0,경기76아1122,3,45,233000125,233000189,12,20221023-201319
0,0,경기76아4650,3,16,233000125,233000770,90,20221023-201319
0,0,경기76아4652,3,32,233000125,277103317,43,20221023-201319
0,0,경기76아4651,3,0,233000125,277102291,58,20221023-201319
0,0,경기76아1122,3,45,233000125,233000189,12,20221023-201334
0,0,경기76아4652,3,32,233000125,277103315,44,20221023-201334
0,0,경기76아4650,3,16,233000125,233000769,91,20221023-201334
0,0,경기76아4651,3,0,233000125,277102291,58,20221023-201334
0,0,경기76아1122,3,45,233000125,233000189,12,20221023-201349
0,0,경기76아4652,3,32,233000125,277103315,44,20221023-201349
0,0,경기76아4650,3,16,233000125,233000769,91,20221023-201349
0,0,경기76아4651,3,0,233000125,277102291,58,20221023-201349
0,0,경기76아1122,3,45,233000125,233000189,12,20221023-201404
0,0,경기76아4652,3,32,233000125,277103315,44,20221023-201404
0,0,경기76아4650,3,15,233000125,233000769,91,20221023-201404
0,0,경기76아4651,3,0,233000125,277102291,58,20221023-201404
0,0,경기76아1122,3,45,233000125,233000189,12,20221023-201419
0,0,경기76아4652,3,32,233000125,277103315,44,20221023-201419
0,0,경기76아4650,3,15,233000125,233000769,91,20221023-201419
0,0,경기76아4651,3,0,233000125,277102291,58,20221023-201419
0,0,경기76아1122,3,45,233000125,233000189,12,20221023-201434
0,0,경기76아4652,3,32,233000125,277103315,44,20221023-201434
0,0,경기76아4650,3,15,233000125,233000768,92,20221023-201434
0,0,경기76아4651,3,0,233000125,277102291,58,20221023-201434
0,0,경기76아4650,3,15,233000125,233000768,92,20221023-201449
0,0,경기76아1122,3,45,233000125,233000189,12,20221023-201449
0,0,경기76아4652,3,32,233000125,277103315,44,20221023-201449
0,0,경기76아4651,3,0,233000125,277102291,58,20221023-201449
0,0,경기76아4650,3,15,233000125,233000768,92,20221023-201504
0,0,경기76아4652,3,32,233000125,277103315,44,20221023-201504
0,0,경기76아1122,3,45,233000125,233001943,13,20221023-201504
0,0,경기76아4651,3,0,233000125,277102291,58,20221023-201504
0,0,경기76아1122,3,45,233000125,233001943,13,20221023-201519
0,0,경기76아4652,3,32,233000125,277103315,44,20221023-201519
0,0,경기76아4650,3,23,233000125,233000768,92,20221023-201519
0,0,경기76아4651,3,0,233000125,277103204,59,20221023-201519
0,0,경기76아4650,3,23,233000125,233000768,92,20221023-201534
0,0,경기76아1122,3,44,233000125,233001943,13,20221023-201534
0,0,경기76아4652,3,32,233000125,226000039,45,20221023-201534
0,0,경기76아4651,3,0,233000125,277103204,59,20221023-201534
0,0,경기76아4650,3,23,233000125,233000768,92,20221023-201549
0,0,경기76아1122,3,44,233000125,233000188,14,20221023-201549
0,0,경기76아4652,3,32,233000125,226000039,45,20221023-201549
0,0,경기76아4651,3,0,233000125,277103204,59,20221023-201549
0,0,경기76아4650,3,23,233000125,233000768,92,20221023-201604
0,0,경기76아4652,3,32,233000125,226000039,45,20221023-201604
0,0,경기76아1122,3,43,233000125,233000188,14,20221023-201604
0,0,경기76아4651,3,0,233000125,277103204,59,20221023-201604
0,0,경기76아4650,3,23,233000125,233000768,92,20221023-201619
0,0,경기76아1122,3,43,233000125,233000188,14,20221023-201619
0,0,경기76아4652,3,32,233000125,226000039,45,20221023-201619
0,0,경기76아4651,3,0,233000125,277103204,59,20221023-201619
0,0,경기76아4650,3,23,233000125,233000768,92,20221023-201633
0,0,경기76아1122,3,43,233000125,233000188,14,20221023-201633
0,0,경기76아4652,3,32,233000125,226000039,45,20221023-201633
0,0,경기76아4651,3,0,233000125,277103204,59,20221023-201633
0,0,경기76아4650,3,23,233000125,233000768,92,20221023-201649
0,0,경기76아1122,3,43,233000125,233000188,14,20221023-201649
0,0,경기76아4652,3,32,233000125,226000039,45,20221023-201649
0,0,경기76아4651,3,0,233000125,277103204,59,20221023-201649
0,0,경기76아4650,3,23,233000125,233000768,92,20221023-201703
0,0,경기76아1122,3,43,233000125,233000188,14,20221023-201703
0,0,경기76아4652,3,32,233000125,226000039,45,20221023-201703
0,0,경기76아4651,3,0,233000125,277103204,59,20221023-201703
0,0,경기76아1122,3,43,233000125,233000188,14,20221023-201718
0,0,경기76아4652,3,32,233000125,277103221,46,20221023-201718
0,0,경기76아4650,3,23,233000125,233000768,92,20221023-201718
0,0,경기76아4651,3,0,233000125,277103204,59,20221023-201718
0,0,경기76아1122,3,43,233000125,233000188,14,20221023-201733
0,0,경기76아4652,3,32,233000125,277103221,46,20221023-201733
0,0,경기76아4650,3,23,233000125,233000768,92,20221023-201733
0,0,경기76아4651,3,0,233000125,277103202,60,20221023-201733
0,0,경기76아4652,3,32,233000125,277103221,46,20221023-201748
0,0,경기76아4650,3,23,233000125,233000768,92,20221023-201748
0,0,경기76아1122,3,43,233000125,233000188,14,20221023-201748
0,0,경기76아4651,3,0,233000125,277103202,60,20221023-201748
0,0,경기76아4652,3,32,233000125,277103221,46,20221023-201803
0,0,경기76아4650,3,23,233000125,233001749,93,20221023-201803
0,0,경기76아1122,3,43,233000125,233001318,15,20221023-201803
0,0,경기76아4651,3,0,233000125,277103202,60,20221023-201803
0,0,경기76아4650,3,23,233000125,233001749,93,20221023-201818
0,0,경기76아1122,3,43,233000125,233001318,15,20221023-201818
0,0,경기76아4652,3,32,233000125,277103221,46,20221023-201818
0,0,경기76아4651,3,0,233000125,277103202,60,20221023-201818
0,0,경기76아4652,3,32,233000125,277103221,46,20221023-201833
0,0,경기76아4650,3,24,233000125,233001749,93,20221023-201833
0,0,경기76아1122,3,43,233000125,233001318,15,20221023-201833
0,0,경기76아4651,3,0,233000125,277103202,60,20221023-201833
0,0,경기76아1122,3,43,233000125,233001318,15,20221023-201848
0,0,경기76아4652,3,32,233000125,277103221,46,20221023-201848
0,0,경기76아4650,3,24,233000125,233002159,94,20221023-201848
0,0,경기76아4651,3,0,233000125,277103202,60,20221023-201848
0,0,경기76아1122,3,43,233000125,233001318,15,20221023-201903
0,0,경기76아4652,3,32,233000125,277103221,46,20221023-201903
0,0,경기76아4650,3,24,233000125,233002159,94,20221023-201903
0,0,경기76아4651,3,0,233000125,277103201,61,20221023-201903
0,0,경기76아1122,3,43,233000125,233001318,15,20221023-201918
0,0,경기76아4652,3,32,233000125,277103221,46,20221023-201918
0,0,경기76아4650,3,24,233000125,233002159,94,20221023-201918
0,0,경기76아4651,3,0,233000125,277103201,61,20221023-201918
0,0,경기76아4652,3,32,233000125,277103221,46,20221023-201933
0,0,경기76아1122,3,43,233000125,233000730,16,20221023-201933
0,0,경기76아4650,3,29,233000125,233002159,94,20221023-201933
0,0,경기76아4651,3,0,233000125,277103201,61,20221023-201933
0,0,경기76아4650,3,29,233000125,233002159,94,20221023-201948
0,0,경기76아1122,3,43,233000125,233000730,16,20221023-201948
0,0,경기76아4652,3,32,233000125,277103159,47,20221023-201948
0,0,경기76아4651,3,0,233000125,277103201,61,20221023-201948
0,0,경기76아4650,3,29,233000125,233002159,94,20221023-202003
0,0,경기76아1122,3,43,233000125,233000730,16,20221023-202003
0,0,경기76아4652,3,32,233000125,277103159,47,20221023-202003
0,0,경기76아4651,3,0,233000125,277103201,61,20221023-202003
0,0,경기76아4650,3,29,233000125,233002159,94,20221023-202018
0,0,경기76아4652,3,32,233000125,277103159,47,20221023-202018
0,0,경기76아1122,3,43,233000125,233000730,16,20221023-202018
0,0,경기76아4651,3,0,233000125,277103201,61,20221023-202018
0,0,경기76아1122,3,43,233000125,233000729,17,20221023-202033
0,0,경기76아4652,3,32,233000125,277103159,47,20221023-202033
0,0,경기76아4650,3,29,233000125,233002159,94,20221023-202033
0,0,경기76아4651,3,0,233000125,277103201,61,20221023-202033
0,0,경기76아1122,3,43,233000125,233000729,17,20221023-202048
0,0,경기76아4652,3,32,233000125,277103159,47,20221023-202048
0,0,경기76아4650,3,29,233000125,233001828,95,20221023-202048
0,0,경기76아4651,3,0,233000125,277103201,61,20221023-202048
0,0,경기76아1122,3,43,233000125,233000729,17,20221023-202103
0,0,경기76아4650,3,29,233000125,233001828,95,20221023-202103
0,0,경기76아4652,3,32,233000125,277103200,48,20221023-202103
0,0,경기76아4651,3,0,233000125,277103201,61,20221023-202103
0,0,경기76아1122,3,43,233000125,233000729,17,20221023-202119
0,0,경기76아4650,3,29,233000125,233001828,95,20221023-202119
0,0,경기76아4652,3,32,233000125,277103200,48,20221023-202119
0,0,경기76아4651,3,0,233000125,277103201,61,20221023-202119
0,0,경기76아4652,3,32,233000125,277103200,48,20221023-202133
0,0,경기76아4650,3,38,233000125,233001828,95,20221023-202133
0,0,경기76아1122,3,43,233000125,233000729,17,20221023-202133
0,0,경기76아4651,3,0,233000125,277103158,62,20221023-202133
0,0,경기76아4652,3,32,233000125,277103200,48,20221023-202148
0,0,경기76아4650,3,38,233000125,233001828,95,20221023-202148
0,0,경기76아1122,3,43,233000125,233000729,17,20221023-202148
0,0,경기76아4651,3,0,233000125,277103158,62,20221023-202148
0,0,경기76아4650,3,38,233000125,233001828,95,20221023-202203
0,0,경기76아1122,3,43,233000125,233000729,17,20221023-202203
0,0,경기76아4652,3,32,233000125,277103200,48,20221023-202203
0,0,경기76아4651,3,0,233000125,277103158,62,20221023-202203
0,0,경기76아4650,3,38,233000125,233001828,95,20221023-202218
0,0,경기76아1122,3,43,233000125,233000729,17,20221023-202218
0,0,경기76아4652,3,32,233000125,277103200,48,20221023-202218
0,0,경기76아4651,3,0,233000125,277103158,62,20221023-202218
0,0,경기76아4650,3,38,233000125,233001828,95,20221023-202233
0,0,경기76아4652,3,32,233000125,277103200,48,20221023-202233
0,0,경기76아1122,3,43,233000125,233000728,18,20221023-202233
0,0,경기76아4651,3,0,233000125,277103158,62,20221023-202233
0,0,경기76아4650,3,38,233000125,233001828,95,20221023-202248
0,0,경기76아4652,3,32,233000125,277103200,48,20221023-202248
0,0,경기76아1122,3,43,233000125,233000728,18,20221023-202248
0,0,경기76아4651,3,0,233000125,277103158,62,20221023-202248
0,0,경기76아4650,3,38,233000125,233001828,95,20221023-202303
0,0,경기76아1122,3,43,233000125,233001404,19,20221023-202303
0,0,경기76아4652,3,32,233000125,277103200,48,20221023-202303
0,0,경기76아4651,3,0,233000125,277103220,63,20221023-202303
0,0,경기76아4652,3,32,233000125,277103200,48,20221023-202318
0,0,경기76아4650,3,38,233000125,233001828,95,20221023-202318
0,0,경기76아1122,3,43,233000125,233000727,20,20221023-202318
0,0,경기76아4651,3,0,233000125,277103220,63,20221023-202318
0,0,경기76아1122,3,43,233000125,233000727,20,20221023-202333
0,0,경기76아4650,3,38,233000125,233001435,96,20221023-202333
0,0,경기76아4652,3,32,233000125,277103200,48,20221023-202333
0,0,경기76아4651,3,0,233000125,277103220,63,20221023-202333
0,0,경기76아4650,3,38,233000125,233001435,96,20221023-202348
0,0,경기76아1122,3,43,233000125,233000727,20,20221023-202348
0,0,경기76아4652,3,32,233000125,277103203,49,20221023-202348
0,0,경기76아4651,3,0,233000125,277103220,63,20221023-202348
0,0,경기76아1122,3,43,233000125,233000727,20,20221023-202403
0,0,경기76아4650,3,39,233000125,233001435,96,20221023-202403
0,0,경기76아4652,3,32,233000125,277103203,49,20221023-202403
0,0,경기76아4651,3,0,233000125,277103220,63,20221023-202403
0,0,경기76아1122,3,43,233000125,233000727,20,20221023-202418
0,0,경기76아4650,3,39,233000125,233001435,96,20221023-202418
0,0,경기76아4652,3,32,233000125,277103203,49,20221023-202418
0,0,경기76아4651,3,0,233000125,277103220,63,20221023-202418
0,0,경기76아4652,3,32,233000125,277103203,49,20221023-202433
0,0,경기76아4650,3,39,233000125,233000208,97,20221023-202433
0,0,경기76아1122,3,43,233000125,233000726,21,20221023-202433
0,0,경기76아4651,3,0,233000125,277103220,63,20221023-202433
0,0,경기76아4652,3,32,233000125,277103203,49,20221023-202448
0,0,경기76아1122,3,43,233000125,233000726,21,20221023-202448
0,0,경기76아4650,3,39,233000125,233001043,98,20221023-202448
0,0,경기76아4651,3,0,233000125,226000038,64,20221023-202448
0,0,경기76아4652,3,32,233000125,277103203,49,20221023-202503
0,0,경기76아1122,3,43,233000125,233000726,21,20221023-202503
0,0,경기76아4650,3,39,233000125,233001043,98,20221023-202503
0,0,경기76아4651,3,0,233000125,226000038,64,20221023-202503
0,0,경기76아1122,3,43,233000125,233000726,21,20221023-202518
0,0,경기76아4652,3,32,233000125,277103203,49,20221023-202518
0,0,경기76아4650,3,40,233000125,233001043,98,20221023-202518
0,0,경기76아4651,3,0,233000125,226000038,64,20221023-202518
0,0,경기76아1122,3,43,233000125,233000726,21,20221023-202533
0,0,경기76아4650,3,40,233000125,233001043,98,20221023-202533
0,0,경기76아4652,3,32,233000125,277103203,49,20221023-202533
0,0,경기76아4651,3,0,233000125,226000038,64,20221023-202533
0,0,경기76아1122,3,43,233000125,233000726,21,20221023-202548
0,0,경기76아4650,3,40,233000125,233001043,98,20221023-202548
0,0,경기76아4652,3,32,233000125,277103205,50,20221023-202548
0,0,경기76아4651,3,0,233000125,226000038,64,20221023-202548
0,0,경기76아4650,3,40,233000125,233001043,98,20221023-202603
0,0,경기76아4652,3,32,233000125,277103205,50,20221023-202603
0,0,경기76아1122,3,43,233000125,233000726,21,20221023-202603
0,0,경기76아4651,3,0,233000125,226000038,64,20221023-202603
0,0,경기76아4650,3,40,233000125,233001043,98,20221023-202618
0,0,경기76아4652,3,32,233000125,277103205,50,20221023-202618
0,0,경기76아1122,3,43,233000125,233000726,21,20221023-202618
0,0,경기76아4651,3,0,233000125,226000038,64,20221023-202618
0,0,경기76아4652,3,32,233000125,277103205,50,20221023-202633
0,0,경기76아1122,3,43,233000125,233000726,21,20221023-202633
0,0,경기76아4650,3,40,233000125,233002130,99,20221023-202633
0,0,경기76아4651,3,0,233000125,226000038,64,20221023-202633
0,0,경기76아4652,3,32,233000125,277103205,50,20221023-202648
0,0,경기76아4650,3,40,233000125,233002130,99,20221023-202648
0,0,경기76아1122,3,43,233000125,233000725,22,20221023-202648
0,0,경기76아4651,3,0,233000125,226000038,64,20221023-202648
0,0,경기76아4652,3,32,233000125,277103205,50,20221023-202704
0,0,경기76아4650,3,40,233000125,233001042,100,20221023-202704
0,0,경기76아1122,3,43,233000125,233002118,23,20221023-202704
0,0,경기76아4651,3,0,233000125,226000038,64,20221023-202704
0,0,경기76아4650,3,40,233000125,233001042,100,20221023-202718
0,0,경기76아1122,3,43,233000125,233002118,23,20221023-202718
0,0,경기76아4652,3,32,233000125,277103205,50,20221023-202718
0,0,경기76아4651,3,0,233000125,277103314,65,20221023-202718
0,0,경기76아4650,3,40,233000125,233001042,100,20221023-202733
0,0,경기76아1122,3,43,233000125,233002118,23,20221023-202733
0,0,경기76아4652,3,32,233000125,277103205,50,20221023-202733
0,0,경기76아4651,3,0,233000125,277103314,65,20221023-202733
0,0,경기76아1122,3,43,233000125,233002118,23,20221023-202748
0,0,경기76아4652,3,32,233000125,277103205,50,20221023-202748
0,0,경기76아4650,3,40,233000125,233002296,101,20221023-202748
0,0,경기76아4651,3,0,233000125,277103314,65,20221023-202748
0,0,경기76아4652,3,32,233000125,277103205,50,20221023-202803
0,0,경기76아1122,3,43,233000125,233002118,23,20221023-202803
0,0,경기76아4650,3,40,233000125,233000207,102,20221023-202803
0,0,경기76아4651,3,0,233000125,277103314,65,20221023-202803
0,0,경기76아4652,3,32,233000125,277103205,50,20221023-202818
0,0,경기76아4650,3,40,233000125,233000207,102,20221023-202818
0,0,경기76아1122,3,43,233000125,233002118,23,20221023-202818
0,0,경기76아4651,3,0,233000125,277103314,65,20221023-202818
0,0,경기76아4652,3,32,233000125,277103205,50,20221023-202833
0,0,경기76아4650,3,40,233000125,233002216,103,20221023-202833
0,0,경기76아1122,3,43,233000125,233002118,23,20221023-202833
0,0,경기76아4651,3,0,233000125,277103314,65,20221023-202833
0,0,경기76아4652,3,32,233000125,277103205,50,20221023-202848
0,0,경기76아4650,3,40,233000125,233002216,103,20221023-202848
0,0,경기76아1122,3,43,233000125,233002118,23,20221023-202848
0,0,경기76아4651,3,0,233000125,277103314,65,20221023-202848
0,0,경기76아4650,3,40,233000125,233002216,103,20221023-202903
0,0,경기76아4652,3,32,233000125,277103903,51,20221023-202903
0,0,경기76아1122,3,43,233000125,233000724,24,20221023-202903
0,0,경기76아4651,3,0,233000125,277103314,65,20221023-202903
0,0,경기76아4650,3,40,233000125,233002216,103,20221023-202918
0,0,경기76아4652,3,32,233000125,277103903,51,20221023-202918
0,0,경기76아1122,3,43,233000125,233000723,25,20221023-202918
0,0,경기76아4651,3,0,233000125,277103314,65,20221023-202918
0,0,경기76아1122,3,43,233000125,233000723,25,20221023-202933
0,0,경기76아4652,3,32,233000125,120000671,52,20221023-202933
0,0,경기76아4650,3,40,233000125,233002223,104,20221023-202933
0,0,경기76아4651,3,0,233000125,277103314,65,20221023-202933
0,0,경기76아1122,3,43,233000125,233000723,25,20221023-202948
0,0,경기76아4652,3,32,233000125,120000671,52,20221023-202948
0,0,경기76아4650,3,40,233000125,233002223,104,20221023-202948
0,0,경기76아4651,3,0,233000125,277103314,65,20221023-202948
0,0,경기76아4652,3,32,233000125,120000671,52,20221023-203004
0,0,경기76아4650,3,40,233000125,233002223,104,20221023-203004
0,0,경기76아1122,3,43,233000125,233000722,26,20221023-203004
0,0,경기76아4651,3,0,233000125,277103316,66,20221023-203004
0,0,경기76아4652,3,32,233000125,120000671,52,20221023-203018
0,0,경기76아1122,3,43,233000125,233000722,26,20221023-203018
0,0,경기76아4650,3,40,233000125,233002223,104,20221023-203018
0,0,경기76아4651,3,0,233000125,277103316,66,20221023-203018
0,0,경기76아1122,3,43,233000125,233000722,26,20221023-203033
0,0,경기76아4650,3,40,233000125,233002223,104,20221023-203033
0,0,경기76아4652,3,33,233000125,120000671,52,20221023-203033
0,0,경기76아4651,3,0,233000125,277103316,66,20221023-203033
0,0,경기76아1122,3,43,233000125,233000722,26,20221023-203048
0,0,경기76아4652,3,33,233000125,120000671,52,20221023-203048
0,0,경기76아4650,3,40,233000125,233002214,105,20221023-203048
0,0,경기76아4651,3,0,233000125,277103316,66,20221023-203048
0,0,경기76아1122,3,43,233000125,233000722,26,20221023-203103
0,0,경기76아4652,3,33,233000125,120000671,52,20221023-203103
0,0,경기76아4650,3,41,233000125,233002214,105,20221023-203103
0,0,경기76아4651,3,0,233000125,277103527,67,20221023-203103
0,0,경기76아4650,3,41,233000125,233002214,105,20221023-203118
0,0,경기76아4652,3,33,233000125,277103902,53,20221023-203118
0,0,경기76아1122,3,43,233000125,233000721,27,20221023-203118
0,0,경기76아4651,3,0,233000125,277103527,67,20221023-203118
0,0,경기76아4652,3,33,233000125,277103902,53,20221023-203133
0,0,경기76아4650,3,41,233000125,233002214,105,20221023-203133
0,0,경기76아1122,3,43,233000125,233000721,27,20221023-203133
0,0,경기76아4651,3,0,233000125,277103527,67,20221023-203133
0,0,경기76아4652,3,33,233000125,277103902,53,20221023-203148
0,0,경기76아4650,3,41,233000125,233002214,105,20221023-203148
0,0,경기76아1122,3,43,233000125,233000721,27,20221023-203148
0,0,경기76아4651,3,0,233000125,277103527,67,20221023-203148
0,0,경기76아4652,3,33,233000125,277103902,53,20221023-203203
0,0,경기76아4650,3,41,233000125,233002214,105,20221023-203203
0,0,경기76아1122,3,43,233000125,233000721,27,20221023-203203
0,0,경기76아4651,3,0,233000125,277103527,67,20221023-203203
0,0,경기76아4652,3,33,233000125,277103902,53,20221023-203218
0,0,경기76아4650,3,41,233000125,233002214,105,20221023-203218
0,0,경기76아1122,3,43,233000125,233000721,27,20221023-203218
0,0,경기76아4651,3,0,233000125,277103527,67,20221023-203218
0,0,경기76아4652,3,33,233000125,277103902,53,20221023-203233
0,0,경기76아4650,3,41,233000125,233002214,105,20221023-203233
0,0,경기76아1122,3,43,233000125,233000720,28,20221023-203233
0,0,경기76아4651,3,0,233000125,277103527,67,20221023-203233
0,0,경기76아4652,3,33,233000125,277103902,53,20221023-203248
0,0,경기76아4650,3,41,233000125,233002214,105,20221023-203248
0,0,경기76아1122,3,43,233000125,233000720,28,20221023-203248
0,0,경기76아4651,3,0,233000125,277103527,67,20221023-203248
0,0,경기76아4652,3,33,233000125,277103902,53,20221023-203303
0,0,경기76아1122,3,43,233000125,233000720,28,20221023-203303
0,0,경기76아4651,3,0,233000125,277103527,67,20221023-203303
0,0,경기76아4652,3,33,233000125,277103902,53,20221023-203320
0,0,경기76아1122,3,43,233000125,233000720,28,20221023-203320
0,0,경기76아4651,3,0,233000125,277103527,67,20221023-203320
0,0,경기76아4652,3,33,233000125,277103902,53,20221023-203333
0,0,경기76아1122,3,43,233000125,233000720,28,20221023-203333
0,0,경기76아4651,3,0,233000125,277103527,67,20221023-203333
0,0,경기76아4652,3,33,233000125,277103902,53,20221023-203348
0,0,경기76아1122,3,43,233000125,233000720,28,20221023-203348
0,0,경기76아4651,3,0,233000125,277103519,68,20221023-203348
0,0,경기76아4652,3,33,233000125,277103902,53,20221023-203403
0,0,경기76아1122,3,43,233000125,233000720,28,20221023-203403
0,0,경기76아4651,3,0,233000125,277103519,68,20221023-203403
0,0,경기76아4652,3,33,233000125,277103902,53,20221023-203418
0,0,경기76아1122,3,43,233000125,233000720,28,20221023-203418
0,0,경기76아4651,3,0,233000125,277103519,68,20221023-203418
0,0,경기76아4652,3,33,233000125,277103902,53,20221023-203433
0,0,경기76아1122,3,43,233000125,233000720,28,20221023-203433
0,0,경기76아4651,3,0,233000125,277103519,68,20221023-203433
0,0,경기76아4652,3,33,233000125,277103902,53,20221023-203448
0,0,경기76아1122,3,43,233000125,233000720,28,20221023-203448
0,0,경기76아4651,3,0,233000125,277103519,68,20221023-203448
0,0,경기76아4652,3,33,233000125,277103902,53,20221023-203503
0,0,경기76아1122,3,43,233000125,233000720,28,20221023-203503
0,0,경기76아4651,3,0,233000125,277103519,68,20221023-203503
0,0,경기76아4652,3,33,233000125,277103902,53,20221023-203518
0,0,경기76아1122,3,43,233000125,233000719,29,20221023-203518
0,0,경기76아4651,3,0,233000125,277103519,68,20221023-203518
0,0,경기76아4652,3,33,233000125,277103902,53,20221023-203533
0,0,경기76아1122,3,43,233000125,233000719,29,20221023-203533
0,0,경기76아4651,3,0,233000125,277103519,68,20221023-203533
0,0,경기76아4652,3,33,233000125,277103902,53,20221023-203548
0,0,경기76아1122,3,43,233000125,233000718,30,20221023-203548
0,0,경기76아4651,3,0,233000125,233000781,69,20221023-203548
0,0,경기76아4652,3,33,233000125,277103902,53,20221023-203603
0,0,경기76아1122,3,43,233000125,233000718,30,20221023-203603
0,0,경기76아4651,3,0,233000125,233000781,69,20221023-203603
0,0,경기76아4652,3,33,233000125,277103902,53,20221023-203618
0,0,경기76아1122,3,43,233000125,233000718,30,20221023-203618
0,0,경기76아4651,3,0,233000125,233000781,69,20221023-203618
0,0,경기76아4652,3,33,233000125,277103902,53,20221023-203633
0,0,경기76아1122,3,43,233000125,233000718,30,20221023-203633
0,0,경기76아4651,3,0,233000125,233000781,69,20221023-203633
0,0,경기76아4652,3,33,233000125,277103902,53,20221023-203648
0,0,경기76아1122,3,43,233000125,233000718,30,20221023-203648
0,0,경기76아4651,3,0,233000125,233000781,69,20221023-203648
0,0,경기76아4652,3,33,233000125,277103902,53,20221023-203703
0,0,경기76아1122,3,43,233000125,233000842,31,20221023-203703
0,0,경기76아4651,3,0,233000125,233000849,70,20221023-203703
0,0,경기76아4652,3,33,233000125,277103902,53,20221023-203718
0,0,경기76아1122,3,43,233000125,233000842,31,20221023-203718
0,0,경기76아4651,3,0,233000125,233000849,70,20221023-203718
0,0,경기76아4652,3,33,233000125,277103902,53,20221023-203733
0,0,경기76아1122,3,43,233000125,233000842,31,20221023-203733
0,0,경기76아4651,3,0,233000125,233000848,71,20221023-203733
0,0,경기76아4652,3,33,233000125,277103902,53,20221023-203748
0,0,경기76아1122,3,43,233000125,233002149,32,20221023-203748
0,0,경기76아4651,3,0,233000125,233000848,71,20221023-203748
0,0,경기76아4652,3,33,233000125,277103902,53,20221023-203803
0,0,경기76아1122,3,43,233000125,233002149,32,20221023-203803
0,0,경기76아4651,3,0,233000125,233000848,71,20221023-203803
0,0,경기76아1122,3,43,233000125,233002149,32,20221023-203818
0,0,경기76아4652,3,45,233000125,121001315,54,20221023-203818
0,0,경기76아4651,3,0,233000125,233000847,72,20221023-203818
0,0,경기76아4652,3,45,233000125,121001315,54,20221023-203833
0,0,경기76아1122,3,43,233000125,233000717,33,20221023-203833
0,0,경기76아4651,3,0,233000125,233000847,72,20221023-203833
0,0,경기76아4652,3,45,233000125,121001315,54,20221023-203848
0,0,경기76아1122,3,43,233000125,233000717,33,20221023-203848
0,0,경기76아4651,3,0,233000125,233002174,73,20221023-203848
0,0,경기76아4652,3,45,233000125,121001315,54,20221023-203903
0,0,경기76아1122,3,43,233000125,233000716,34,20221023-203903
0,0,경기76아4651,3,0,233000125,233002174,73,20221023-203903
0,0,경기76아4652,3,45,233000125,121001315,54,20221023-203918
0,0,경기76아1122,3,43,233000125,233000059,35,20221023-203918
0,0,경기76아4651,3,0,233000125,233002174,73,20221023-203918
0,0,경기76아4652,3,45,233000125,121001315,54,20221023-203933
0,0,경기76아1122,3,43,233000125,233000891,36,20221023-203933
0,0,경기76아4651,3,0,233000125,233002174,73,20221023-203933
0,0,경기76아4652,3,45,233000125,121001315,54,20221023-203948
0,0,경기76아1122,3,43,233000125,233000891,36,20221023-203948
0,0,경기76아4651,3,0,233000125,233002174,73,20221023-203948
0,0,경기76아4652,3,45,233000125,121001315,54,20221023-204005
0,0,경기76아1122,3,43,233000125,233000891,36,20221023-204005
0,0,경기76아4651,3,0,233000125,233002174,73,20221023-204005
0,0,경기76아4652,3,45,233000125,277101688,55,20221023-204018
0,0,경기76아1122,3,43,233000125,233000891,36,20221023-204018
0,0,경기76아4651,3,1,233000125,233002174,73,20221023-204018
0,0,경기76아4652,3,45,233000125,277101688,55,20221023-204034
0,0,경기76아1122,3,43,233000125,233000891,36,20221023-204034
0,0,경기76아4651,3,1,233000125,233000055,74,20221023-204034
0,0,경기76아4652,3,45,233000125,277101688,55,20221023-204048
0,0,경기76아1122,3,43,233000125,233000891,36,20221023-204048
0,0,경기76아1123,3,49,233000125,233002226,1,20221023-204048
0,0,경기76아4651,3,1,233000125,233000055,74,20221023-204048
0,0,경기76아4652,3,45,233000125,277101688,55,20221023-204103
0,0,경기76아1122,3,43,233000125,233000715,37,20221023-204103
0,0,경기76아1123,3,49,233000125,233002226,1,20221023-204103
0,0,경기76아4651,3,1,233000125,233000846,75,20221023-204103
0,0,경기76아4652,3,45,233000125,277101688,55,20221023-204118
0,0,경기76아1122,3,43,233000125,233000715,37,20221023-204118
0,0,경기76아1123,3,49,233000125,233002226,1,20221023-204118
0,0,경기76아4651,3,1,233000125,233000845,76,20221023-204118
0,0,경기76아4652,3,45,233000125,277101688,55,20221023-204133
0,0,경기76아1122,3,43,233000125,233000715,37,20221023-204133
0,0,경기76아4651,3,1,233000125,233000845,76,20221023-204133
0,0,경기76아1123,3,49,233000125,277102459,2,20221023-204133
0,0,경기76아4652,3,45,233000125,277101688,55,20221023-204148
0,0,경기76아1122,3,43,233000125,233000715,37,20221023-204148
0,0,경기76아1123,3,49,233000125,277102459,2,20221023-204148
0,0,경기76아4651,3,1,233000125,233002150,77,20221023-204148
0,0,경기76아4652,3,45,233000125,277101688,55,20221023-204203
0,0,경기76아1122,3,43,233000125,233000714,38,20221023-204203
0,0,경기76아1123,3,49,233000125,277102459,2,20221023-204203
0,0,경기76아4651,3,1,233000125,233002150,77,20221023-204203
0,0,경기76아4652,3,45,233000125,277101688,55,20221023-204218
0,0,경기76아1122,3,43,233000125,233000713,39,20221023-204218
0,0,경기76아1123,3,49,233000125,277102459,2,20221023-204218
0,0,경기76아4651,3,3,233000125,233002150,77,20221023-204218
0,0,경기76아4652,3,45,233000125,277101688,55,20221023-204233
0,0,경기76아1122,3,43,233000125,233000713,39,20221023-204233
0,0,경기76아4651,3,3,233000125,233002150,77,20221023-204233
0,0,경기76아1123,3,49,233000125,277102459,2,20221023-204233
0,0,경기76아4652,3,45,233000125,277101688,55,20221023-204248
0,0,경기76아1122,3,43,233000125,233000713,39,20221023-204248
0,0,경기76아4651,3,3,233000125,233002150,77,20221023-204248
0,0,경기76아1123,3,49,233000125,233002221,3,20221023-204248
0,0,경기76아4652,3,45,233000125,277101688,55,20221023-204303
0,0,경기76아1122,3,43,233000125,233000713,39,20221023-204303
0,0,경기76아1123,3,49,233000125,233002221,3,20221023-204303
0,0,경기76아4651,3,3,233000125,233000844,78,20221023-204303
0,0,경기76아4652,3,45,233000125,277101688,55,20221023-204318
0,0,경기76아1122,3,43,233000125,233000712,40,20221023-204318
0,0,경기76아4651,3,3,233000125,233000844,78,20221023-204318
0,0,경기76아1123,3,48,233000125,233002221,3,20221023-204318
0,0,경기76아4652,3,45,233000125,277101688,55,20221023-204333
0,0,경기76아1122,3,43,233000125,233000712,40,20221023-204333
0,0,경기76아4651,3,3,233000125,233000844,78,20221023-204333
0,0,경기76아1123,3,48,233000125,233002221,3,20221023-204333
0,0,경기76아4652,3,45,233000125,277101688,55,20221023-204348
0,0,경기76아1122,3,43,233000125,233000712,40,20221023-204348
0,0,경기76아4651,3,3,233000125,233000844,78,20221023-204348
0,0,경기76아1123,3,48,233000125,233002221,3,20221023-204348
0,0,경기76아4652,3,45,233000125,119900083,56,20221023-204403
0,0,경기76아1122,3,43,233000125,233000712,40,20221023-204403
0,0,경기76아4651,3,3,233000125,233000844,78,20221023-204403
0,0,경기76아1123,3,48,233000125,233002221,3,20221023-204403
0,0,경기76아4652,3,45,233000125,119900083,56,20221023-204418
0,0,경기76아1122,3,43,233000125,233000712,40,20221023-204418
0,0,경기76아4651,3,3,233000125,233000844,78,20221023-204418
0,0,경기76아1123,3,48,233000125,233002224,4,20221023-204418
0,0,경기76아4652,3,45,233000125,119900083,56,20221023-204433
0,0,경기76아1122,3,43,233000125,233000712,40,20221023-204433
0,0,경기76아1123,3,48,233000125,233002224,4,20221023-204433
0,0,경기76아4651,3,0,233000125,233000844,78,20221023-204433
0,0,경기76아4652,3,45,233000125,119900083,56,20221023-204448
0,0,경기76아1122,3,43,233000125,233000712,40,20221023-204448
0,0,경기76아1123,3,48,233000125,233002224,4,20221023-204448
0,0,경기76아4651,3,0,233000125,233000844,78,20221023-204448
0,0,경기76아4652,3,45,233000125,119900083,56,20221023-204503
0,0,경기76아1122,3,43,233000125,233000712,40,20221023-204503
0,0,경기76아4651,3,0,233000125,233000844,78,20221023-204503
0,0,경기76아1123,3,48,233000125,233002225,5,20221023-204503
0,0,경기76아4652,3,45,233000125,119900083,56,20221023-204518
0,0,경기76아1122,3,43,233000125,233000712,40,20221023-204518
0,0,경기76아4651,3,0,233000125,233000844,78,20221023-204518
0,0,경기76아1123,3,48,233000125,233002225,5,20221023-204518
0,0,경기76아4652,3,45,233000125,119900083,56,20221023-204533
0,0,경기76아1122,3,43,233000125,233000712,40,20221023-204533
0,0,경기76아4651,3,0,233000125,233000843,79,20221023-204533
0,0,경기76아1123,3,48,233000125,233002225,5,20221023-204533
0,0,경기76아4652,3,45,233000125,119900083,56,20221023-204548
0,0,경기76아1122,3,43,233000125,233000712,40,20221023-204548
0,0,경기76아1123,3,48,233000125,233002225,5,20221023-204548
0,0,경기76아4651,3,0,233000125,233000843,79,20221023-204548
0,0,경기76아4652,3,45,233000125,119900083,56,20221023-204603
0,0,경기76아1122,3,43,233000125,233000712,40,20221023-204603
0,0,경기76아1123,3,48,233000125,233002225,5,20221023-204603
0,0,경기76아4651,3,0,233000125,233000843,79,20221023-204603
0,0,경기76아4652,3,45,233000125,119900083,56,20221023-204618
0,0,경기76아1122,3,43,233000125,233000712,40,20221023-204618
0,0,경기76아4651,3,0,233000125,233000780,80,20221023-204618
0,0,경기76아1123,3,48,233000125,233002295,6,20221023-204618
0,0,경기76아4652,3,45,233000125,119900083,56,20221023-204633
0,0,경기76아1122,3,43,233000125,233000712,40,20221023-204633
0,0,경기76아1123,3,48,233000125,233002295,6,20221023-204633
0,0,경기76아4651,3,0,233000125,233000780,80,20221023-204633
0,0,경기76아4652,3,45,233000125,119900083,56,20221023-204648
0,0,경기76아1122,3,43,233000125,277103520,41,20221023-204648
0,0,경기76아4651,3,0,233000125,233000780,80,20221023-204648
0,0,경기76아1123,3,48,233000125,233002295,6,20221023-204648
0,0,경기76아4652,3,45,233000125,119900083,56,20221023-204703
0,0,경기76아1122,3,-1,233000125,277103520,41,20221023-204703
0,0,경기76아1123,3,48,233000125,233002295,6,20221023-204703
0,0,경기76아4651,3,0,233000125,233000780,80,20221023-204703
0,0,경기76아4652,3,45,233000125,119900083,56,20221023-204718
0,0,경기76아1122,3,-1,233000125,277103520,41,20221023-204718
0,0,경기76아1123,3,48,233000125,233002295,6,20221023-204718
0,0,경기76아4651,3,0,233000125,233000779,81,20221023-204718
0,0,경기76아4652,3,45,233000125,119900083,56,20221023-204733
0,0,경기76아1122,3,-1,233000125,277103520,41,20221023-204733
0,0,경기76아1123,3,48,233000125,233002295,6,20221023-204733
0,0,경기76아4651,3,0,233000125,233000779,81,20221023-204733
0,0,경기76아1122,3,-1,233000125,277103520,41,20221023-204748
0,0,경기76아4652,3,11,233000125,119900083,56,20221023-204748
0,0,경기76아1123,3,48,233000125,233002295,6,20221023-204748
0,0,경기76아4651,3,0,233000125,233000779,81,20221023-204748
0,0,경기76아1122,3,-1,233000125,277103520,41,20221023-204803
0,0,경기76아4652,3,11,233000125,119900083,56,20221023-204803
0,0,경기76아1123,3,48,233000125,233002295,6,20221023-204803
0,0,경기76아4651,3,0,233000125,233000779,81,20221023-204803
0,0,경기76아4652,3,11,233000125,119900083,56,20221023-204818
0,0,경기76아1122,3,43,233000125,277103520,41,20221023-204818
0,0,경기76아4651,3,0,233000125,233000779,81,20221023-204818
0,0,경기76아1123,3,47,233000125,233002295,6,20221023-204818
0,0,경기76아4652,3,11,233000125,119900083,56,20221023-204833
0,0,경기76아1122,3,43,233000125,277103520,41,20221023-204833
0,0,경기76아4651,3,0,233000125,233000779,81,20221023-204833
0,0,경기76아1123,3,47,233000125,233001041,7,20221023-204833
0,0,경기76아4652,3,11,233000125,119900083,56,20221023-204848
0,0,경기76아1122,3,43,233000125,277103520,41,20221023-204848
0,0,경기76아4651,3,0,233000125,233000779,81,20221023-204848
0,0,경기76아1123,3,47,233000125,233001041,7,20221023-204848
0,0,경기76아4652,3,11,233000125,119900083,56,20221023-204903
0,0,경기76아1122,3,43,233000125,277103520,41,20221023-204903
0,0,경기76아4651,3,0,233000125,233000779,81,20221023-204903
0,0,경기76아1123,3,47,233000125,233002131,8,20221023-204903
0,0,경기76아4652,3,11,233000125,119900083,56,20221023-204918
0,0,경기76아1122,3,43,233000125,277103520,41,20221023-204918
0,0,경기76아4651,3,0,233000125,233000779,81,20221023-204918
0,0,경기76아1123,3,47,233000125,233002131,8,20221023-204918
0,0,경기76아4652,3,11,233000125,119900083,56,20221023-204934
0,0,경기76아1122,3,43,233000125,277103528,42,20221023-204934
0,0,경기76아4651,3,0,233000125,233000779,81,20221023-204934
0,0,경기76아1123,3,47,233000125,233002131,8,20221023-204934
0,0,경기76아4652,3,11,233000125,119900083,56,20221023-204948
0,0,경기76아1122,3,43,233000125,277103528,42,20221023-204948
0,0,경기76아4651,3,0,233000125,233000779,81,20221023-204948
0,0,경기76아1123,3,47,233000125,233000148,9,20221023-204948
0,0,경기76아4652,3,11,233000125,119900083,56,20221023-205003
0,0,경기76아1122,3,43,233000125,277103528,42,20221023-205003
0,0,경기76아1123,3,47,233000125,233000148,9,20221023-205003
0,0,경기76아4651,3,0,233000125,233000779,81,20221023-205003
0,0,경기76아4652,3,11,233000125,119900083,56,20221023-205018
0,0,경기76아1122,3,43,233000125,277103528,42,20221023-205018
0,0,경기76아1123,3,47,233000125,233000148,9,20221023-205018
0,0,경기76아4651,3,0,233000125,233000779,81,20221023-205018
0,0,경기76아4652,3,11,233000125,119900083,56,20221023-205033
0,0,경기76아1122,3,43,233000125,277103317,43,20221023-205033
0,0,경기76아1123,3,47,233000125,233000191,10,20221023-205033
0,0,경기76아4651,3,0,233000125,233000778,82,20221023-205033
0,0,경기76아1122,3,43,233000125,277103317,43,20221023-205049
0,0,경기76아4652,3,11,233000125,277103902,53,20221023-205049
0,0,경기76아4651,3,0,233000125,233000778,82,20221023-205049
0,0,경기76아1123,3,47,233000125,233000190,11,20221023-205049
0,0,경기76아1122,3,43,233000125,277103317,43,20221023-205103
0,0,경기76아4652,3,11,233000125,277102049,57,20221023-205103
0,0,경기76아4651,3,0,233000125,233000778,82,20221023-205103
0,0,경기76아1123,3,47,233000125,233000190,11,20221023-205103
0,0,경기76아1122,3,43,233000125,277103317,43,20221023-205118
0,0,경기76아4652,3,11,233000125,277102049,57,20221023-205118
0,0,경기76아1123,3,47,233000125,233000190,11,20221023-205118
0,0,경기76아4651,3,0,233000125,233000778,82,20221023-205118
0,0,경기76아1122,3,43,233000125,277103317,43,20221023-205133
0,0,경기76아4652,3,11,233000125,277102049,57,20221023-205133
0,0,경기76아4651,3,0,233000125,233000778,82,20221023-205133
0,0,경기76아1123,3,45,233000125,233000190,11,20221023-205133
0,0,경기76아1122,3,43,233000125,277103317,43,20221023-205149
0,0,경기76아4652,3,11,233000125,277102049,57,20221023-205149
0,0,경기76아4651,3,0,233000125,233000778,82,20221023-205149
0,0,경기76아1123,3,45,233000125,233000189,12,20221023-205149
0,0,경기76아1122,3,43,233000125,277103317,43,20221023-205203
0,0,경기76아4652,3,11,233000125,277102049,57,20221023-205203
0,0,경기76아1123,3,45,233000125,233000189,12,20221023-205203
0,0,경기76아4651,3,0,233000125,233000777,83,20221023-205203
0,0,경기76아1122,3,43,233000125,277103317,43,20221023-205218
0,0,경기76아4652,3,11,233000125,277102049,57,20221023-205218
0,0,경기76아1123,3,44,233000125,233000189,12,20221023-205218
0,0,경기76아4651,3,0,233000125,233000776,84,20221023-205218
0,0,경기76아1122,3,43,233000125,277103317,43,20221023-205233
0,0,경기76아4652,3,11,233000125,277102291,58,20221023-205233
0,0,경기76아4651,3,0,233000125,233000776,84,20221023-205233
0,0,경기76아1123,3,44,233000125,233001943,13,20221023-205233
0,0,경기76아1122,3,43,233000125,277103317,43,20221023-205248
0,0,경기76아4652,3,11,233000125,277102291,58,20221023-205248
0,0,경기76아1123,3,44,233000125,233001943,13,20221023-205248
0,0,경기76아4651,3,0,233000125,233000774,85,20221023-205248
0,0,경기76아4652,3,11,233000125,277102291,58,20221023-205303
0,0,경기76아1122,3,43,233000125,277103317,43,20221023-205303
0,0,경기76아1123,3,44,233000125,233001943,13,20221023-205303
0,0,경기76아4651,3,0,233000125,233000774,85,20221023-205303
0,0,경기76아4652,3,11,233000125,277102291,58,20221023-205318
0,0,경기76아1122,3,43,233000125,277103315,44,20221023-205318
0,0,경기76아1123,3,44,233000125,233001943,13,20221023-205318
0,0,경기76아4651,3,0,233000125,233000774,85,20221023-205318
0,0,경기76아4652,3,11,233000125,277102291,58,20221023-205333
0,0,경기76아1122,3,43,233000125,277103315,44,20221023-205333
0,0,경기76아1123,3,44,233000125,233001943,13,20221023-205333
0,0,경기76아4651,3,0,233000125,233000774,85,20221023-205333
0,0,경기76아1122,3,43,233000125,277103315,44,20221023-205348
0,0,경기76아4652,3,11,233000125,277102291,58,20221023-205348
0,0,경기76아1123,3,44,233000125,233001943,13,20221023-205348
0,0,경기76아4651,3,0,233000125,233000774,85,20221023-205348
0,0,경기76아4652,3,11,233000125,277102291,58,20221023-205403
0,0,경기76아1122,3,43,233000125,277103315,44,20221023-205403
0,0,경기76아1123,3,44,233000125,233001943,13,20221023-205403
0,0,경기76아4651,3,0,233000125,233000774,85,20221023-205403
0,0,경기76아4652,3,11,233000125,277102291,58,20221023-205418
0,0,경기76아1122,3,43,233000125,277103315,44,20221023-205418
0,0,경기76아1123,3,44,233000125,233001943,13,20221023-205418
0,0,경기76아4651,3,0,233000125,233000774,85,20221023-205418
0,0,경기76아4652,3,11,233000125,277102291,58,20221023-205433
0,0,경기76아1122,3,43,233000125,277103315,44,20221023-205433
0,0,경기76아1123,3,44,233000125,233001943,13,20221023-205433
0,0,경기76아4651,3,0,233000125,233000773,86,20221023-205433
0,0,경기76아4652,3,11,233000125,277102291,58,20221023-205448
0,0,경기76아1122,3,43,233000125,277103315,44,20221023-205448
0,0,경기76아4651,3,0,233000125,233000773,86,20221023-205448
0,0,경기76아1123,3,44,233000125,233000188,14,20221023-205448
0,0,경기76아1122,3,43,233000125,277103315,44,20221023-205503
0,0,경기76아4652,3,11,233000125,277102291,58,20221023-205503
0,0,경기76아4651,3,0,233000125,233000773,86,20221023-205503
0,0,경기76아1123,3,44,233000125,233001318,15,20221023-205503
0,0,경기76아1122,3,43,233000125,277103315,44,20221023-205518
0,0,경기76아4652,3,11,233000125,277102291,58,20221023-205518
0,0,경기76아1123,3,44,233000125,233001318,15,20221023-205518
0,0,경기76아4651,3,0,233000125,233003082,87,20221023-205518
0,0,경기76아4652,3,11,233000125,277102291,58,20221023-205533
0,0,경기76아1122,3,43,233000125,226000039,45,20221023-205533
0,0,경기76아1123,3,44,233000125,233001318,15,20221023-205533
0,0,경기76아4651,3,0,233000125,233003082,87,20221023-205533
0,0,경기76아4652,3,11,233000125,277102291,58,20221023-205548
0,0,경기76아1122,3,44,233000125,226000039,45,20221023-205548
0,0,경기76아1123,3,44,233000125,233001318,15,20221023-205548
0,0,경기76아4651,3,0,233000125,233003082,87,20221023-205548
0,0,경기76아4652,3,11,233000125,277102291,58,20221023-205603
0,0,경기76아1122,3,44,233000125,226000039,45,20221023-205603
0,0,경기76아1123,3,44,233000125,233001318,15,20221023-205603
0,0,경기76아4651,3,0,233000125,233003082,87,20221023-205603
0,0,경기76아4652,3,11,233000125,277102291,58,20221023-205618
0,0,경기76아1122,3,44,233000125,226000039,45,20221023-205618
0,0,경기76아1123,3,44,233000125,233001318,15,20221023-205618
0,0,경기76아4651,3,0,233000125,233003082,87,20221023-205618
0,0,경기76아1122,3,44,233000125,226000039,45,20221023-205633
0,0,경기76아4652,3,11,233000125,277102291,58,20221023-205633
0,0,경기76아1123,3,44,233000125,233001318,15,20221023-205633
0,0,경기76아4651,3,0,233000125,233003082,87,20221023-205633
0,0,경기76아1122,3,44,233000125,226000039,45,20221023-205648
0,0,경기76아4652,3,11,233000125,277102291,58,20221023-205648
0,0,경기76아1123,3,44,233000125,233001318,15,20221023-205648
0,0,경기76아4651,3,0,233000125,233003082,87,20221023-205648
0,0,경기76아4652,3,11,233000125,277102291,58,20221023-205703
0,0,경기76아1122,3,44,233000125,226000039,45,20221023-205703
0,0,경기76아1123,3,44,233000125,233001318,15,20221023-205703
0,0,경기76아4651,3,0,233000125,233003082,87,20221023-205703
0,0,경기76아1122,3,44,233000125,226000039,45,20221023-205718
0,0,경기76아4652,3,11,233000125,277102291,58,20221023-205718
0,0,경기76아4651,3,0,233000125,233003082,87,20221023-205718
0,0,경기76아1123,3,44,233000125,233001318,15,20221023-205718
0,0,경기76아4652,3,11,233000125,277103204,59,20221023-205733
0,0,경기76아1122,3,44,233000125,277103221,46,20221023-205733
0,0,경기76아1123,3,44,233000125,233001318,15,20221023-205733
0,0,경기76아4651,3,0,233000125,233000772,88,20221023-205733
0,0,경기76아1122,3,44,233000125,277103221,46,20221023-205748
0,0,경기76아4652,3,11,233000125,277103204,59,20221023-205748
0,0,경기76아1123,3,44,233000125,233001318,15,20221023-205748
0,0,경기76아4651,3,0,233000125,233000772,88,20221023-205748
0,0,경기76아1122,3,44,233000125,277103221,46,20221023-205803
0,0,경기76아4652,3,11,233000125,277103204,59,20221023-205803
0,0,경기76아4651,3,0,233000125,233000772,88,20221023-205803
0,0,경기76아1123,3,45,233000125,233000730,16,20221023-205803
0,0,경기76아1122,3,44,233000125,277103221,46,20221023-205818
0,0,경기76아4652,3,11,233000125,277103204,59,20221023-205818
0,0,경기76아4651,3,0,233000125,233000772,88,20221023-205818
0,0,경기76아1123,3,45,233000125,233000730,16,20221023-205818
0,0,경기76아4652,3,11,233000125,277103204,59,20221023-205833
0,0,경기76아1122,3,44,233000125,277103221,46,20221023-205833
0,0,경기76아1123,3,45,233000125,233000730,16,20221023-205833
0,0,경기76아4651,3,0,233000125,233000772,88,20221023-205833
0,0,경기76아4652,3,11,233000125,277103204,59,20221023-205848
0,0,경기76아1122,3,44,233000125,277103221,46,20221023-205848
0,0,경기76아1123,3,45,233000125,233000730,16,20221023-205848
0,0,경기76아4651,3,0,233000125,233000771,89,20221023-205848
0,0,경기76아4652,3,11,233000125,277103204,59,20221023-205903
0,0,경기76아1122,3,44,233000125,277103221,46,20221023-205903
0,0,경기76아1123,3,43,233000125,233000730,16,20221023-205903
0,0,경기76아4651,3,0,233000125,233000771,89,20221023-205903
0,0,경기76아4652,3,11,233000125,277103204,59,20221023-205918
0,0,경기76아1122,3,44,233000125,277103221,46,20221023-205918
0,0,경기76아1123,3,43,233000125,233000730,16,20221023-205918
0,0,경기76아4651,3,0,233000125,233000770,90,20221023-205918
0,0,경기76아1122,3,44,233000125,277103221,46,20221023-205933
0,0,경기76아4652,3,11,233000125,277103202,60,20221023-205933
0,0,경기76아4651,3,0,233000125,233000770,90,20221023-205933
0,0,경기76아1123,3,43,233000125,233000729,17,20221023-205933
0,0,경기76아1122,3,44,233000125,277103221,46,20221023-205948
0,0,경기76아4652,3,11,233000125,277103202,60,20221023-205948
0,0,경기76아4651,3,0,233000125,233000770,90,20221023-205948
0,0,경기76아1123,3,43,233000125,233000729,17,20221023-205948
0,0,경기76아1122,3,44,233000125,277103221,46,20221023-210003
0,0,경기76아4652,3,11,233000125,277103202,60,20221023-210003
0,0,경기76아1123,3,43,233000125,233000729,17,20221023-210003
0,0,경기76아4651,3,0,233000125,233000770,90,20221023-210003
0,0,경기76아1122,3,44,233000125,277103221,46,20221023-210018
0,0,경기76아4652,3,11,233000125,277103202,60,20221023-210018
0,0,경기76아1123,3,43,233000125,233000729,17,20221023-210018
0,0,경기76아4651,3,0,233000125,233000770,90,20221023-210018
0,0,경기76아1122,3,44,233000125,277103159,47,20221023-210033
0,0,경기76아4652,3,11,233000125,277103202,60,20221023-210033
0,0,경기76아1123,3,43,233000125,233000729,17,20221023-210033
0,0,경기76아4651,3,0,233000125,233000770,90,20221023-210033
0,0,경기76아4652,3,11,233000125,277103202,60,20221023-210048
0,0,경기76아1122,3,44,233000125,277103159,47,20221023-210048
0,0,경기76아1123,3,43,233000125,233000729,17,20221023-210048
0,0,경기76아4651,3,0,233000125,233000770,90,20221023-210048
0,0,경기76아4652,3,11,233000125,277103202,60,20221023-210103
0,0,경기76아1122,3,44,233000125,277103159,47,20221023-210103
0,0,경기76아1123,3,43,233000125,233000729,17,20221023-210103
0,0,경기76아4651,3,0,233000125,233000770,90,20221023-210103
0,0,경기76아1122,3,44,233000125,277103159,47,20221023-210118
0,0,경기76아4652,3,11,233000125,277103201,61,20221023-210118
0,0,경기76아1123,3,43,233000125,233000729,17,20221023-210118
0,0,경기76아4651,3,0,233000125,233000769,91,20221023-210118
0,0,경기76아4652,3,11,233000125,277103201,61,20221023-210133
0,0,경기76아1122,3,44,233000125,277103200,48,20221023-210133
0,0,경기76아1123,3,43,233000125,233000729,17,20221023-210133
0,0,경기76아4651,3,0,233000125,233000769,91,20221023-210133
0,0,경기76아4652,3,11,233000125,277103201,61,20221023-210148
0,0,경기76아1122,3,44,233000125,277103200,48,20221023-210148
0,0,경기76아1123,3,43,233000125,233000729,17,20221023-210148
0,0,경기76아4651,3,0,233000125,233000769,91,20221023-210148
0,0,경기76아4652,3,11,233000125,277103201,61,20221023-210203
0,0,경기76아1122,3,44,233000125,277103200,48,20221023-210203
0,0,경기76아1123,3,43,233000125,233000729,17,20221023-210203
0,0,경기76아4651,3,0,233000125,233000769,91,20221023-210203
0,0,경기76아4652,3,11,233000125,277103201,61,20221023-210218
0,0,경기76아1122,3,44,233000125,277103200,48,20221023-210218
0,0,경기76아4651,3,0,233000125,233000768,92,20221023-210218
0,0,경기76아1123,3,43,233000125,233000728,18,20221023-210218
0,0,경기76아4652,3,11,233000125,277103201,61,20221023-210233
0,0,경기76아1122,3,44,233000125,277103200,48,20221023-210233
0,0,경기76아4651,3,0,233000125,233000768,92,20221023-210233
0,0,경기76아1123,3,43,233000125,233000728,18,20221023-210233
0,0,경기76아1122,3,44,233000125,277103200,48,20221023-210248
0,0,경기76아4652,3,11,233000125,277103201,61,20221023-210248
0,0,경기76아4651,3,0,233000125,233000768,92,20221023-210248
0,0,경기76아1123,3,43,233000125,233001404,19,20221023-210248
0,0,경기76아1122,3,44,233000125,277103200,48,20221023-210304
0,0,경기76아4652,3,11,233000125,277103201,61,20221023-210304
0,0,경기76아4651,3,0,233000125,233000768,92,20221023-210304
0,0,경기76아1123,3,43,233000125,233000727,20,20221023-210304
0,0,경기76아4652,3,11,233000125,277103201,61,20221023-210319
0,0,경기76아1122,3,44,233000125,277103200,48,20221023-210319
0,0,경기76아4651,3,0,233000125,233000768,92,20221023-210319
0,0,경기76아1123,3,43,233000125,233000727,20,20221023-210319
0,0,경기76아4652,3,11,233000125,277103201,61,20221023-210334
0,0,경기76아1122,3,44,233000125,277103200,48,20221023-210334
0,0,경기76아1123,3,43,233000125,233000727,20,20221023-210334
0,0,경기76아4651,3,9,233000125,233000768,92,20221023-210334
0,0,경기76아4652,3,11,233000125,277103201,61,20221023-210349
0,0,경기76아1122,3,44,233000125,277103203,49,20221023-210349
0,0,경기76아1123,3,43,233000125,233000727,20,20221023-210349
0,0,경기76아4651,3,9,233000125,233000768,92,20221023-210349
0,0,경기76아4652,3,11,233000125,277103201,61,20221023-210403
0,0,경기76아1122,3,44,233000125,277103203,49,20221023-210403
0,0,경기76아4651,3,9,233000125,233000768,92,20221023-210403
0,0,경기76아1123,3,43,233000125,233000726,21,20221023-210403
0,0,경기76아4652,3,11,233000125,277103158,62,20221023-210418
0,0,경기76아1122,3,44,233000125,277103203,49,20221023-210418
0,0,경기76아4651,3,9,233000125,233000768,92,20221023-210418
0,0,경기76아1123,3,43,233000125,233000726,21,20221023-210418
0,0,경기76아1122,3,44,233000125,277103203,49,20221023-210433
0,0,경기76아4652,3,11,233000125,277103158,62,20221023-210433
0,0,경기76아4651,3,9,233000125,233000768,92,20221023-210433
0,0,경기76아1123,3,43,233000125,233000726,21,20221023-210433
0,0,경기76아1122,3,44,233000125,277103203,49,20221023-210448
0,0,경기76아4652,3,11,233000125,277103158,62,20221023-210448
0,0,경기76아4651,3,9,233000125,233000768,92,20221023-210448
0,0,경기76아1123,3,43,233000125,233000726,21,20221023-210448
0,0,경기76아1122,3,44,233000125,277103203,49,20221023-210504
0,0,경기76아4652,3,11,233000125,277103158,62,20221023-210504
0,0,경기76아4651,3,9,233000125,233000768,92,20221023-210504
0,0,경기76아1123,3,43,233000125,233000726,21,20221023-210504
0,0,경기76아4652,3,11,233000125,277103158,62,20221023-210518
0,0,경기76아1122,3,44,233000125,277103203,49,20221023-210518
0,0,경기76아4651,3,9,233000125,233000768,92,20221023-210518
0,0,경기76아1123,3,43,233000125,233000726,21,20221023-210518
0,0,경기76아4652,3,11,233000125,277103158,62,20221023-210533
0,0,경기76아1122,3,44,233000125,277103203,49,20221023-210533
0,0,경기76아1123,3,43,233000125,233000726,21,20221023-210533
0,0,경기76아4651,3,9,233000125,233000768,92,20221023-210533
0,0,경기76아4652,3,11,233000125,277103220,63,20221023-210548
0,0,경기76아1122,3,44,233000125,277103205,50,20221023-210548
0,0,경기76아1123,3,43,233000125,233000726,21,20221023-210548
0,0,경기76아4651,3,9,233000125,233000768,92,20221023-210548
0,0,경기76아4652,3,11,233000125,277103220,63,20221023-210603
0,0,경기76아1122,3,44,233000125,277103205,50,20221023-210603
0,0,경기76아1123,3,43,233000125,233000726,21,20221023-210603
0,0,경기76아4651,3,9,233000125,233001749,93,20221023-210603
0,0,경기76아4652,3,11,233000125,277103220,63,20221023-210618
0,0,경기76아1122,3,44,233000125,277103205,50,20221023-210618
0,0,경기76아1123,3,43,233000125,233000726,21,20221023-210618
0,0,경기76아4651,3,9,233000125,233001749,93,20221023-210618
0,0,경기76아1122,3,44,233000125,277103205,50,20221023-210633
0,0,경기76아4652,3,11,233000125,277103220,63,20221023-210633
0,0,경기76아4651,3,11,233000125,233001749,93,20221023-210633
0,0,경기76아1123,3,43,233000125,233000725,22,20221023-210633
0,0,경기76아1122,3,44,233000125,277103205,50,20221023-210648
0,0,경기76아4652,3,11,233000125,277103220,63,20221023-210648
0,0,경기76아1123,3,43,233000125,233000725,22,20221023-210648
0,0,경기76아4651,3,11,233000125,233001749,93,20221023-210648
0,0,경기76아4652,3,11,233000125,277103220,63,20221023-210703
0,0,경기76아1122,3,44,233000125,277103205,50,20221023-210703
0,0,경기76아4651,3,11,233000125,233002159,94,20221023-210703
0,0,경기76아1123,3,-1,233000125,233002118,23,20221023-210703
0,0,경기76아1122,3,44,233000125,277103205,50,20221023-210718
0,0,경기76아4652,3,11,233000125,277103220,63,20221023-210718
0,0,경기76아4651,3,11,233000125,233002159,94,20221023-210718
0,0,경기76아1123,3,43,233000125,233002118,23,20221023-210718
0,0,경기76아1122,3,44,233000125,277103205,50,20221023-210733
0,0,경기76아4652,3,11,233000125,277103220,63,20221023-210733
0,0,경기76아1123,3,43,233000125,233002118,23,20221023-210733
0,0,경기76아4651,3,19,233000125,233002159,94,20221023-210733
0,0,경기76아1122,3,44,233000125,277103205,50,20221023-210748
0,0,경기76아4652,3,11,233000125,226000038,64,20221023-210748
0,0,경기76아4651,3,19,233000125,233002159,94,20221023-210748
0,0,경기76아1123,3,43,233000125,233002118,23,20221023-210748
0,0,경기76아1122,3,44,233000125,277103205,50,20221023-210803
0,0,경기76아4652,3,11,233000125,226000038,64,20221023-210803
0,0,경기76아4651,3,19,233000125,233002159,94,20221023-210803
0,0,경기76아1123,3,43,233000125,233002118,23,20221023-210803
0,0,경기76아1122,3,44,233000125,277103205,50,20221023-210818
0,0,경기76아4652,3,8,233000125,226000038,64,20221023-210818
0,0,경기76아4651,3,19,233000125,233002159,94,20221023-210818
0,0,경기76아1123,3,43,233000125,233000724,24,20221023-210818
0,0,경기76아1122,3,44,233000125,277103205,50,20221023-210833
0,0,경기76아4652,3,8,233000125,226000038,64,20221023-210833
0,0,경기76아4651,3,19,233000125,233002159,94,20221023-210833
0,0,경기76아1123,3,43,233000125,233000723,25,20221023-210833
0,0,경기76아4652,3,8,233000125,226000038,64,20221023-210848
0,0,경기76아1122,3,44,233000125,277103903,51,20221023-210848
0,0,경기76아1123,3,43,233000125,233000723,25,20221023-210848
0,0,경기76아4651,3,19,233000125,233002159,94,20221023-210848
0,0,경기76아1122,3,44,233000125,277103903,51,20221023-210903
0,0,경기76아4652,3,8,233000125,226000038,64,20221023-210903
0,0,경기76아4651,3,19,233000125,233001828,95,20221023-210903
0,0,경기76아1123,3,43,233000125,233000722,26,20221023-210903
0,0,경기76아4652,3,8,233000125,226000038,64,20221023-210918
0,0,경기76아1122,3,44,233000125,120000671,52,20221023-210918
0,0,경기76아4651,3,19,233000125,233001828,95,20221023-210918
0,0,경기76아1123,3,43,233000125,233000722,26,20221023-210918
0,0,경기76아4652,3,8,233000125,226000038,64,20221023-210933
0,0,경기76아1122,3,44,233000125,120000671,52,20221023-210933
0,0,경기76아4651,3,19,233000125,233001828,95,20221023-210933
0,0,경기76아1123,3,43,233000125,233000722,26,20221023-210933
0,0,경기76아4652,3,8,233000125,226000038,64,20221023-210948
0,0,경기76아1122,3,44,233000125,120000671,52,20221023-210948
0,0,경기76아1123,3,43,233000125,233000722,26,20221023-210948
0,0,경기76아4651,3,31,233000125,233001828,95,20221023-210948
0,0,경기76아4652,3,8,233000125,226000038,64,20221023-211003
0,0,경기76아1122,3,44,233000125,120000671,52,20221023-211003
0,0,경기76아4651,3,31,233000125,233001828,95,20221023-211003
0,0,경기76아1123,3,43,233000125,233000721,27,20221023-211003
0,0,경기76아1122,3,44,233000125,120000671,52,20221023-211018
0,0,경기76아4652,3,8,233000125,277103314,65,20221023-211018
0,0,경기76아4651,3,31,233000125,233001828,95,20221023-211018
0,0,경기76아1123,3,43,233000125,233000721,27,20221023-211018
0,0,경기76아1122,3,44,233000125,120000671,52,20221023-211033
0,0,경기76아4652,3,8,233000125,277103314,65,20221023-211033
0,0,경기76아4651,3,31,233000125,233001828,95,20221023-211033
0,0,경기76아1123,3,43,233000125,233000721,27,20221023-211033
0,0,경기76아4652,3,8,233000125,277103314,65,20221023-211048
0,0,경기76아1122,3,44,233000125,277103902,53,20221023-211048
0,0,경기76아4651,3,31,233000125,233001828,95,20221023-211048
0,0,경기76아1123,3,43,233000125,233000721,27,20221023-211048
0,0,경기76아4652,3,8,233000125,277103314,65,20221023-211103
0,0,경기76아1122,3,44,233000125,277103902,53,20221023-211103
0,0,경기76아4651,3,31,233000125,233001828,95,20221023-211103
0,0,경기76아1123,3,43,233000125,233000721,27,20221023-211103
0,0,경기76아4652,3,8,233000125,277103314,65,20221023-211118
0,0,경기76아1122,3,44,233000125,277103902,53,20221023-211118
0,0,경기76아1123,3,43,233000125,233000721,27,20221023-211118
0,0,경기76아4651,3,31,233000125,233001828,95,20221023-211118
0,0,경기76아4652,3,8,233000125,277103314,65,20221023-211133
0,0,경기76아1122,3,44,233000125,277103902,53,20221023-211133
0,0,경기76아1123,3,43,233000125,233000721,27,20221023-211133
0,0,경기76아4651,3,31,233000125,233001435,96,20221023-211133
0,0,경기76아4652,3,8,233000125,277103314,65,20221023-211149
0,0,경기76아1122,3,44,233000125,277103902,53,20221023-211149
0,0,경기76아4651,3,31,233000125,233001435,96,20221023-211149
0,0,경기76아1123,3,43,233000125,233000721,27,20221023-211149
0,0,경기76아4652,3,8,233000125,277103314,65,20221023-211203
0,0,경기76아1122,3,49,233000125,121001315,54,20221023-211203
0,0,경기76아1123,3,43,233000125,233000720,28,20221023-211203
0,0,경기76아4651,3,34,233000125,233001435,96,20221023-211203
0,0,경기76아4652,3,8,233000125,277103314,65,20221023-211218
0,0,경기76아1122,3,49,233000125,121001315,54,20221023-211218
0,0,경기76아4651,3,34,233000125,233001435,96,20221023-211218
0,0,경기76아1123,3,43,233000125,233000720,28,20221023-211218
0,0,경기76아1122,3,49,233000125,121001315,54,20221023-211233
0,0,경기76아4652,3,8,233000125,277103314,65,20221023-211233
0,0,경기76아1123,3,43,233000125,233000720,28,20221023-211233
0,0,경기76아4651,3,34,233000125,233000208,97,20221023-211233
0,0,경기76아1122,3,49,233000125,121001315,54,20221023-211248
0,0,경기76아4652,3,8,233000125,277103314,65,20221023-211248
0,0,경기76아1123,3,43,233000125,233000720,28,20221023-211248
0,0,경기76아4651,3,34,233000125,233001043,98,20221023-211248
0,0,경기76아4652,3,8,233000125,277103316,66,20221023-211303
0,0,경기76아1122,3,49,233000125,121001315,54,20221023-211303
0,0,경기76아4651,3,34,233000125,233001043,98,20221023-211303
0,0,경기76아1123,3,43,233000125,233000720,28,20221023-211303
0,0,경기76아4652,3,8,233000125,277103316,66,20221023-211318
0,0,경기76아1122,3,49,233000125,121001315,54,20221023-211318
0,0,경기76아1123,3,43,233000125,233000720,28,20221023-211318
0,0,경기76아4651,3,38,233000125,233001043,98,20221023-211318
0,0,경기76아4652,3,8,233000125,277103316,66,20221023-211333
0,0,경기76아1122,3,49,233000125,277101688,55,20221023-211333
0,0,경기76아4651,3,38,233000125,233001043,98,20221023-211333
0,0,경기76아1123,3,43,233000125,233000719,29,20221023-211333
0,0,경기76아4652,3,8,233000125,277103316,66,20221023-211349
0,0,경기76아1122,3,49,233000125,277101688,55,20221023-211349
0,0,경기76아4651,3,38,233000125,233001043,98,20221023-211349
0,0,경기76아1123,3,43,233000125,233000719,29,20221023-211349
0,0,경기76아1122,3,49,233000125,277101688,55,20221023-211403
0,0,경기76아4652,3,8,233000125,277103527,67,20221023-211403
0,0,경기76아4651,3,38,233000125,233001043,98,20221023-211403
0,0,경기76아1123,3,43,233000125,233000719,29,20221023-211403
0,0,경기76아1122,3,49,233000125,277101688,55,20221023-211418
0,0,경기76아4652,3,8,233000125,277103527,67,20221023-211418
0,0,경기76아4651,3,38,233000125,233001043,98,20221023-211418
0,0,경기76아1123,3,43,233000125,233000718,30,20221023-211418
0,0,경기76아1122,3,49,233000125,277101688,55,20221023-211433
0,0,경기76아4652,3,8,233000125,277103527,67,20221023-211433
0,0,경기76아1123,3,43,233000125,233000718,30,20221023-211433
0,0,경기76아4651,3,38,233000125,233002130,99,20221023-211433
0,0,경기76아1122,3,49,233000125,277101688,55,20221023-211448
0,0,경기76아4652,3,8,233000125,277103527,67,20221023-211448
0,0,경기76아1123,3,43,233000125,233000718,30,20221023-211448
0,0,경기76아4651,3,38,233000125,233001042,100,20221023-211448
0,0,경기76아1122,3,49,233000125,277101688,55,20221023-211503
0,0,경기76아4652,3,8,233000125,277103527,67,20221023-211503
0,0,경기76아4651,3,38,233000125,233001042,100,20221023-211503
0,0,경기76아1123,3,43,233000125,233000718,30,20221023-211503
0,0,경기76아1122,3,49,233000125,277101688,55,20221023-211518
0,0,경기76아4652,3,8,233000125,277103527,67,20221023-211518
0,0,경기76아4651,3,38,233000125,233001042,100,20221023-211518
0,0,경기76아1123,3,43,233000125,233000842,31,20221023-211518
0,0,경기76아1122,3,49,233000125,277101688,55,20221023-211533
0,0,경기76아4652,3,8,233000125,277103527,67,20221023-211533
0,0,경기76아1123,3,43,233000125,233000842,31,20221023-211533
0,0,경기76아4651,3,38,233000125,233002296,101,20221023-211533
0,0,경기76아1122,3,49,233000125,277101688,55,20221023-211548
0,0,경기76아4652,3,8,233000125,277103527,67,20221023-211548
0,0,경기76아1123,3,43,233000125,233000842,31,20221023-211548
0,0,경기76아4651,3,38,233000125,233002296,101,20221023-211548
0,0,경기76아1122,3,49,233000125,277101688,55,20221023-211604
0,0,경기76아4652,3,8,233000125,277103527,67,20221023-211604
0,0,경기76아4651,3,40,233000125,233002296,101,20221023-211604
0,0,경기76아1123,3,43,233000125,233002149,32,20221023-211604
0,0,경기76아1122,3,49,233000125,277101688,55,20221023-211618
0,0,경기76아4652,3,8,233000125,277103527,67,20221023-211618
0,0,경기76아1123,3,43,233000125,233002149,32,20221023-211618
0,0,경기76아4651,3,40,233000125,233000207,102,20221023-211618
0,0,경기76아1122,3,49,233000125,277101688,55,20221023-211633
0,0,경기76아4652,3,8,233000125,277103527,67,20221023-211633
0,0,경기76아1123,3,43,233000125,233002149,32,20221023-211633
0,0,경기76아4651,3,40,233000125,233000207,102,20221023-211633
0,0,경기76아4652,3,8,233000125,277103527,67,20221023-211648
0,0,경기76아1122,3,49,233000125,119900083,56,20221023-211648
0,0,경기76아1123,3,43,233000125,233000717,33,20221023-211648
0,0,경기76아4651,3,41,233000125,233000207,102,20221023-211648
0,0,경기76아1122,3,49,233000125,119900083,56,20221023-211704
0,0,경기76아4652,3,8,233000125,277103519,68,20221023-211704
0,0,경기76아4651,3,41,233000125,233000207,102,20221023-211704
0,0,경기76아1123,3,43,233000125,233000716,34,20221023-211704
0,0,경기76아1122,3,49,233000125,119900083,56,20221023-211718
0,0,경기76아4652,3,8,233000125,277103519,68,20221023-211718
0,0,경기76아1123,3,43,233000125,233000059,35,20221023-211718
0,0,경기76아4651,3,41,233000125,233002216,103,20221023-211718
0,0,경기76아1122,3,49,233000125,119900083,56,20221023-211733
0,0,경기76아4652,3,8,233000125,277103519,68,20221023-211733
0,0,경기76아1123,3,43,233000125,233000059,35,20221023-211733
0,0,경기76아4651,3,41,233000125,233002216,103,20221023-211733
0,0,경기76아1122,3,49,233000125,119900083,56,20221023-211748
0,0,경기76아4652,3,8,233000125,277103519,68,20221023-211748
0,0,경기76아1123,3,43,233000125,233000059,35,20221023-211748
0,0,경기76아4651,3,41,233000125,233002223,104,20221023-211748
0,0,경기76아1122,3,49,233000125,119900083,56,20221023-211803
0,0,경기76아4652,3,8,233000125,277103519,68,20221023-211803
0,0,경기76아1123,3,43,233000125,233000059,35,20221023-211803
0,0,경기76아4651,3,41,233000125,233002223,104,20221023-211803
0,0,경기76아1122,3,49,233000125,119900083,56,20221023-211818
0,0,경기76아4652,3,8,233000125,277103519,68,20221023-211818
0,0,경기76아4651,3,41,233000125,233002223,104,20221023-211818
0,0,경기76아1123,3,43,233000125,233000059,35,20221023-211818
0,0,경기76아1122,3,49,233000125,119900083,56,20221023-211833
0,0,경기76아4652,3,8,233000125,277103519,68,20221023-211833
0,0,경기76아4651,3,41,233000125,233002223,104,20221023-211833
0,0,경기76아1123,3,43,233000125,233000891,36,20221023-211833
0,0,경기76아1122,3,49,233000125,119900083,56,20221023-211848
0,0,경기76아4652,3,8,233000125,277103519,68,20221023-211848
0,0,경기76아1123,3,43,233000125,233000891,36,20221023-211848
0,0,경기76아4651,3,41,233000125,233002214,105,20221023-211848
0,0,경기76아1122,3,49,233000125,119900083,56,20221023-211903
0,0,경기76아4652,3,8,233000125,233000781,69,20221023-211903
0,0,경기76아4651,3,41,233000125,233002214,105,20221023-211903
0,0,경기76아1123,3,42,233000125,233000891,36,20221023-211903
0,0,경기76아4652,3,8,233000125,233000781,69,20221023-211918
0,0,경기76아1122,3,17,233000125,119900083,56,20221023-211918
0,0,경기76아4651,3,41,233000125,233002214,105,20221023-211918
0,0,경기76아1123,3,42,233000125,233000891,36,20221023-211918
0,0,경기76아1122,3,17,233000125,119900083,56,20221023-211933
0,0,경기76아4652,3,9,233000125,233000781,69,20221023-211933
0,0,경기76아4651,3,41,233000125,233002214,105,20221023-211933
0,0,경기76아1123,3,42,233000125,233000891,36,20221023-211933
0,0,경기76아1122,3,17,233000125,119900083,56,20221023-211948
0,0,경기76아4652,3,9,233000125,233000781,69,20221023-211948
0,0,경기76아4651,3,41,233000125,233002214,105,20221023-211948
0,0,경기76아1123,3,42,233000125,233000715,37,20221023-211948
0,0,경기76아1122,3,17,233000125,119900083,56,20221023-212003
0,0,경기76아4652,3,9,233000125,233000781,69,20221023-212003
0,0,경기76아4651,3,41,233000125,233002214,105,20221023-212003
0,0,경기76아1123,3,42,233000125,233000715,37,20221023-212003
0,0,경기76아1122,3,17,233000125,119900083,56,20221023-212018
0,0,경기76아4652,3,9,233000125,233000849,70,20221023-212018
0,0,경기76아1123,3,42,233000125,233000715,37,20221023-212018
0,0,경기76아4651,3,43,233000125,233002214,105,20221023-212018
0,0,경기76아1122,3,17,233000125,277103902,53,20221023-212033
0,0,경기76아4652,3,9,233000125,233000848,71,20221023-212033
0,0,경기76아4651,3,43,233000125,233002214,105,20221023-212033
0,0,경기76아1123,3,42,233000125,233000714,38,20221023-212033
0,0,경기76아4652,3,9,233000125,233000848,71,20221023-212048
0,0,경기76아1122,3,17,233000125,277102049,57,20221023-212048
0,0,경기76아1132,3,48,233000125,233002226,1,20221023-212048
0,0,경기76아1123,3,42,233000125,233000713,39,20221023-212048
0,0,경기76아4652,3,9,233000125,233000848,71,20221023-212103
0,0,경기76아1122,3,17,233000125,277102049,57,20221023-212103
0,0,경기76아1132,3,48,233000125,233002226,1,20221023-212103
0,0,경기76아1123,3,42,233000125,233000713,39,20221023-212103
0,0,경기76아4652,3,9,233000125,233000848,71,20221023-212121
0,0,경기76아1122,3,17,233000125,277102049,57,20221023-212121
0,0,경기76아1123,3,42,233000125,233000713,39,20221023-212121
0,0,경기76아1132,3,48,233000125,277102459,2,20221023-212121
0,0,경기76아4652,3,9,233000125,233000848,71,20221023-212133
0,0,경기76아1122,3,17,233000125,277102049,57,20221023-212133
0,0,경기76아1123,3,42,233000125,233000713,39,20221023-212133
0,0,경기76아1132,3,48,233000125,277102459,2,20221023-212133
0,0,경기76아1122,3,17,233000125,277102049,57,20221023-212148
0,0,경기76아4652,3,9,233000125,233000847,72,20221023-212148
0,0,경기76아1132,3,48,233000125,277102459,2,20221023-212148
0,0,경기76아1123,3,42,233000125,233000712,40,20221023-212148
0,0,경기76아1122,3,17,233000125,277102049,57,20221023-212203
0,0,경기76아4652,3,9,233000125,233000847,72,20221023-212203
0,0,경기76아1132,3,48,233000125,277102459,2,20221023-212203
0,0,경기76아1123,3,42,233000125,233000712,40,20221023-212203
0,0,경기76아4652,3,9,233000125,233002174,73,20221023-212218
0,0,경기76아1122,3,17,233000125,277102291,58,20221023-212218
0,0,경기76아1132,3,48,233000125,277102459,2,20221023-212218
0,0,경기76아1123,3,41,233000125,233000712,40,20221023-212218
0,0,경기76아1122,3,17,233000125,277102291,58,20221023-212233
0,0,경기76아4652,3,10,233000125,233002174,73,20221023-212233
0,0,경기76아1132,3,48,233000125,277102459,2,20221023-212233
0,0,경기76아1123,3,41,233000125,233000712,40,20221023-212233
0,0,경기76아1122,3,17,233000125,277102291,58,20221023-212248
0,0,경기76아4652,3,10,233000125,233002174,73,20221023-212248
0,0,경기76아1123,3,41,233000125,233000712,40,20221023-212248
0,0,경기76아1132,3,48,233000125,233002221,3,20221023-212248
0,0,경기76아1122,3,17,233000125,277102291,58,20221023-212303
0,0,경기76아4652,3,10,233000125,233000055,74,20221023-212303
0,0,경기76아1123,3,41,233000125,233000712,40,20221023-212303
0,0,경기76아1132,3,48,233000125,233002221,3,20221023-212303
0,0,경기76아1122,3,17,233000125,277102291,58,20221023-212318
0,0,경기76아4652,3,10,233000125,233000055,74,20221023-212318
0,0,경기76아1123,3,41,233000125,233000712,40,20221023-212318
0,0,경기76아1132,3,48,233000125,233002221,3,20221023-212318
0,0,경기76아1122,3,17,233000125,277102291,58,20221023-212333
0,0,경기76아4652,3,10,233000125,233000846,75,20221023-212333
0,0,경기76아1123,3,41,233000125,233000712,40,20221023-212333
0,0,경기76아1132,3,48,233000125,233002221,3,20221023-212333
0,0,경기76아4652,3,10,233000125,233000845,76,20221023-212348
0,0,경기76아1122,3,17,233000125,277102291,58,20221023-212348
0,0,경기76아1132,3,48,233000125,233002221,3,20221023-212348
0,0,경기76아1123,3,41,233000125,233000712,40,20221023-212348
0,0,경기76아4652,3,10,233000125,233000845,76,20221023-212403
0,0,경기76아1122,3,17,233000125,277102291,58,20221023-212403
0,0,경기76아1123,3,41,233000125,233000712,40,20221023-212403
0,0,경기76아1132,3,48,233000125,233002224,4,20221023-212403
0,0,경기76아1122,3,17,233000125,277102291,58,20221023-212418
0,0,경기76아4652,3,10,233000125,233002150,77,20221023-212418
0,0,경기76아1123,3,41,233000125,233000712,40,20221023-212418
0,0,경기76아1132,3,48,233000125,233002224,4,20221023-212418
0,0,경기76아1122,3,17,233000125,277102291,58,20221023-212433
0,0,경기76아4652,3,10,233000125,233002150,77,20221023-212433
0,0,경기76아1123,3,41,233000125,233000712,40,20221023-212433
0,0,경기76아1132,3,48,233000125,233002224,4,20221023-212433
0,0,경기76아4652,3,10,233000125,233002150,77,20221023-212448
0,0,경기76아1122,3,17,233000125,277102291,58,20221023-212448
0,0,경기76아1123,3,41,233000125,233000712,40,20221023-212448
0,0,경기76아1132,3,48,233000125,233002225,5,20221023-212448
0,0,경기76아1122,3,17,233000125,277103204,59,20221023-212503
0,0,경기76아4652,3,10,233000125,233000844,78,20221023-212503
0,0,경기76아1123,3,41,233000125,233000712,40,20221023-212503
0,0,경기76아1132,3,48,233000125,233002225,5,20221023-212503
0,0,경기76아1122,3,17,233000125,277103204,59,20221023-212518
0,0,경기76아4652,3,10,233000125,233000844,78,20221023-212518
0,0,경기76아1123,3,41,233000125,233000712,40,20221023-212518
0,0,경기76아1132,3,48,233000125,233002225,5,20221023-212518
0,0,경기76아4652,3,10,233000125,233000844,78,20221023-212533
0,0,경기76아1122,3,17,233000125,277103204,59,20221023-212533
0,0,경기76아1123,3,41,233000125,233000712,40,20221023-212533
0,0,경기76아1132,3,-1,233000125,233002225,5,20221023-212533
0,0,경기76아1122,3,17,233000125,277103204,59,20221023-212548
0,0,경기76아4652,3,10,233000125,233000844,78,20221023-212548
0,0,경기76아1132,3,-1,233000125,233002225,5,20221023-212548
0,0,경기76아1123,3,41,233000125,233000712,40,20221023-212548
0,0,경기76아1122,3,17,233000125,277103204,59,20221023-212604
0,0,경기76아4652,3,10,233000125,233000844,78,20221023-212604
0,0,경기76아1123,3,41,233000125,277103520,41,20221023-212604
0,0,경기76아1132,3,48,233000125,233002295,6,20221023-212604
0,0,경기76아1122,3,17,233000125,277103204,59,20221023-212619
0,0,경기76아4652,3,10,233000125,233000843,79,20221023-212619
0,0,경기76아1132,3,48,233000125,233002295,6,20221023-212619
0,0,경기76아1123,3,41,233000125,277103520,41,20221023-212619
0,0,경기76아4652,3,10,233000125,233000843,79,20221023-212634
0,0,경기76아1122,3,17,233000125,277103204,59,20221023-212634
0,0,경기76아1132,3,48,233000125,233002295,6,20221023-212634
0,0,경기76아1123,3,41,233000125,277103520,41,20221023-212634
0,0,경기76아4652,3,10,233000125,233000843,79,20221023-212649
0,0,경기76아1122,3,17,233000125,277103202,60,20221023-212649
0,0,경기76아1132,3,48,233000125,233002295,6,20221023-212649
0,0,경기76아1123,3,41,233000125,277103520,41,20221023-212649
0,0,경기76아4652,3,10,233000125,233000780,80,20221023-212703
0,0,경기76아1122,3,17,233000125,277103202,60,20221023-212703
0,0,경기76아1132,3,48,233000125,233002295,6,20221023-212703
0,0,경기76아1123,3,41,233000125,277103520,41,20221023-212703
0,0,경기76아4652,3,10,233000125,233000780,80,20221023-212718
0,0,경기76아1122,3,17,233000125,277103202,60,20221023-212718
0,0,경기76아1132,3,48,233000125,233002295,6,20221023-212718
0,0,경기76아1123,3,41,233000125,277103520,41,20221023-212718
0,0,경기76아1122,3,17,233000125,277103202,60,20221023-212733
0,0,경기76아4652,3,10,233000125,233000780,80,20221023-212733
0,0,경기76아1132,3,48,233000125,233002295,6,20221023-212733
0,0,경기76아1123,3,-1,233000125,277103520,41,20221023-212733
0,0,경기76아1122,3,17,233000125,277103202,60,20221023-212748
0,0,경기76아4652,3,10,233000125,233000780,80,20221023-212748
0,0,경기76아1132,3,48,233000125,233002295,6,20221023-212748
0,0,경기76아1123,3,-1,233000125,277103520,41,20221023-212748
0,0,경기76아4652,3,10,233000125,233000780,80,20221023-212803
0,0,경기76아1122,3,17,233000125,277103201,61,20221023-212803
0,0,경기76아1123,3,-1,233000125,277103520,41,20221023-212803
0,0,경기76아1132,3,48,233000125,233001041,7,20221023-212803
0,0,경기76아1122,3,17,233000125,277103201,61,20221023-212818
0,0,경기76아4652,3,10,233000125,233000780,80,20221023-212818
0,0,경기76아1132,3,48,233000125,233001041,7,20221023-212818
0,0,경기76아1123,3,41,233000125,277103520,41,20221023-212818
0,0,경기76아1122,3,17,233000125,277103201,61,20221023-212833
0,0,경기76아4652,3,10,233000125,233000780,80,20221023-212833
0,0,경기76아1123,3,41,233000125,277103520,41,20221023-212833
0,0,경기76아1132,3,48,233000125,233002131,8,20221023-212833
0,0,경기76아1122,3,17,233000125,277103201,61,20221023-212848
0,0,경기76아4652,3,10,233000125,233000780,80,20221023-212848
0,0,경기76아1123,3,41,233000125,277103528,42,20221023-212848
0,0,경기76아1132,3,48,233000125,233002131,8,20221023-212848
0,0,경기76아1122,3,17,233000125,277103201,61,20221023-212903
0,0,경기76아4652,3,10,233000125,233000779,81,20221023-212903
0,0,경기76아1123,3,41,233000125,277103528,42,20221023-212903
0,0,경기76아1132,3,48,233000125,233002131,8,20221023-212903
0,0,경기76아4652,3,10,233000125,233000779,81,20221023-212918
0,0,경기76아1122,3,17,233000125,277103201,61,20221023-212918
0,0,경기76아1123,3,41,233000125,277103528,42,20221023-212918
0,0,경기76아1132,3,48,233000125,233000148,9,20221023-212918
0,0,경기76아1122,3,17,233000125,277103201,61,20221023-212933
0,0,경기76아4652,3,10,233000125,233000779,81,20221023-212933
0,0,경기76아1123,3,41,233000125,277103528,42,20221023-212933
0,0,경기76아1132,3,48,233000125,233000148,9,20221023-212933
0,0,경기76아1122,3,17,233000125,277103201,61,20221023-212948
0,0,경기76아4652,3,10,233000125,233000779,81,20221023-212948
0,0,경기76아1132,3,47,233000125,233000148,9,20221023-212948
0,0,경기76아1123,3,41,233000125,277103317,43,20221023-212948
0,0,경기76아1122,3,17,233000125,277103201,61,20221023-213003
0,0,경기76아4652,3,10,233000125,233000779,81,20221023-213003
0,0,경기76아1132,3,47,233000125,233000148,9,20221023-213003
0,0,경기76아1123,3,41,233000125,277103317,43,20221023-213003
0,0,경기76아1122,3,17,233000125,277103201,61,20221023-213018
0,0,경기76아4652,3,10,233000125,233000779,81,20221023-213018
0,0,경기76아1132,3,47,233000125,233000148,9,20221023-213018
0,0,경기76아1123,3,41,233000125,277103317,43,20221023-213018
0,0,경기76아4652,3,10,233000125,233000779,81,20221023-213033
0,0,경기76아1122,3,17,233000125,277103158,62,20221023-213033
0,0,경기76아1123,3,41,233000125,277103317,43,20221023-213033
0,0,경기76아1132,3,47,233000125,233000191,10,20221023-213033
0,0,경기76아4652,3,10,233000125,233000778,82,20221023-213048
0,0,경기76아1122,3,17,233000125,277103158,62,20221023-213048
0,0,경기76아1123,3,41,233000125,277103317,43,20221023-213048
0,0,경기76아1132,3,47,233000125,233000191,10,20221023-213048
0,0,경기76아1122,3,17,233000125,277103158,62,20221023-213104
0,0,경기76아4652,3,10,233000125,233000778,82,20221023-213104
0,0,경기76아1123,3,41,233000125,277103317,43,20221023-213104
0,0,경기76아1132,3,47,233000125,233000191,10,20221023-213104
0,0,경기76아4652,3,10,233000125,233000778,82,20221023-213118
0,0,경기76아1122,3,17,233000125,277103158,62,20221023-213118
0,0,경기76아1123,3,41,233000125,277103317,43,20221023-213118
0,0,경기76아1132,3,47,233000125,233000191,10,20221023-213118
0,0,경기76아4652,3,10,233000125,233000778,82,20221023-213133
0,0,경기76아1122,3,17,233000125,277103158,62,20221023-213133
0,0,경기76아1123,3,41,233000125,277103317,43,20221023-213133
0,0,경기76아1132,3,47,233000125,233000191,10,20221023-213133
0,0,경기76아1122,3,17,233000125,277103220,63,20221023-213148
0,0,경기76아4652,3,10,233000125,233000777,83,20221023-213148
0,0,경기76아1123,3,41,233000125,277103317,43,20221023-213148
0,0,경기76아1132,3,47,233000125,233000191,10,20221023-213148
0,0,경기76아1122,3,17,233000125,277103220,63,20221023-213203
0,0,경기76아4652,3,10,233000125,233000777,83,20221023-213203
0,0,경기76아1132,3,47,233000125,233000191,10,20221023-213203
0,0,경기76아1123,3,41,233000125,277103317,43,20221023-213203
0,0,경기76아1122,3,17,233000125,277103220,63,20221023-213218
0,0,경기76아4652,3,10,233000125,233000777,83,20221023-213218
0,0,경기76아1132,3,47,233000125,233000190,11,20221023-213218
0,0,경기76아1123,3,41,233000125,277103315,44,20221023-213218
0,0,경기76아1122,3,17,233000125,277103220,63,20221023-213233
0,0,경기76아4652,3,11,233000125,233000777,83,20221023-213233
0,0,경기76아1123,3,41,233000125,277103315,44,20221023-213233
0,0,경기76아1132,3,47,233000125,233000189,12,20221023-213233
0,0,경기76아1122,3,17,233000125,277103220,63,20221023-213248
0,0,경기76아4652,3,11,233000125,233000776,84,20221023-213248
0,0,경기76아1123,3,41,233000125,277103315,44,20221023-213248
0,0,경기76아1132,3,47,233000125,233000189,12,20221023-213248
0,0,경기76아1122,3,17,233000125,277103220,63,20221023-213303
0,0,경기76아4652,3,12,233000125,233000776,84,20221023-213303
0,0,경기76아1132,3,47,233000125,233000189,12,20221023-213303
0,0,경기76아1123,3,41,233000125,277103315,44,20221023-213303
0,0,경기76아4652,3,12,233000125,233000776,84,20221023-213318
0,0,경기76아1122,3,17,233000125,277103220,63,20221023-213318
0,0,경기76아1132,3,47,233000125,233000189,12,20221023-213318
0,0,경기76아1123,3,41,233000125,277103315,44,20221023-213318
0,0,경기76아4652,3,12,233000125,233000774,85,20221023-213333
0,0,경기76아1122,3,17,233000125,226000038,64,20221023-213333
0,0,경기76아1132,3,47,233000125,233000189,12,20221023-213333
0,0,경기76아1123,3,41,233000125,277103315,44,20221023-213333
0,0,경기76아1122,3,17,233000125,226000038,64,20221023-213349
0,0,경기76아4652,3,12,233000125,233000774,85,20221023-213349
0,0,경기76아1132,3,47,233000125,233000189,12,20221023-213349
0,0,경기76아1123,3,41,233000125,277103315,44,20221023-213349
0,0,경기76아4652,3,12,233000125,233000774,85,20221023-213403
0,0,경기76아1122,3,14,233000125,226000038,64,20221023-213403
0,0,경기76아1123,3,41,233000125,277103315,44,20221023-213403
0,0,경기76아1132,3,47,233000125,233000189,12,20221023-213403
0,0,경기76아4652,3,12,233000125,233000774,85,20221023-213418
0,0,경기76아1122,3,14,233000125,226000038,64,20221023-213418
0,0,경기76아1132,3,47,233000125,233001943,13,20221023-213418
0,0,경기76아1123,3,41,233000125,226000039,45,20221023-213418
0,0,경기76아4652,3,12,233000125,233000774,85,20221023-213433
0,0,경기76아1122,3,-1,233000125,226000038,64,20221023-213433
0,0,경기76아1132,3,47,233000125,233001943,13,20221023-213433
0,0,경기76아1123,3,41,233000125,226000039,45,20221023-213433
0,0,경기76아1122,3,-1,233000125,226000038,64,20221023-213448
0,0,경기76아4652,3,12,233000125,233000773,86,20221023-213448
0,0,경기76아1123,3,41,233000125,226000039,45,20221023-213448
0,0,경기76아1132,3,46,233000125,233001943,13,20221023-213448
0,0,경기76아1122,3,14,233000125,226000038,64,20221023-213503
0,0,경기76아4652,3,12,233000125,233003082,87,20221023-213503
0,0,경기76아1123,3,41,233000125,226000039,45,20221023-213503
0,0,경기76아1132,3,46,233000125,233000188,14,20221023-213503
0,0,경기76아1122,3,14,233000125,226000038,64,20221023-213518
0,0,경기76아4652,3,12,233000125,233003082,87,20221023-213518
0,0,경기76아1123,3,41,233000125,226000039,45,20221023-213518
0,0,경기76아1132,3,45,233000125,233000188,14,20221023-213518
0,0,경기76아1122,3,14,233000125,226000038,64,20221023-213533
0,0,경기76아4652,3,12,233000125,233003082,87,20221023-213533
0,0,경기76아1132,3,45,233000125,233000188,14,20221023-213533
0,0,경기76아1123,3,41,233000125,226000039,45,20221023-213533
0,0,경기76아1122,3,14,233000125,226000038,64,20221023-213548
0,0,경기76아4652,3,12,233000125,233003082,87,20221023-213548
0,0,경기76아1132,3,45,233000125,233000188,14,20221023-213548
0,0,경기76아1123,3,41,233000125,226000039,45,20221023-213548
0,0,경기76아4652,3,12,233000125,233003082,87,20221023-213604
0,0,경기76아1122,3,14,233000125,226000038,64,20221023-213604
0,0,경기76아1132,3,45,233000125,233000188,14,20221023-213604
0,0,경기76아1123,3,41,233000125,277103221,46,20221023-213604
0,0,경기76아4652,3,12,233000125,233003082,87,20221023-213618
0,0,경기76아1122,3,14,233000125,277103314,65,20221023-213618
0,0,경기76아1132,3,45,233000125,233000188,14,20221023-213618
0,0,경기76아1123,3,41,233000125,277103221,46,20221023-213618
0,0,경기76아4652,3,12,233000125,233003082,87,20221023-213633
0,0,경기76아1122,3,14,233000125,277103314,65,20221023-213633
0,0,경기76아1132,3,45,233000125,233000188,14,20221023-213633
0,0,경기76아1123,3,41,233000125,277103221,46,20221023-213633
0,0,경기76아4652,3,12,233000125,233003082,87,20221023-213648
0,0,경기76아1122,3,14,233000125,277103314,65,20221023-213648
0,0,경기76아1132,3,45,233000125,233000188,14,20221023-213648
0,0,경기76아1123,3,41,233000125,277103221,46,20221023-213648
0,0,경기76아4652,3,12,233000125,233003082,87,20221023-213703
0,0,경기76아1122,3,14,233000125,277103314,65,20221023-213703
0,0,경기76아1132,3,45,233000125,233000188,14,20221023-213703
0,0,경기76아1123,3,41,233000125,277103221,46,20221023-213703
0,0,경기76아4652,3,12,233000125,233003082,87,20221023-213718
0,0,경기76아1122,3,14,233000125,277103314,65,20221023-213718
0,0,경기76아1132,3,45,233000125,233001318,15,20221023-213718
0,0,경기76아1123,3,41,233000125,277103221,46,20221023-213718
0,0,경기76아1122,3,14,233000125,277103314,65,20221023-213733
0,0,경기76아4652,3,12,233000125,233000772,88,20221023-213733
0,0,경기76아1132,3,45,233000125,233001318,15,20221023-213733
0,0,경기76아1123,3,41,233000125,277103221,46,20221023-213733
0,0,경기76아1122,3,14,233000125,277103314,65,20221023-213748
0,0,경기76아4652,3,12,233000125,233000772,88,20221023-213748
0,0,경기76아1123,3,41,233000125,277103221,46,20221023-213748
0,0,경기76아1132,3,45,233000125,233001318,15,20221023-213748
0,0,경기76아1122,3,14,233000125,277103314,65,20221023-213803
0,0,경기76아4652,3,12,233000125,233000772,88,20221023-213803
0,0,경기76아1123,3,41,233000125,277103221,46,20221023-213803
0,0,경기76아1132,3,45,233000125,233000730,16,20221023-213803
0,0,경기76아4652,3,12,233000125,233000772,88,20221023-213818
0,0,경기76아1122,3,14,233000125,277103314,65,20221023-213818
0,0,경기76아1123,3,41,233000125,277103221,46,20221023-213818
0,0,경기76아1132,3,46,233000125,233000730,16,20221023-213818
0,0,경기76아1122,3,14,233000125,277103314,65,20221023-213833
0,0,경기76아4652,3,12,233000125,233000772,88,20221023-213833
0,0,경기76아1123,3,41,233000125,277103159,47,20221023-213833
0,0,경기76아1132,3,46,233000125,233000730,16,20221023-213833
0,0,경기76아1122,3,14,233000125,277103316,66,20221023-213848
0,0,경기76아4652,3,12,233000125,233000771,89,20221023-213848
0,0,경기76아1123,3,41,233000125,277103159,47,20221023-213848
0,0,경기76아1132,3,46,233000125,233000729,17,20221023-213848
0,0,경기76아1122,3,14,233000125,277103316,66,20221023-213903
0,0,경기76아4652,3,12,233000125,233000771,89,20221023-213903
0,0,경기76아1123,3,41,233000125,277103159,47,20221023-213903
0,0,경기76아1132,3,46,233000125,233000729,17,20221023-213903
0,0,경기76아1122,3,14,233000125,277103316,66,20221023-213918
0,0,경기76아4652,3,12,233000125,233000771,89,20221023-213918
0,0,경기76아1132,3,46,233000125,233000729,17,20221023-213918
0,0,경기76아1123,3,41,233000125,277103159,47,20221023-213918
0,0,경기76아1122,3,14,233000125,277103316,66,20221023-213933
0,0,경기76아4652,3,12,233000125,233000770,90,20221023-213933
0,0,경기76아1123,3,41,233000125,277103159,47,20221023-213933
0,0,경기76아1132,3,46,233000125,233000729,17,20221023-213933
0,0,경기76아4652,3,12,233000125,233000770,90,20221023-213948
0,0,경기76아1122,3,14,233000125,277103527,67,20221023-213948
0,0,경기76아1132,3,46,233000125,233000728,18,20221023-213948
0,0,경기76아1123,3,41,233000125,277103200,48,20221023-213948
0,0,경기76아1122,3,14,233000125,277103527,67,20221023-214003
0,0,경기76아4652,3,13,233000125,233000770,90,20221023-214003
0,0,경기76아1132,3,46,233000125,233000728,18,20221023-214003
0,0,경기76아1123,3,41,233000125,277103200,48,20221023-214003
0,0,경기76아4652,3,13,233000125,233000770,90,20221023-214018
0,0,경기76아1122,3,14,233000125,277103527,67,20221023-214018
0,0,경기76아1132,3,46,233000125,233000728,18,20221023-214018
0,0,경기76아1123,3,41,233000125,277103200,48,20221023-214018
0,0,경기76아4652,3,13,233000125,233000770,90,20221023-214033
0,0,경기76아1122,3,14,233000125,277103527,67,20221023-214033
0,0,경기76아1132,3,46,233000125,233000728,18,20221023-214033
0,0,경기76아1123,3,41,233000125,277103200,48,20221023-214033
0,0,경기76아4652,3,13,233000125,233000770,90,20221023-214048
0,0,경기76아1122,3,14,233000125,277103527,67,20221023-214048
0,0,경기76아1132,3,46,233000125,233000728,18,20221023-214048
0,0,경기76아1123,3,41,233000125,277103200,48,20221023-214048
0,0,경기76아4652,3,13,233000125,233000769,91,20221023-214104
0,0,경기76아1122,3,14,233000125,277103527,67,20221023-214104
0,0,경기76아1132,3,46,233000125,233000728,18,20221023-214104
0,0,경기76아1123,3,41,233000125,277103200,48,20221023-214104
0,0,경기76아4652,3,13,233000125,233000769,91,20221023-214118
0,0,경기76아1122,3,14,233000125,277103527,67,20221023-214118
0,0,경기76아1132,3,46,233000125,233000728,18,20221023-214118
0,0,경기76아1123,3,41,233000125,277103200,48,20221023-214118
0,0,경기76아1122,3,14,233000125,277103527,67,20221023-214133
0,0,경기76아4652,3,14,233000125,233000769,91,20221023-214133
0,0,경기76아1132,3,46,233000125,233000728,18,20221023-214133
0,0,경기76아1123,3,41,233000125,277103200,48,20221023-214133
0,0,경기76아1122,3,14,233000125,277103527,67,20221023-214148
0,0,경기76아4652,3,14,233000125,233000769,91,20221023-214148
0,0,경기76아1132,3,46,233000125,233000728,18,20221023-214148
0,0,경기76아1123,3,41,233000125,277103200,48,20221023-214148
0,0,경기76아1122,3,14,233000125,277103527,67,20221023-214204
0,0,경기76아4652,3,14,233000125,233000768,92,20221023-214204
0,0,경기76아1123,3,41,233000125,277103203,49,20221023-214204
0,0,경기76아1132,3,46,233000125,233001404,19,20221023-214204
0,0,경기76아4652,3,14,233000125,233000768,92,20221023-214218
0,0,경기76아1122,3,14,233000125,277103519,68,20221023-214218
0,0,경기76아1123,3,41,233000125,277103203,49,20221023-214218
0,0,경기76아1132,3,46,233000125,233000727,20,20221023-214218
0,0,경기76아4652,3,14,233000125,233000768,92,20221023-214233
0,0,경기76아1122,3,14,233000125,277103519,68,20221023-214233
0,0,경기76아1123,3,41,233000125,277103203,49,20221023-214233
0,0,경기76아1132,3,46,233000125,233000727,20,20221023-214233
0,0,경기76아4652,3,14,233000125,233000768,92,20221023-214249
0,0,경기76아1122,3,14,233000125,277103519,68,20221023-214249
0,0,경기76아1123,3,41,233000125,277103203,49,20221023-214249
0,0,경기76아1132,3,46,233000125,233000727,20,20221023-214249
0,0,경기76아1122,3,14,233000125,277103519,68,20221023-214303
0,0,경기76아4652,3,20,233000125,233000768,92,20221023-214303
0,0,경기76아1123,3,41,233000125,277103203,49,20221023-214303
0,0,경기76아1132,3,46,233000125,233000727,20,20221023-214303
0,0,경기76아4652,3,20,233000125,233000768,92,20221023-214318
0,0,경기76아1122,3,14,233000125,277103519,68,20221023-214318
0,0,경기76아1132,3,46,233000125,233000727,20,20221023-214318
0,0,경기76아1123,3,41,233000125,277103203,49,20221023-214318
0,0,경기76아4652,3,20,233000125,233000768,92,20221023-214333
0,0,경기76아1122,3,14,233000125,277103519,68,20221023-214333
0,0,경기76아1132,3,46,233000125,233000727,20,20221023-214333
0,0,경기76아1123,3,41,233000125,277103203,49,20221023-214333
0,0,경기76아4652,3,20,233000125,233000768,92,20221023-214348
0,0,경기76아1122,3,14,233000125,277103519,68,20221023-214348
0,0,경기76아1123,3,41,233000125,277103205,50,20221023-214348
0,0,경기76아1132,3,46,233000125,233000726,21,20221023-214348
0,0,경기76아4652,3,20,233000125,233000768,92,20221023-214403
0,0,경기76아1122,3,14,233000125,233000781,69,20221023-214403
0,0,경기76아1123,3,41,233000125,277103205,50,20221023-214403
0,0,경기76아1132,3,46,233000125,233000726,21,20221023-214403
0,0,경기76아4652,3,20,233000125,233000768,92,20221023-214418
0,0,경기76아1122,3,14,233000125,233000781,69,20221023-214418
0,0,경기76아1123,3,41,233000125,277103205,50,20221023-214418
0,0,경기76아1132,3,46,233000125,233000726,21,20221023-214418
0,0,경기76아4652,3,20,233000125,233000768,92,20221023-214433
0,0,경기76아1122,3,16,233000125,233000781,69,20221023-214433
0,0,경기76아1123,3,41,233000125,277103205,50,20221023-214433
0,0,경기76아1132,3,46,233000125,233000726,21,20221023-214433
0,0,경기76아4652,3,20,233000125,233000768,92,20221023-214448
0,0,경기76아1122,3,16,233000125,233000781,69,20221023-214448
0,0,경기76아1123,3,41,233000125,277103205,50,20221023-214448
0,0,경기76아1132,3,46,233000125,233000726,21,20221023-214448
0,0,경기76아4652,3,20,233000125,233000768,92,20221023-214503
0,0,경기76아1122,3,16,233000125,233000781,69,20221023-214503
0,0,경기76아1123,3,41,233000125,277103205,50,20221023-214503
0,0,경기76아1132,3,46,233000125,233000726,21,20221023-214503
0,0,경기76아1122,3,16,233000125,233000849,70,20221023-214518
0,0,경기76아4652,3,21,233000125,233000768,92,20221023-214518
0,0,경기76아1123,3,41,233000125,277103205,50,20221023-214518
0,0,경기76아1132,3,46,233000125,233000726,21,20221023-214518
0,0,경기76아1122,3,16,233000125,233000849,70,20221023-214534
0,0,경기76아4652,3,21,233000125,233000768,92,20221023-214534
0,0,경기76아1123,3,41,233000125,277103205,50,20221023-214534
0,0,경기76아1132,3,-1,233000125,233000726,21,20221023-214534
0,0,경기76아1122,3,16,233000125,233000848,71,20221023-214548
0,0,경기76아4652,3,21,233000125,233001749,93,20221023-214548
0,0,경기76아1123,3,41,233000125,277103205,50,20221023-214548
0,0,경기76아1132,3,46,233000125,233000725,22,20221023-214548
0,0,경기76아1122,3,16,233000125,233000848,71,20221023-214603
0,0,경기76아4652,3,21,233000125,233001749,93,20221023-214603
0,0,경기76아1123,3,41,233000125,277103205,50,20221023-214603
0,0,경기76아1132,3,46,233000125,233002118,23,20221023-214603
0,0,경기76아1122,3,16,233000125,233000848,71,20221023-214618
0,0,경기76아4652,3,22,233000125,233001749,93,20221023-214618
0,0,경기76아1123,3,41,233000125,277103205,50,20221023-214618
0,0,경기76아1132,3,46,233000125,233002118,23,20221023-214618
0,0,경기76아1122,3,16,233000125,233000847,72,20221023-214633
0,0,경기76아4652,3,22,233000125,233001749,93,20221023-214633
0,0,경기76아1132,3,46,233000125,233002118,23,20221023-214633
0,0,경기76아1123,3,41,233000125,277103903,51,20221023-214633
0,0,경기76아1122,3,16,233000125,233000847,72,20221023-214648
0,0,경기76아4652,3,22,233000125,233002159,94,20221023-214648
0,0,경기76아1123,3,41,233000125,277103903,51,20221023-214648
0,0,경기76아1132,3,46,233000125,233002118,23,20221023-214648
0,0,경기76아4652,3,22,233000125,233002159,94,20221023-214703
0,0,경기76아1122,3,17,233000125,233000847,72,20221023-214703
0,0,경기76아1132,3,46,233000125,233002118,23,20221023-214703
0,0,경기76아1123,3,41,233000125,120000671,52,20221023-214703
0,0,경기76아4652,3,27,233000125,233002159,94,20221023-214718
0,0,경기76아1122,3,17,233000125,233002174,73,20221023-214718
0,0,경기76아1123,3,41,233000125,120000671,52,20221023-214718
0,0,경기76아1132,3,46,233000125,233000724,24,20221023-214718
0,0,경기76아4652,3,27,233000125,233002159,94,20221023-214733
0,0,경기76아1122,3,17,233000125,233002174,73,20221023-214733
0,0,경기76아1123,3,41,233000125,120000671,52,20221023-214733
0,0,경기76아1132,3,46,233000125,233000723,25,20221023-214733
0,0,경기76아4652,3,27,233000125,233002159,94,20221023-214748
0,0,경기76아1122,3,17,233000125,233002174,73,20221023-214748
0,0,경기76아1132,3,46,233000125,233000723,25,20221023-214748
0,0,경기76아1123,3,41,233000125,120000671,52,20221023-214748
0,0,경기76아4652,3,27,233000125,233002159,94,20221023-214803
0,0,경기76아1122,3,17,233000125,233002174,73,20221023-214803
0,0,경기76아1123,3,41,233000125,277103902,53,20221023-214803
0,0,경기76아1132,3,46,233000125,233000722,26,20221023-214803
0,0,경기76아4652,3,27,233000125,233002159,94,20221023-214818
0,0,경기76아1122,3,20,233000125,233002174,73,20221023-214818
0,0,경기76아1132,3,46,233000125,233000722,26,20221023-214818
0,0,경기76아1123,3,41,233000125,277103902,53,20221023-214818
0,0,경기76아1122,3,20,233000125,233002174,73,20221023-214833
0,0,경기76아4652,3,27,233000125,233002159,94,20221023-214833
0,0,경기76아1132,3,46,233000125,233000722,26,20221023-214833
0,0,경기76아1123,3,41,233000125,277103902,53,20221023-214833
0,0,경기76아4652,3,27,233000125,233001828,95,20221023-214848
0,0,경기76아1122,3,20,233000125,233000055,74,20221023-214848
0,0,경기76아1132,3,46,233000125,233000722,26,20221023-214848
0,0,경기76아1123,3,41,233000125,121001315,54,20221023-214848
0,0,경기76아4652,3,27,233000125,233001828,95,20221023-214904
0,0,경기76아1122,3,20,233000125,233000055,74,20221023-214904
0,0,경기76아1123,3,41,233000125,121001315,54,20221023-214904
0,0,경기76아1132,3,46,233000125,233000722,26,20221023-214904
0,0,경기76아4652,3,27,233000125,233001828,95,20221023-214918
0,0,경기76아1122,3,21,233000125,233000846,75,20221023-214918
0,0,경기76아1123,3,41,233000125,121001315,54,20221023-214918
0,0,경기76아1132,3,46,233000125,233000721,27,20221023-214918
0,0,경기76아4652,3,36,233000125,233001828,95,20221023-214933
0,0,경기76아1122,3,21,233000125,233000845,76,20221023-214933
0,0,경기76아1123,3,41,233000125,121001315,54,20221023-214933
0,0,경기76아1132,3,46,233000125,233000721,27,20221023-214933
0,0,경기76아4652,3,36,233000125,233001828,95,20221023-214948
0,0,경기76아1122,3,21,233000125,233000845,76,20221023-214948
0,0,경기76아1123,3,41,233000125,121001315,54,20221023-214948
0,0,경기76아1132,3,46,233000125,233000721,27,20221023-214948
0,0,경기76아4652,3,36,233000125,233001828,95,20221023-215006
0,0,경기76아1122,3,21,233000125,233000845,76,20221023-215006
0,0,경기76아1123,3,41,233000125,121001315,54,20221023-215006
0,0,경기76아1132,3,46,233000125,233000721,27,20221023-215006
0,0,경기76아4652,3,36,233000125,233001828,95,20221023-215018
0,0,경기76아1122,3,21,233000125,233002150,77,20221023-215018
0,0,경기76아1123,3,41,233000125,121001315,54,20221023-215018
0,0,경기76아1132,3,46,233000125,233000721,27,20221023-215018
0,0,경기76아4652,3,36,233000125,233001828,95,20221023-215033
0,0,경기76아1122,3,21,233000125,233002150,77,20221023-215033
0,0,경기76아1123,3,41,233000125,121001315,54,20221023-215033
0,0,경기76아1132,3,46,233000125,233000721,27,20221023-215033
0,0,경기76아4652,3,36,233000125,233001828,95,20221023-215048
0,0,경기76아1122,3,21,233000125,233002150,77,20221023-215048
0,0,경기76아1123,3,41,233000125,121001315,54,20221023-215048
0,0,경기76아1132,3,46,233000125,233000721,27,20221023-215048
0,0,경기76아4652,3,36,233000125,233001828,95,20221023-215103
0,0,경기76아1122,3,21,233000125,233000844,78,20221023-215103
0,0,경기76아1123,3,41,233000125,121001315,54,20221023-215103
0,0,경기76아1132,3,46,233000125,233000721,27,20221023-215103
0,0,경기76아1122,3,21,233000125,233000844,78,20221023-215118
0,0,경기76아4652,3,36,233000125,233001435,96,20221023-215118
0,0,경기76아1123,3,41,233000125,121001315,54,20221023-215118
0,0,경기76아1132,3,46,233000125,233000721,27,20221023-215118
0,0,경기76아4652,3,36,233000125,233001435,96,20221023-215133
0,0,경기76아1122,3,18,233000125,233000844,78,20221023-215133
0,0,경기76아1123,3,41,233000125,121001315,54,20221023-215133
0,0,경기76아1132,3,46,233000125,233000721,27,20221023-215133
0,0,경기76아4652,3,37,233000125,233001435,96,20221023-215148
0,0,경기76아1122,3,18,233000125,233000844,78,20221023-215148
0,0,경기76아1123,3,41,233000125,121001315,54,20221023-215148
0,0,경기76아1132,3,46,233000125,233000721,27,20221023-215148
0,0,경기76아4652,3,37,233000125,233000208,97,20221023-215203
0,0,경기76아1122,3,18,233000125,233000844,78,20221023-215203
0,0,경기76아1123,3,49,233000125,121001315,54,20221023-215203
0,0,경기76아1132,3,46,233000125,233000720,28,20221023-215203
0,0,경기76아1122,3,18,233000125,233000844,78,20221023-215218
0,0,경기76아4652,3,37,233000125,233000208,97,20221023-215218
0,0,경기76아1123,3,49,233000125,121001315,54,20221023-215218
0,0,경기76아1132,3,46,233000125,233000720,28,20221023-215218
0,0,경기76아4652,3,37,233000125,233001043,98,20221023-215233
0,0,경기76아1122,3,18,233000125,233000843,79,20221023-215233
0,0,경기76아1123,3,49,233000125,121001315,54,20221023-215233
0,0,경기76아1132,3,46,233000125,233000720,28,20221023-215233
0,0,경기76아4652,3,37,233000125,233001043,98,20221023-215248
0,0,경기76아1122,3,18,233000125,233000843,79,20221023-215248
0,0,경기76아1123,3,49,233000125,121001315,54,20221023-215248
0,0,경기76아1132,3,46,233000125,233000720,28,20221023-215248
0,0,경기76아1122,3,18,233000125,233000843,79,20221023-215304
0,0,경기76아4652,3,40,233000125,233001043,98,20221023-215304
0,0,경기76아1123,3,49,233000125,121001315,54,20221023-215304
0,0,경기76아1132,3,46,233000125,233000720,28,20221023-215304
0,0,경기76아4652,3,40,233000125,233001043,98,20221023-215319
0,0,경기76아1122,3,18,233000125,233000780,80,20221023-215319
0,0,경기76아1123,3,49,233000125,121001315,54,20221023-215319
0,0,경기76아1132,3,46,233000125,233000720,28,20221023-215319
0,0,경기76아4652,3,40,233000125,233001043,98,20221023-215334
0,0,경기76아1122,3,18,233000125,233000780,80,20221023-215334
0,0,경기76아1123,3,49,233000125,121001315,54,20221023-215334
0,0,경기76아1132,3,46,233000125,233000719,29,20221023-215334
0,0,경기76아4652,3,40,233000125,233001043,98,20221023-215349
0,0,경기76아1122,3,18,233000125,233000780,80,20221023-215349
0,0,경기76아1123,3,49,233000125,121001315,54,20221023-215349
0,0,경기76아1132,3,46,233000125,233000719,29,20221023-215349
0,0,경기76아1122,3,18,233000125,233000780,80,20221023-215404
0,0,경기76아4652,3,40,233000125,233002130,99,20221023-215404
0,0,경기76아1123,3,49,233000125,121001315,54,20221023-215404
0,0,경기76아1132,3,46,233000125,233000718,30,20221023-215404
0,0,경기76아4652,3,40,233000125,233002130,99,20221023-215419
0,0,경기76아1122,3,18,233000125,233000780,80,20221023-215419
0,0,경기76아1132,3,46,233000125,233000718,30,20221023-215419
0,0,경기76아1123,3,49,233000125,277101688,55,20221023-215419
0,0,경기76아1122,3,18,233000125,233000779,81,20221023-215434
0,0,경기76아4652,3,40,233000125,233001042,100,20221023-215434
0,0,경기76아1123,3,49,233000125,277101688,55,20221023-215434
0,0,경기76아1132,3,46,233000125,233000718,30,20221023-215434
0,0,경기76아1122,3,18,233000125,233000779,81,20221023-215449
0,0,경기76아4652,3,40,233000125,233001042,100,20221023-215449
0,0,경기76아1123,3,49,233000125,277101688,55,20221023-215449
0,0,경기76아1132,3,46,233000125,233000718,30,20221023-215449
0,0,경기76아4652,3,40,233000125,233001042,100,20221023-215504
0,0,경기76아1122,3,18,233000125,233000779,81,20221023-215504
0,0,경기76아1123,3,49,233000125,277101688,55,20221023-215504
0,0,경기76아1132,3,46,233000125,233000842,31,20221023-215504
0,0,경기76아1122,3,18,233000125,233000779,81,20221023-215519
0,0,경기76아4652,3,40,233000125,233002296,101,20221023-215519
0,0,경기76아1123,3,49,233000125,277101688,55,20221023-215519
0,0,경기76아1132,3,46,233000125,233000842,31,20221023-215519
0,0,경기76아1122,3,18,233000125,233000779,81,20221023-215534
0,0,경기76아4652,3,41,233000125,233002296,101,20221023-215534
0,0,경기76아1123,3,49,233000125,277101688,55,20221023-215534
0,0,경기76아1132,3,46,233000125,233000842,31,20221023-215534
0,0,경기76아1122,3,18,233000125,233000779,81,20221023-215548
0,0,경기76아4652,3,41,233000125,233002296,101,20221023-215548
0,0,경기76아1123,3,49,233000125,277101688,55,20221023-215548
0,0,경기76아1132,3,46,233000125,233000842,31,20221023-215548
0,0,경기76아1122,3,18,233000125,233000779,81,20221023-215603
0,0,경기76아4652,3,41,233000125,233000207,102,20221023-215603
0,0,경기76아1123,3,49,233000125,277101688,55,20221023-215603
0,0,경기76아1132,3,46,233000125,233002149,32,20221023-215603
0,0,경기76아1122,3,18,233000125,233000779,81,20221023-215618
0,0,경기76아4652,3,41,233000125,233000207,102,20221023-215618
0,0,경기76아1123,3,49,233000125,277101688,55,20221023-215618
0,0,경기76아1132,3,46,233000125,233002149,32,20221023-215618
0,0,경기76아1122,3,18,233000125,233000779,81,20221023-215634
0,0,경기76아4652,3,41,233000125,233002216,103,20221023-215634
0,0,경기76아1132,3,46,233000125,233002149,32,20221023-215634
0,0,경기76아1123,3,49,233000125,119900083,56,20221023-215634
0,0,경기76아4652,3,41,233000125,233002216,103,20221023-215648
0,0,경기76아1122,3,18,233000125,233000778,82,20221023-215648
0,0,경기76아1123,3,49,233000125,119900083,56,20221023-215648
0,0,경기76아1132,3,46,233000125,233000717,33,20221023-215648
0,0,경기76아1122,3,18,233000125,233000778,82,20221023-215703
0,0,경기76아4652,3,42,233000125,233002216,103,20221023-215703
0,0,경기76아1123,3,49,233000125,119900083,56,20221023-215703
0,0,경기76아1132,3,46,233000125,233000716,34,20221023-215703
0,0,경기76아1122,3,18,233000125,233000778,82,20221023-215718
0,0,경기76아4652,3,42,233000125,233002216,103,20221023-215718
0,0,경기76아1123,3,49,233000125,119900083,56,20221023-215718
0,0,경기76아1132,3,46,233000125,233000059,35,20221023-215718
0,0,경기76아1122,3,18,233000125,233000778,82,20221023-215733
0,0,경기76아4652,3,42,233000125,233002216,103,20221023-215733
0,0,경기76아1123,3,49,233000125,119900083,56,20221023-215733
0,0,경기76아1132,3,46,233000125,233000891,36,20221023-215733
0,0,경기76아4652,3,42,233000125,233002223,104,20221023-215748
0,0,경기76아1122,3,18,233000125,233000777,83,20221023-215748
0,0,경기76아1123,3,49,233000125,119900083,56,20221023-215748
0,0,경기76아1132,3,46,233000125,233000891,36,20221023-215748
0,0,경기76아4652,3,42,233000125,233002223,104,20221023-215803
0,0,경기76아1122,3,18,233000125,233000777,83,20221023-215803
0,0,경기76아1123,3,49,233000125,119900083,56,20221023-215803
0,0,경기76아1132,3,46,233000125,233000891,36,20221023-215803
0,0,경기76아4652,3,42,233000125,233002223,104,20221023-215818
0,0,경기76아1122,3,18,233000125,233000776,84,20221023-215818
0,0,경기76아1123,3,49,233000125,119900083,56,20221023-215818
0,0,경기76아1132,3,46,233000125,233000891,36,20221023-215818
0,0,경기76아1122,3,18,233000125,233000776,84,20221023-215833
0,0,경기76아4652,3,43,233000125,233002223,104,20221023-215833
0,0,경기76아1123,3,49,233000125,119900083,56,20221023-215833
0,0,경기76아1132,3,46,233000125,233000891,36,20221023-215833
0,0,경기76아4652,3,43,233000125,233002223,104,20221023-215848
0,0,경기76아1122,3,18,233000125,233000774,85,20221023-215848
0,0,경기76아1123,3,49,233000125,119900083,56,20221023-215848
0,0,경기76아1132,3,46,233000125,233000891,36,20221023-215848
0,0,경기76아1122,3,18,233000125,233000774,85,20221023-215903
0,0,경기76아4652,3,43,233000125,233002214,105,20221023-215903
0,0,경기76아1123,3,49,233000125,119900083,56,20221023-215903
0,0,경기76아1132,3,46,233000125,233000715,37,20221023-215903
0,0,경기76아1122,3,18,233000125,233000774,85,20221023-215918
0,0,경기76아4652,3,43,233000125,233002214,105,20221023-215918
0,0,경기76아1132,3,46,233000125,233000715,37,20221023-215918
0,0,경기76아1123,3,11,233000125,119900083,56,20221023-215918
0,0,경기76아4652,3,43,233000125,233002214,105,20221023-215933
0,0,경기76아1122,3,18,233000125,233000774,85,20221023-215933
0,0,경기76아1132,3,46,233000125,233000715,37,20221023-215933
0,0,경기76아1123,3,11,233000125,119900083,56,20221023-215933
0,0,경기76아4652,3,43,233000125,233002214,105,20221023-215948
0,0,경기76아1122,3,18,233000125,233000774,85,20221023-215948
0,0,경기76아1123,3,11,233000125,119900083,56,20221023-215948
0,0,경기76아1132,3,46,233000125,233000714,38,20221023-215948
0,0,경기76아4652,3,43,233000125,233002214,105,20221023-220006
0,0,경기76아1122,3,18,233000125,233000773,86,20221023-220006
0,0,경기76아1123,3,11,233000125,119900083,56,20221023-220006
0,0,경기76아1132,3,46,233000125,233000713,39,20221023-220006
0,0,경기76아4652,3,43,233000125,233002214,105,20221023-220018
0,0,경기76아1122,3,18,233000125,233000773,86,20221023-220018
0,0,경기76아1123,3,11,233000125,119900083,56,20221023-220018
0,0,경기76아1132,3,46,233000125,233000713,39,20221023-220018
0,0,경기76아1122,3,18,233000125,233000773,86,20221023-220033
0,0,경기76아1123,3,11,233000125,119900083,56,20221023-220033
0,0,경기76아1132,3,46,233000125,233000713,39,20221023-220033
0,0,경기76아1122,3,18,233000125,233000773,86,20221023-220048
0,0,경기76아1123,3,11,233000125,119900083,56,20221023-220048
0,0,경기76아1132,3,46,233000125,233000713,39,20221023-220048
0,0,경기76아1122,3,18,233000125,233000773,86,20221023-220103
0,0,경기76아1123,3,11,233000125,119900083,56,20221023-220103
0,0,경기76아4649,3,45,233000125,233002226,1,20221023-220103
0,0,경기76아1132,3,46,233000125,233000712,40,20221023-220103
0,0,경기76아1122,3,18,233000125,233000773,86,20221023-220118
0,0,경기76아1123,3,11,233000125,119900083,56,20221023-220118
0,0,경기76아4649,3,45,233000125,233002226,1,20221023-220118
0,0,경기76아1132,3,46,233000125,233000712,40,20221023-220118
0,0,경기76아1122,3,19,233000125,233003082,87,20221023-220133
0,0,경기76아1123,3,11,233000125,119900083,56,20221023-220133
0,0,경기76아4649,3,45,233000125,277102459,2,20221023-220133
0,0,경기76아1132,3,46,233000125,233000712,40,20221023-220133
0,0,경기76아1122,3,19,233000125,233003082,87,20221023-220148
0,0,경기76아1132,3,46,233000125,233000712,40,20221023-220148
0,0,경기76아4649,3,45,233000125,277102459,2,20221023-220148
0,0,경기76아1123,3,11,233000125,277103902,53,20221023-220148
0,0,경기76아1122,3,19,233000125,233003082,87,20221023-220203
0,0,경기76아1132,3,46,233000125,233000712,40,20221023-220203
0,0,경기76아1123,3,11,233000125,277102049,57,20221023-220203
0,0,경기76아4649,3,45,233000125,277102459,2,20221023-220203
0,0,경기76아1122,3,19,233000125,233003082,87,20221023-220218
0,0,경기76아1132,3,46,233000125,233000712,40,20221023-220218
0,0,경기76아1123,3,11,233000125,277102049,57,20221023-220218
0,0,경기76아4649,3,45,233000125,277102459,2,20221023-220218
0,0,경기76아1122,3,19,233000125,233003082,87,20221023-220233
0,0,경기76아1132,3,46,233000125,233000712,40,20221023-220233
0,0,경기76아4649,3,45,233000125,277102459,2,20221023-220233
0,0,경기76아1123,3,11,233000125,277102049,57,20221023-220233
0,0,경기76아1122,3,19,233000125,233003082,87,20221023-220248
0,0,경기76아1132,3,46,233000125,233000712,40,20221023-220248
0,0,경기76아1123,3,11,233000125,277102049,57,20221023-220248
0,0,경기76아4649,3,45,233000125,233002221,3,20221023-220248
0,0,경기76아1122,3,19,233000125,233003082,87,20221023-220303
0,0,경기76아1132,3,46,233000125,233000712,40,20221023-220303
0,0,경기76아4649,3,45,233000125,233002221,3,20221023-220303
0,0,경기76아1123,3,11,233000125,277102049,57,20221023-220303
0,0,경기76아1122,3,19,233000125,233003082,87,20221023-220318
0,0,경기76아1132,3,46,233000125,233000712,40,20221023-220318
0,0,경기76아4649,3,45,233000125,233002221,3,20221023-220318
0,0,경기76아1123,3,11,233000125,277102291,58,20221023-220318
0,0,경기76아1122,3,19,233000125,233003082,87,20221023-220333
0,0,경기76아4649,3,45,233000125,233002221,3,20221023-220333
0,0,경기76아1132,3,46,233000125,233000712,40,20221023-220333
0,0,경기76아1123,3,11,233000125,277102291,58,20221023-220333
0,0,경기76아1122,3,19,233000125,233003082,87,20221023-220348
0,0,경기76아1123,3,11,233000125,277102291,58,20221023-220348
0,0,경기76아1132,3,46,233000125,233000712,40,20221023-220348
0,0,경기76아4649,3,45,233000125,233002224,4,20221023-220348
0,0,경기76아1122,3,19,233000125,233000772,88,20221023-220403
0,0,경기76아1123,3,11,233000125,277102291,58,20221023-220403
0,0,경기76아4649,3,45,233000125,233002224,4,20221023-220403
0,0,경기76아1132,3,46,233000125,233000712,40,20221023-220403
0,0,경기76아1122,3,19,233000125,233000772,88,20221023-220418
0,0,경기76아1132,3,46,233000125,233000712,40,20221023-220418
0,0,경기76아4649,3,45,233000125,233002224,4,20221023-220418
0,0,경기76아1123,3,11,233000125,277102291,58,20221023-220418
0,0,경기76아1122,3,19,233000125,233000772,88,20221023-220433
0,0,경기76아1123,3,11,233000125,277102291,58,20221023-220433
0,0,경기76아4649,3,45,233000125,233002225,5,20221023-220433
0,0,경기76아1132,3,46,233000125,233000712,40,20221023-220433
0,0,경기76아1122,3,19,233000125,233000772,88,20221023-220448
0,0,경기76아1123,3,11,233000125,277102291,58,20221023-220448
0,0,경기76아1132,3,46,233000125,233000712,40,20221023-220448
0,0,경기76아4649,3,45,233000125,233002225,5,20221023-220448
0,0,경기76아1122,3,19,233000125,233000772,88,20221023-220503
0,0,경기76아1123,3,11,233000125,277102291,58,20221023-220503
0,0,경기76아1132,3,46,233000125,233000712,40,20221023-220503
0,0,경기76아4649,3,45,233000125,233002225,5,20221023-220503
0,0,경기76아1122,3,19,233000125,233000772,88,20221023-220518
0,0,경기76아1132,3,46,233000125,233000712,40,20221023-220518
0,0,경기76아4649,3,45,233000125,233002225,5,20221023-220518
0,0,경기76아1123,3,11,233000125,277102291,58,20221023-220518
0,0,경기76아1122,3,19,233000125,233000771,89,20221023-220533
0,0,경기76아4649,3,45,233000125,233002225,5,20221023-220533
0,0,경기76아1123,3,11,233000125,277103204,59,20221023-220533
0,0,경기76아1132,3,46,233000125,233000712,40,20221023-220533
0,0,경기76아1122,3,19,233000125,233000771,89,20221023-220548
0,0,경기76아1123,3,11,233000125,277103204,59,20221023-220548
0,0,경기76아1132,3,46,233000125,277103520,41,20221023-220548
0,0,경기76아4649,3,45,233000125,233002295,6,20221023-220548
0,0,경기76아1122,3,19,233000125,233000770,90,20221023-220604
0,0,경기76아4649,3,45,233000125,233002295,6,20221023-220604
0,0,경기76아1123,3,11,233000125,277103204,59,20221023-220604
0,0,경기76아1132,3,46,233000125,277103520,41,20221023-220604
0,0,경기76아1122,3,19,233000125,233000770,90,20221023-220618
0,0,경기76아4649,3,45,233000125,233002295,6,20221023-220618
0,0,경기76아1123,3,11,233000125,277103204,59,20221023-220618
0,0,경기76아1132,3,46,233000125,277103520,41,20221023-220618
0,0,경기76아1122,3,19,233000125,233000770,90,20221023-220633
0,0,경기76아4649,3,45,233000125,233002295,6,20221023-220633
0,0,경기76아1132,3,46,233000125,277103520,41,20221023-220633
0,0,경기76아1123,3,11,233000125,277103204,59,20221023-220633
0,0,경기76아1122,3,19,233000125,233000770,90,20221023-220648
0,0,경기76아4649,3,45,233000125,233002295,6,20221023-220648
0,0,경기76아1123,3,11,233000125,277103204,59,20221023-220648
0,0,경기76아1132,3,46,233000125,277103520,41,20221023-220648
0,0,경기76아1122,3,19,233000125,233000770,90,20221023-220703
0,0,경기76아4649,3,45,233000125,233002295,6,20221023-220703
0,0,경기76아1123,3,11,233000125,277103204,59,20221023-220703
0,0,경기76아1132,3,46,233000125,277103520,41,20221023-220703
0,0,경기76아1122,3,19,233000125,233000770,90,20221023-220718
0,0,경기76아4649,3,45,233000125,233002295,6,20221023-220718
0,0,경기76아1132,3,46,233000125,277103520,41,20221023-220718
0,0,경기76아1123,3,11,233000125,277103202,60,20221023-220718
0,0,경기76아1122,3,19,233000125,233000770,90,20221023-220733
0,0,경기76아1132,3,46,233000125,277103520,41,20221023-220733
0,0,경기76아1123,3,11,233000125,277103202,60,20221023-220733
0,0,경기76아4649,3,45,233000125,233002295,6,20221023-220733
0,0,경기76아1122,3,19,233000125,233000770,90,20221023-220748
0,0,경기76아1132,3,46,233000125,277103520,41,20221023-220748
0,0,경기76아1123,3,11,233000125,277103202,60,20221023-220748
0,0,경기76아4649,3,45,233000125,233001041,7,20221023-220748
0,0,경기76아1122,3,19,233000125,233000770,90,20221023-220803
0,0,경기76아4649,3,45,233000125,233001041,7,20221023-220803
0,0,경기76아1132,3,46,233000125,277103520,41,20221023-220803
0,0,경기76아1123,3,11,233000125,277103202,60,20221023-220803
0,0,경기76아1122,3,19,233000125,233000770,90,20221023-220818
0,0,경기76아1132,3,46,233000125,277103520,41,20221023-220818
0,0,경기76아1123,3,11,233000125,277103202,60,20221023-220818
0,0,경기76아4649,3,45,233000125,233002131,8,20221023-220818
0,0,경기76아1122,3,19,233000125,233000770,90,20221023-220833
0,0,경기76아4649,3,45,233000125,233002131,8,20221023-220833
0,0,경기76아1132,3,46,233000125,277103528,42,20221023-220833
0,0,경기76아1123,3,11,233000125,277103201,61,20221023-220833
0,0,경기76아1122,3,19,233000125,233000770,90,20221023-220848
0,0,경기76아1132,3,46,233000125,277103528,42,20221023-220848
0,0,경기76아4649,3,45,233000125,233000148,9,20221023-220848
0,0,경기76아1123,3,11,233000125,277103201,61,20221023-220848
0,0,경기76아1122,3,19,233000125,233000770,90,20221023-220903
0,0,경기76아1123,3,11,233000125,277103201,61,20221023-220903
0,0,경기76아1132,3,46,233000125,277103528,42,20221023-220903
0,0,경기76아4649,3,-1,233000125,233000148,9,20221023-220903
0,0,경기76아1122,3,19,233000125,233000769,91,20221023-220918
0,0,경기76아1123,3,11,233000125,277103201,61,20221023-220918
0,0,경기76아1132,3,46,233000125,277103528,42,20221023-220918
0,0,경기76아4649,3,-1,233000125,233000148,9,20221023-220918
0,0,경기76아1122,3,19,233000125,233000769,91,20221023-220933
0,0,경기76아1123,3,11,233000125,277103201,61,20221023-220933
0,0,경기76아1132,3,46,233000125,277103317,43,20221023-220933
0,0,경기76아4649,3,45,233000125,233000191,10,20221023-220933
0,0,경기76아1122,3,19,233000125,233000768,92,20221023-220948
0,0,경기76아1132,3,46,233000125,277103317,43,20221023-220948
0,0,경기76아4649,3,45,233000125,233000191,10,20221023-220948
0,0,경기76아1123,3,11,233000125,277103201,61,20221023-220948
0,0,경기76아1122,3,19,233000125,233000768,92,20221023-221003
0,0,경기76아1123,3,11,233000125,277103201,61,20221023-221003
0,0,경기76아1132,3,46,233000125,277103317,43,20221023-221003
0,0,경기76아4649,3,45,233000125,233000190,11,20221023-221003
0,0,경기76아1122,3,19,233000125,233000768,92,20221023-221018
0,0,경기76아1132,3,46,233000125,277103317,43,20221023-221018
0,0,경기76아4649,3,45,233000125,233000190,11,20221023-221018
0,0,경기76아1123,3,11,233000125,277103201,61,20221023-221018
0,0,경기76아1122,3,19,233000125,233000768,92,20221023-221033
0,0,경기76아1132,3,46,233000125,277103317,43,20221023-221033
0,0,경기76아4649,3,45,233000125,233000190,11,20221023-221033
0,0,경기76아1123,3,11,233000125,277103201,61,20221023-221033
0,0,경기76아1122,3,27,233000125,233000768,92,20221023-221049
0,0,경기76아1132,3,46,233000125,277103317,43,20221023-221049
0,0,경기76아4649,3,45,233000125,233000190,11,20221023-221049
0,0,경기76아1123,3,11,233000125,277103201,61,20221023-221049
0,0,경기76아1122,3,27,233000125,233000768,92,20221023-221103
0,0,경기76아1132,3,46,233000125,277103317,43,20221023-221103
0,0,경기76아1123,3,11,233000125,277103201,61,20221023-221103
0,0,경기76아4649,3,45,233000125,233000189,12,20221023-221103
0,0,경기76아1122,3,27,233000125,233001749,93,20221023-221118
0,0,경기76아1132,3,46,233000125,277103317,43,20221023-221118
0,0,경기76아1123,3,11,233000125,277103158,62,20221023-221118
0,0,경기76아4649,3,45,233000125,233000189,12,20221023-221118
0,0,경기76아1122,3,27,233000125,233001749,93,20221023-221133
0,0,경기76아1132,3,46,233000125,277103317,43,20221023-221133
0,0,경기76아1123,3,11,233000125,277103158,62,20221023-221133
0,0,경기76아4649,3,45,233000125,233001943,13,20221023-221133
0,0,경기76아1122,3,27,233000125,233002159,94,20221023-221148
0,0,경기76아1123,3,11,233000125,277103158,62,20221023-221148
0,0,경기76아4649,3,45,233000125,233001943,13,20221023-221148
0,0,경기76아1132,3,46,233000125,277103317,43,20221023-221148
0,0,경기76아1122,3,27,233000125,233002159,94,20221023-221203
0,0,경기76아1123,3,11,233000125,277103158,62,20221023-221203
0,0,경기76아4649,3,44,233000125,233000188,14,20221023-221203
0,0,경기76아1132,3,46,233000125,277103315,44,20221023-221203
0,0,경기76아1122,3,31,233000125,233002159,94,20221023-221218
0,0,경기76아4649,3,44,233000125,233000188,14,20221023-221218
0,0,경기76아1132,3,46,233000125,277103315,44,20221023-221218
0,0,경기76아1123,3,11,233000125,277103158,62,20221023-221218
0,0,경기76아1122,3,31,233000125,233002159,94,20221023-221233
0,0,경기76아1132,3,46,233000125,277103315,44,20221023-221233
0,0,경기76아1123,3,11,233000125,277103220,63,20221023-221233
0,0,경기76아4649,3,43,233000125,233000188,14,20221023-221233
0,0,경기76아1122,3,31,233000125,233002159,94,20221023-221248
0,0,경기76아4649,3,43,233000125,233000188,14,20221023-221248
0,0,경기76아1123,3,11,233000125,277103220,63,20221023-221248
0,0,경기76아1132,3,46,233000125,277103315,44,20221023-221248
0,0,경기76아1122,3,31,233000125,233002159,94,20221023-221303
0,0,경기76아4649,3,43,233000125,233000188,14,20221023-221303
0,0,경기76아1123,3,11,233000125,277103220,63,20221023-221303
0,0,경기76아1132,3,46,233000125,277103315,44,20221023-221303
0,0,경기76아1122,3,31,233000125,233002159,94,20221023-221318
0,0,경기76아4649,3,43,233000125,233000188,14,20221023-221318
0,0,경기76아1123,3,11,233000125,277103220,63,20221023-221318
0,0,경기76아1132,3,46,233000125,277103315,44,20221023-221318
0,0,경기76아1122,3,31,233000125,233002159,94,20221023-221333
0,0,경기76아4649,3,43,233000125,233000188,14,20221023-221333
0,0,경기76아1123,3,11,233000125,277103220,63,20221023-221333
0,0,경기76아1132,3,46,233000125,277103315,44,20221023-221333
0,0,경기76아1122,3,31,233000125,233002159,94,20221023-221349
0,0,경기76아4649,3,43,233000125,233000188,14,20221023-221349
0,0,경기76아1123,3,11,233000125,277103220,63,20221023-221349
0,0,경기76아1132,3,46,233000125,277103315,44,20221023-221349
0,0,경기76아1122,3,31,233000125,233001828,95,20221023-221403
0,0,경기76아1123,3,11,233000125,277103220,63,20221023-221403
0,0,경기76아4649,3,43,233000125,233001318,15,20221023-221403
0,0,경기76아1132,3,46,233000125,226000039,45,20221023-221403
0,0,경기76아1122,3,31,233000125,233001828,95,20221023-221418
0,0,경기76아1123,3,11,233000125,277103220,63,20221023-221418
0,0,경기76아4649,3,43,233000125,233001318,15,20221023-221418
0,0,경기76아1132,3,46,233000125,226000039,45,20221023-221418
0,0,경기76아1122,3,31,233000125,233001828,95,20221023-221433
0,0,경기76아1123,3,11,233000125,277103220,63,20221023-221433
0,0,경기76아1132,3,46,233000125,226000039,45,20221023-221433
0,0,경기76아4649,3,43,233000125,233001318,15,20221023-221433
0,0,경기76아1122,3,-1,233000125,233001828,95,20221023-221448
0,0,경기76아1123,3,11,233000125,226000038,64,20221023-221448
0,0,경기76아4649,3,43,233000125,233001318,15,20221023-221448
0,0,경기76아1132,3,46,233000125,226000039,45,20221023-221448
0,0,경기76아1122,3,-1,233000125,233001828,95,20221023-221503
0,0,경기76아1123,3,11,233000125,226000038,64,20221023-221503
0,0,경기76아4649,3,43,233000125,233001318,15,20221023-221503
0,0,경기76아1132,3,46,233000125,226000039,45,20221023-221503
0,0,경기76아1122,3,-1,233000125,233001828,95,20221023-221518
0,0,경기76아1132,3,46,233000125,226000039,45,20221023-221518
0,0,경기76아4649,3,43,233000125,233000730,16,20221023-221518
0,0,경기76아1123,3,10,233000125,226000038,64,20221023-221518
0,0,경기76아1122,3,-1,233000125,233001828,95,20221023-221533
0,0,경기76아4649,3,43,233000125,233000730,16,20221023-221533
0,0,경기76아1123,3,10,233000125,226000038,64,20221023-221533
0,0,경기76아1132,3,-1,233000125,226000039,45,20221023-221533
0,0,경기76아1122,3,-1,233000125,233001828,95,20221023-221548
0,0,경기76아1123,3,10,233000125,226000038,64,20221023-221548
0,0,경기76아1132,3,-1,233000125,226000039,45,20221023-221548
0,0,경기76아4649,3,42,233000125,233000730,16,20221023-221548
0,0,경기76아1122,3,-1,233000125,233001828,95,20221023-221603
0,0,경기76아1123,3,10,233000125,226000038,64,20221023-221603
0,0,경기76아1132,3,46,233000125,277103221,46,20221023-221603
0,0,경기76아4649,3,42,233000125,233000729,17,20221023-221603
0,0,경기76아1122,3,-1,233000125,233001828,95,20221023-221618
0,0,경기76아1123,3,10,233000125,226000038,64,20221023-221618
0,0,경기76아1132,3,46,233000125,277103221,46,20221023-221618
0,0,경기76아4649,3,42,233000125,233000729,17,20221023-221618
0,0,경기76아1122,3,34,233000125,233001828,95,20221023-221633
0,0,경기76아1123,3,10,233000125,226000038,64,20221023-221633
0,0,경기76아1132,3,46,233000125,277103221,46,20221023-221633
0,0,경기76아4649,3,42,233000125,233000729,17,20221023-221633
0,0,경기76아1122,3,34,233000125,233001435,96,20221023-221648
0,0,경기76아4649,3,42,233000125,233000729,17,20221023-221648
0,0,경기76아1123,3,10,233000125,226000038,64,20221023-221648
0,0,경기76아1132,3,46,233000125,277103221,46,20221023-221648
0,0,경기76아1122,3,34,233000125,233001435,96,20221023-221703
0,0,경기76아4649,3,42,233000125,233000729,17,20221023-221703
0,0,경기76아1123,3,10,233000125,277103314,65,20221023-221703
0,0,경기76아1132,3,46,233000125,277103221,46,20221023-221703
0,0,경기76아1122,3,36,233000125,233001435,96,20221023-221718
0,0,경기76아4649,3,42,233000125,233000729,17,20221023-221718
0,0,경기76아1123,3,10,233000125,277103314,65,20221023-221718
0,0,경기76아1132,3,46,233000125,277103221,46,20221023-221718
0,0,경기76아1122,3,36,233000125,233001435,96,20221023-221733
0,0,경기76아4649,3,42,233000125,233000729,17,20221023-221733
0,0,경기76아1132,3,46,233000125,277103221,46,20221023-221733
0,0,경기76아1123,3,10,233000125,277103314,65,20221023-221733
0,0,경기76아1122,3,36,233000125,233000208,97,20221023-221748
0,0,경기76아1132,3,46,233000125,277103221,46,20221023-221748
0,0,경기76아1123,3,10,233000125,277103314,65,20221023-221748
0,0,경기76아4649,3,42,233000125,233000729,17,20221023-221748
0,0,경기76아1122,3,37,233000125,233001043,98,20221023-221803
0,0,경기76아1132,3,46,233000125,277103221,46,20221023-221803
0,0,경기76아1123,3,10,233000125,277103314,65,20221023-221803
0,0,경기76아4649,3,42,233000125,233000729,17,20221023-221803
0,0,경기76아1122,3,37,233000125,233001043,98,20221023-221818
0,0,경기76아1132,3,46,233000125,277103221,46,20221023-221818
0,0,경기76아1123,3,10,233000125,277103314,65,20221023-221818
0,0,경기76아4649,3,42,233000125,233000729,17,20221023-221818
0,0,경기76아1122,3,37,233000125,233001043,98,20221023-221833
0,0,경기76아1132,3,46,233000125,277103221,46,20221023-221833
0,0,경기76아1123,3,10,233000125,277103314,65,20221023-221833
0,0,경기76아4649,3,-1,233000125,233000729,17,20221023-221833
0,0,경기76아1122,3,43,233000125,233001043,98,20221023-221848
0,0,경기76아1123,3,10,233000125,277103314,65,20221023-221848
0,0,경기76아4649,3,42,233000125,233000728,18,20221023-221848
0,0,경기76아1132,3,46,233000125,277103159,47,20221023-221848
0,0,경기76아1122,3,43,233000125,233001043,98,20221023-221903
0,0,경기76아1123,3,10,233000125,277103314,65,20221023-221903
0,0,경기76아1132,3,46,233000125,277103159,47,20221023-221903
0,0,경기76아4649,3,42,233000125,233001404,19,20221023-221903
0,0,경기76아1122,3,43,233000125,233001043,98,20221023-221918
0,0,경기76아1132,3,46,233000125,277103159,47,20221023-221918
0,0,경기76아1123,3,10,233000125,277103314,65,20221023-221918
0,0,경기76아4649,3,42,233000125,233000727,20,20221023-221918
0,0,경기76아1122,3,43,233000125,233001043,98,20221023-221933
0,0,경기76아1132,3,46,233000125,277103159,47,20221023-221933
0,0,경기76아4649,3,42,233000125,233000727,20,20221023-221933
0,0,경기76아1123,3,10,233000125,277103316,66,20221023-221933
0,0,경기76아1122,3,43,233000125,233002130,99,20221023-221948
0,0,경기76아1132,3,46,233000125,277103159,47,20221023-221948
0,0,경기76아1123,3,10,233000125,277103316,66,20221023-221948
0,0,경기76아4649,3,42,233000125,233000727,20,20221023-221948
0,0,경기76아1122,3,43,233000125,233002130,99,20221023-222003
0,0,경기76아1123,3,10,233000125,277103316,66,20221023-222003
0,0,경기76아4649,3,42,233000125,233000727,20,20221023-222003
0,0,경기76아1132,3,46,233000125,277103200,48,20221023-222003
0,0,경기76아1122,3,43,233000125,233001042,100,20221023-222018
0,0,경기76아4649,3,42,233000125,233000727,20,20221023-222018
0,0,경기76아1132,3,46,233000125,277103200,48,20221023-222018
0,0,경기76아1123,3,10,233000125,277103316,66,20221023-222018
0,0,경기76아1122,3,44,233000125,233001042,100,20221023-222033
0,0,경기76아4649,3,42,233000125,233000726,21,20221023-222033
0,0,경기76아1132,3,46,233000125,277103200,48,20221023-222033
0,0,경기76아1123,3,10,233000125,277103527,67,20221023-222033
0,0,경기76아1122,3,44,233000125,233001042,100,20221023-222048
0,0,경기76아4649,3,42,233000125,233000726,21,20221023-222048
0,0,경기76아1132,3,46,233000125,277103200,48,20221023-222048
0,0,경기76아1123,3,10,233000125,277103527,67,20221023-222048
0,0,경기76아1122,3,44,233000125,233001042,100,20221023-222103
0,0,경기76아4649,3,42,233000125,233000726,21,20221023-222103
0,0,경기76아1132,3,46,233000125,277103200,48,20221023-222103
0,0,경기76아1123,3,10,233000125,277103527,67,20221023-222103
0,0,경기76아1122,3,44,233000125,233002296,101,20221023-222118
0,0,경기76아4649,3,42,233000125,233000726,21,20221023-222118
0,0,경기76아1132,3,46,233000125,277103200,48,20221023-222118
0,0,경기76아1123,3,10,233000125,277103527,67,20221023-222118
0,0,경기76아1122,3,44,233000125,233000207,102,20221023-222133
0,0,경기76아1123,3,10,233000125,277103527,67,20221023-222133
0,0,경기76아4649,3,42,233000125,233000726,21,20221023-222133
0,0,경기76아1132,3,46,233000125,277103200,48,20221023-222133
0,0,경기76아1122,3,44,233000125,233000207,102,20221023-222148
0,0,경기76아1123,3,10,233000125,277103527,67,20221023-222148
0,0,경기76아4649,3,42,233000125,233000726,21,20221023-222148
0,0,경기76아1132,3,46,233000125,277103200,48,20221023-222148
0,0,경기76아1122,3,44,233000125,233000207,102,20221023-222203
0,0,경기76아4649,3,42,233000125,233000726,21,20221023-222203
0,0,경기76아1123,3,10,233000125,277103527,67,20221023-222203
0,0,경기76아1132,3,46,233000125,277103200,48,20221023-222203
0,0,경기76아1122,3,46,233000125,233000207,102,20221023-222218
0,0,경기76아4649,3,42,233000125,233000726,21,20221023-222218
0,0,경기76아1123,3,10,233000125,277103527,67,20221023-222218
0,0,경기76아1132,3,46,233000125,277103203,49,20221023-222218
0,0,경기76아1122,3,46,233000125,233000207,102,20221023-222233
0,0,경기76아1123,3,10,233000125,277103527,67,20221023-222233
0,0,경기76아4649,3,42,233000125,233000726,21,20221023-222233
0,0,경기76아1132,3,46,233000125,277103203,49,20221023-222233
0,0,경기76아1122,3,46,233000125,233002216,103,20221023-222248
0,0,경기76아1132,3,46,233000125,277103203,49,20221023-222248
0,0,경기76아4649,3,42,233000125,233000726,21,20221023-222248
0,0,경기76아1123,3,10,233000125,277103527,67,20221023-222248
0,0,경기76아1122,3,46,233000125,233002216,103,20221023-222303
0,0,경기76아1132,3,46,233000125,277103203,49,20221023-222303
0,0,경기76아4649,3,42,233000125,233000725,22,20221023-222303
0,0,경기76아1123,3,10,233000125,277103519,68,20221023-222303
0,0,경기76아1122,3,46,233000125,233002223,104,20221023-222318
0,0,경기76아1132,3,46,233000125,277103203,49,20221023-222318
0,0,경기76아1123,3,10,233000125,277103519,68,20221023-222318
0,0,경기76아4649,3,42,233000125,233002118,23,20221023-222318
0,0,경기76아1122,3,46,233000125,233002223,104,20221023-222333
0,0,경기76아1123,3,10,233000125,277103519,68,20221023-222333
0,0,경기76아4649,3,42,233000125,233002118,23,20221023-222333
0,0,경기76아1132,3,46,233000125,277103203,49,20221023-222333
0,0,경기76아1122,3,46,233000125,233002223,104,20221023-222348
0,0,경기76아1123,3,10,233000125,277103519,68,20221023-222348
0,0,경기76아4649,3,42,233000125,233002118,23,20221023-222348
0,0,경기76아1132,3,46,233000125,277103203,49,20221023-222348
0,0,경기76아1122,3,46,233000125,233002223,104,20221023-222403
0,0,경기76아1123,3,10,233000125,277103519,68,20221023-222403
0,0,경기76아4649,3,42,233000125,233002118,23,20221023-222403
0,0,경기76아1132,3,46,233000125,277103205,50,20221023-222403
0,0,경기76아1122,3,46,233000125,233002223,104,20221023-222418
0,0,경기76아1123,3,10,233000125,277103519,68,20221023-222418
0,0,경기76아4649,3,42,233000125,233002118,23,20221023-222418
0,0,경기76아1132,3,46,233000125,277103205,50,20221023-222418
0,0,경기76아1122,3,46,233000125,233002223,104,20221023-222433
0,0,경기76아1123,3,10,233000125,277103519,68,20221023-222433
0,0,경기76아1132,3,46,233000125,277103205,50,20221023-222433
0,0,경기76아4649,3,42,233000125,233000724,24,20221023-222433
0,0,경기76아1122,3,47,233000125,233002214,105,20221023-222448
0,0,경기76아1123,3,10,233000125,277103519,68,20221023-222448
0,0,경기76아1132,3,46,233000125,277103205,50,20221023-222448
0,0,경기76아4649,3,42,233000125,233000724,24,20221023-222448
0,0,경기76아1122,3,47,233000125,233002214,105,20221023-222503
0,0,경기76아1123,3,10,233000125,277103519,68,20221023-222503
0,0,경기76아1132,3,46,233000125,277103205,50,20221023-222503
0,0,경기76아4649,3,42,233000125,233000723,25,20221023-222503
0,0,경기76아1122,3,47,233000125,233002214,105,20221023-222518
0,0,경기76아1132,3,46,233000125,277103205,50,20221023-222518
0,0,경기76아1123,3,10,233000125,233000781,69,20221023-222518
0,0,경기76아4649,3,42,233000125,233000722,26,20221023-222518
0,0,경기76아1122,3,47,233000125,233002214,105,20221023-222533
0,0,경기76아1132,3,46,233000125,277103205,50,20221023-222533
0,0,경기76아1123,3,10,233000125,233000781,69,20221023-222533
0,0,경기76아4649,3,42,233000125,233000722,26,20221023-222533
0,0,경기76아1122,3,47,233000125,233002214,105,20221023-222548
0,0,경기76아1123,3,10,233000125,233000781,69,20221023-222548
0,0,경기76아4649,3,42,233000125,233000722,26,20221023-222548
0,0,경기76아1132,3,46,233000125,277103205,50,20221023-222548
0,0,경기76아1122,3,47,233000125,233002214,105,20221023-222603
0,0,경기76아1123,3,10,233000125,233000781,69,20221023-222603
0,0,경기76아4649,3,42,233000125,233000722,26,20221023-222603
0,0,경기76아1132,3,46,233000125,277103205,50,20221023-222603
0,0,경기76아1122,3,47,233000125,233002214,105,20221023-222618
0,0,경기76아4649,3,42,233000125,233000722,26,20221023-222618
0,0,경기76아1132,3,46,233000125,277103205,50,20221023-222618
0,0,경기76아1123,3,-1,233000125,233000781,69,20221023-222618
0,0,경기76아1122,3,47,233000125,233002214,105,20221023-222633
0,0,경기76아4649,3,42,233000125,233000722,26,20221023-222633
0,0,경기76아1132,3,46,233000125,277103205,50,20221023-222633
0,0,경기76아1123,3,11,233000125,233000781,69,20221023-222633
0,0,경기76아1132,3,46,233000125,277103205,50,20221023-222648
0,0,경기76아1123,3,11,233000125,233000781,69,20221023-222648
0,0,경기76아4649,3,42,233000125,233000721,27,20221023-222648
0,0,경기76아1132,3,46,233000125,277103205,50,20221023-222703
0,0,경기76아1123,3,11,233000125,233000781,69,20221023-222703
0,0,경기76아4649,3,42,233000125,233000721,27,20221023-222703
0,0,경기76아4649,3,42,233000125,233000721,27,20221023-222718
0,0,경기76아1132,3,46,233000125,277103903,51,20221023-222718
0,0,경기76아1123,3,11,233000125,233000849,70,20221023-222718
0,0,경기76아1132,3,46,233000125,277103903,51,20221023-222733
0,0,경기76아1123,3,11,233000125,233000849,70,20221023-222733
0,0,경기76아4649,3,42,233000125,233000721,27,20221023-222733
0,0,경기76아4649,3,42,233000125,233000721,27,20221023-222748
0,0,경기76아1123,3,11,233000125,233000848,71,20221023-222748
0,0,경기76아1132,3,46,233000125,120000671,52,20221023-222748
0,0,경기76아1123,3,11,233000125,233000848,71,20221023-222803
0,0,경기76아4649,3,42,233000125,233000720,28,20221023-222803
0,0,경기76아1132,3,46,233000125,120000671,52,20221023-222803
0,0,경기76아1123,3,11,233000125,233000848,71,20221023-222818
0,0,경기76아1132,3,46,233000125,120000671,52,20221023-222818
0,0,경기76아4649,3,42,233000125,233000720,28,20221023-222818
0,0,경기76아1132,3,46,233000125,120000671,52,20221023-222833
0,0,경기76아4649,3,42,233000125,233000720,28,20221023-222833
0,0,경기76아1123,3,11,233000125,233000847,72,20221023-222833
0,0,경기76아4649,3,42,233000125,233000720,28,20221023-222848
0,0,경기76아1123,3,11,233000125,233000847,72,20221023-222848
0,0,경기76아1132,3,46,233000125,277103902,53,20221023-222848
0,0,경기76아4649,3,42,233000125,233000720,28,20221023-222903
0,0,경기76아1132,3,46,233000125,277103902,53,20221023-222903
0,0,경기76아1123,3,11,233000125,233002174,73,20221023-222903
0,0,경기76아1132,3,46,233000125,277103902,53,20221023-222918
0,0,경기76아4649,3,-1,233000125,233000720,28,20221023-222918
0,0,경기76아1123,3,11,233000125,233002174,73,20221023-222918
0,0,경기76아1132,3,46,233000125,277103902,53,20221023-222933
0,0,경기76아4649,3,-1,233000125,233000720,28,20221023-222933
0,0,경기76아1123,3,11,233000125,233000846,75,20221023-222933
0,0,경기76아1132,3,46,233000125,277103902,53,20221023-222948
0,0,경기76아4649,3,42,233000125,233000719,29,20221023-222948
0,0,경기76아1123,3,11,233000125,233000845,76,20221023-222948
0,0,경기76아4649,3,42,233000125,233000719,29,20221023-223004
0,0,경기76아1123,3,11,233000125,233000845,76,20221023-223004
0,0,경기76아1132,3,49,233000125,121001315,54,20221023-223004
0,0,경기76아4649,3,42,233000125,233000719,29,20221023-223018
0,0,경기76아1123,3,11,233000125,233000845,76,20221023-223018
0,0,경기76아1132,3,49,233000125,121001315,54,20221023-223018
0,0,경기76아1132,3,49,233000125,121001315,54,20221023-223033
0,0,경기76아4649,3,42,233000125,233000718,30,20221023-223033
0,0,경기76아1123,3,11,233000125,233002150,77,20221023-223033
0,0,경기76아1132,3,49,233000125,121001315,54,20221023-223048
0,0,경기76아1123,3,11,233000125,233002150,77,20221023-223048
0,0,경기76아4649,3,42,233000125,233000718,30,20221023-223048
0,0,경기76아1132,3,49,233000125,121001315,54,20221023-223104
0,0,경기76아4649,3,42,233000125,233000718,30,20221023-223104
0,0,경기76아1123,3,11,233000125,233002150,77,20221023-223104
0,0,경기76아1132,3,49,233000125,121001315,54,20221023-223119
0,0,경기76아4649,3,42,233000125,233000718,30,20221023-223119
0,0,경기76아1123,3,11,233000125,233000844,78,20221023-223119
0,0,경기76아1132,3,49,233000125,121001315,54,20221023-223134
0,0,경기76아1123,3,11,233000125,233000844,78,20221023-223134
0,0,경기76아4649,3,42,233000125,233000718,30,20221023-223134
0,0,경기76아1132,3,49,233000125,121001315,54,20221023-223149
0,0,경기76아1123,3,11,233000125,233000844,78,20221023-223149
0,0,경기76아4649,3,42,233000125,233000718,30,20221023-223149
0,0,경기76아1132,3,49,233000125,121001315,54,20221023-223204
0,0,경기76아1123,3,11,233000125,233000844,78,20221023-223204
0,0,경기76아4649,3,42,233000125,233000842,31,20221023-223204
0,0,경기76아1123,3,11,233000125,233000844,78,20221023-223219
0,0,경기76아4649,3,42,233000125,233000842,31,20221023-223219
0,0,경기76아1132,3,49,233000125,277101688,55,20221023-223219
0,0,경기76아1123,3,11,233000125,233000844,78,20221023-223234
0,0,경기76아1132,3,49,233000125,277101688,55,20221023-223234
0,0,경기76아4649,3,42,233000125,233000842,31,20221023-223234
0,0,경기76아1123,3,11,233000125,233000844,78,20221023-223249
0,0,경기76아1132,3,49,233000125,277101688,55,20221023-223249
0,0,경기76아4649,3,42,233000125,233000842,31,20221023-223249
0,0,경기76아1123,3,11,233000125,233000844,78,20221023-223304
0,0,경기76아1132,3,49,233000125,277101688,55,20221023-223304
0,0,경기76아4649,3,42,233000125,233002149,32,20221023-223304
0,0,경기76아1132,3,49,233000125,277101688,55,20221023-223318
0,0,경기76아4649,3,42,233000125,233002149,32,20221023-223318
0,0,경기76아1123,3,1,233000125,233000844,78,20221023-223318
0,0,경기76아1132,3,49,233000125,277101688,55,20221023-223333
0,0,경기76아4649,3,42,233000125,233002149,32,20221023-223333
0,0,경기76아1123,3,1,233000125,233000844,78,20221023-223333
0,0,경기76아1132,3,49,233000125,277101688,55,20221023-223348
0,0,경기76아1123,3,0,233000125,233000844,78,20221023-223348
0,0,경기76아4649,3,42,233000125,233000717,33,20221023-223348
0,0,경기76아1132,3,49,233000125,277101688,55,20221023-223404
0,0,경기76아1123,3,0,233000125,233000844,78,20221023-223404
0,0,경기76아4649,3,42,233000125,233000716,34,20221023-223404
0,0,경기76아1123,3,0,233000125,233000844,78,20221023-223418
0,0,경기76아4649,3,42,233000125,233000059,35,20221023-223418
0,0,경기76아1132,3,49,233000125,119900083,56,20221023-223418
0,0,경기76아1123,3,0,233000125,233000844,78,20221023-223433
0,0,경기76아1132,3,49,233000125,119900083,56,20221023-223433
0,0,경기76아4649,3,42,233000125,233000059,35,20221023-223433
0,0,경기76아1132,3,49,233000125,119900083,56,20221023-223448
0,0,경기76아1123,3,0,233000125,233000843,79,20221023-223448
0,0,경기76아4649,3,42,233000125,233000891,36,20221023-223448
0,0,경기76아1132,3,49,233000125,119900083,56,20221023-223503
0,0,경기76아1123,3,0,233000125,233000843,79,20221023-223503
0,0,경기76아4649,3,42,233000125,233000891,36,20221023-223503
0,0,경기76아1132,3,49,233000125,119900083,56,20221023-223518
0,0,경기76아1123,3,0,233000125,233000843,79,20221023-223518
0,0,경기76아4649,3,42,233000125,233000891,36,20221023-223518
0,0,경기76아1132,3,49,233000125,119900083,56,20221023-223533
0,0,경기76아1123,3,0,233000125,233000780,80,20221023-223533
0,0,경기76아4649,3,42,233000125,233000715,37,20221023-223533
0,0,경기76아1132,3,49,233000125,119900083,56,20221023-223548
0,0,경기76아1123,3,0,233000125,233000780,80,20221023-223548
0,0,경기76아4649,3,42,233000125,233000715,37,20221023-223548
0,0,경기76아1132,3,49,233000125,119900083,56,20221023-223603
0,0,경기76아4649,3,42,233000125,233000715,37,20221023-223603
0,0,경기76아1123,3,0,233000125,233000780,80,20221023-223603
0,0,경기76아1132,3,49,233000125,119900083,56,20221023-223618
0,0,경기76아4649,3,42,233000125,233000715,37,20221023-223618
0,0,경기76아1123,3,0,233000125,233000780,80,20221023-223618
0,0,경기76아1132,3,49,233000125,119900083,56,20221023-223633
0,0,경기76아1123,3,0,233000125,233000780,80,20221023-223633
0,0,경기76아4649,3,42,233000125,233000714,38,20221023-223633
0,0,경기76아1132,3,49,233000125,119900083,56,20221023-223648
0,0,경기76아1123,3,0,233000125,233000780,80,20221023-223648
0,0,경기76아4649,3,42,233000125,233000713,39,20221023-223648
0,0,경기76아1132,3,49,233000125,119900083,56,20221023-223703
0,0,경기76아1123,3,0,233000125,233000780,80,20221023-223703
0,0,경기76아4649,3,42,233000125,233000713,39,20221023-223703
0,0,경기76아1132,3,49,233000125,119900083,56,20221023-223718
0,0,경기76아4649,3,42,233000125,233000713,39,20221023-223718
0,0,경기76아1123,3,0,233000125,233000779,81,20221023-223718
0,0,경기76아1132,3,49,233000125,119900083,56,20221023-223733
0,0,경기76아1123,3,0,233000125,233000779,81,20221023-223733
0,0,경기76아4649,3,42,233000125,233000713,39,20221023-223733
0,0,경기76아1132,3,49,233000125,119900083,56,20221023-223748
0,0,경기76아1123,3,0,233000125,233000779,81,20221023-223748
0,0,경기76아4649,3,42,233000125,233000712,40,20221023-223748
0,0,경기76아1132,3,49,233000125,119900083,56,20221023-223803
0,0,경기76아4649,3,42,233000125,233000712,40,20221023-223803
0,0,경기76아1123,3,0,233000125,233000779,81,20221023-223803
0,0,경기76아1132,3,49,233000125,119900083,56,20221023-223818
0,0,경기76아1123,3,0,233000125,233000779,81,20221023-223818
0,0,경기76아4649,3,40,233000125,233000712,40,20221023-223818
0,0,경기76아1132,3,49,233000125,119900083,56,20221023-223833
0,0,경기76아1123,3,0,233000125,233000779,81,20221023-223833
0,0,경기76아4649,3,40,233000125,233000712,40,20221023-223833
0,0,경기76아1132,3,49,233000125,119900083,56,20221023-223848
0,0,경기76아1123,3,0,233000125,233000779,81,20221023-223848
0,0,경기76아4649,3,40,233000125,233000712,40,20221023-223848
0,0,경기76아1132,3,49,233000125,119900083,56,20221023-223903
0,0,경기76아4649,3,40,233000125,233000712,40,20221023-223903
0,0,경기76아1123,3,2,233000125,233000779,81,20221023-223903
0,0,경기76아1132,3,49,233000125,119900083,56,20221023-223918
0,0,경기76아4649,3,40,233000125,233000712,40,20221023-223918
0,0,경기76아1123,3,2,233000125,233000779,81,20221023-223918
0,0,경기76아1132,3,49,233000125,119900083,56,20221023-223933
0,0,경기76아4649,3,40,233000125,233000712,40,20221023-223933
0,0,경기76아1123,3,2,233000125,233000778,82,20221023-223933
0,0,경기76아1132,3,49,233000125,119900083,56,20221023-223948
0,0,경기76아4649,3,40,233000125,233000712,40,20221023-223948
0,0,경기76아1123,3,2,233000125,233000778,82,20221023-223948
0,0,경기76아1132,3,49,233000125,119900083,56,20221023-224003
0,0,경기76아4649,3,40,233000125,233000712,40,20221023-224003
0,0,경기76아1123,3,2,233000125,233000778,82,20221023-224003
0,0,경기76아1132,3,49,233000125,119900083,56,20221023-224018
0,0,경기76아1123,3,2,233000125,233000778,82,20221023-224018
0,0,경기76아4649,3,40,233000125,233000712,40,20221023-224018
0,0,경기76아1132,3,49,233000125,119900083,56,20221023-224033
0,0,경기76아4649,3,40,233000125,233000712,40,20221023-224033
0,0,경기76아1123,3,0,233000125,233000777,83,20221023-224033
0,0,경기76아4650,3,45,233000125,233002226,1,20221023-224048
0,0,경기76아4649,3,40,233000125,233000712,40,20221023-224048
0,0,경기76아1132,3,22,233000125,119900083,56,20221023-224048
0,0,경기76아1123,3,0,233000125,233000777,83,20221023-224048
0,0,경기76아4650,3,45,233000125,233002226,1,20221023-224103
0,0,경기76아4649,3,40,233000125,233000712,40,20221023-224103
0,0,경기76아1123,3,0,233000125,233000776,84,20221023-224103
0,0,경기76아1132,3,22,233000125,119900083,56,20221023-224103
0,0,경기76아4650,3,45,233000125,233002226,1,20221023-224118
0,0,경기76아1132,3,22,233000125,119900083,56,20221023-224118
0,0,경기76아1123,3,0,233000125,233000776,84,20221023-224118
0,0,경기76아4649,3,40,233000125,233000712,40,20221023-224118
0,0,경기76아4650,3,45,233000125,277102459,2,20221023-224133
0,0,경기76아1132,3,22,233000125,119900083,56,20221023-224133
0,0,경기76아1123,3,0,233000125,233000774,85,20221023-224133
0,0,경기76아4649,3,40,233000125,233000712,40,20221023-224133
0,0,경기76아4650,3,45,233000125,277102459,2,20221023-224148
0,0,경기76아1132,3,22,233000125,119900083,56,20221023-224148
0,0,경기76아4649,3,40,233000125,233000712,40,20221023-224148
0,0,경기76아1123,3,0,233000125,233000774,85,20221023-224148
0,0,경기76아4650,3,45,233000125,277102459,2,20221023-224203
0,0,경기76아1132,3,22,233000125,119900083,56,20221023-224203
0,0,경기76아4649,3,40,233000125,233000712,40,20221023-224203
0,0,경기76아1123,3,0,233000125,233000774,85,20221023-224203
0,0,경기76아4650,3,45,233000125,277102459,2,20221023-224218
0,0,경기76아1132,3,22,233000125,119900083,56,20221023-224218
0,0,경기76아4649,3,40,233000125,233000712,40,20221023-224218
0,0,경기76아1123,3,0,233000125,233000774,85,20221023-224218
0,0,경기76아4650,3,45,233000125,277102459,2,20221023-224233
0,0,경기76아1132,3,22,233000125,119900083,56,20221023-224233
0,0,경기76아1123,3,0,233000125,233000774,85,20221023-224233
0,0,경기76아4649,3,40,233000125,233000712,40,20221023-224233
0,0,경기76아4650,3,45,233000125,233002221,3,20221023-224249
0,0,경기76아1132,3,22,233000125,119900083,56,20221023-224249
0,0,경기76아4649,3,40,233000125,277103520,41,20221023-224249
0,0,경기76아1123,3,0,233000125,233000773,86,20221023-224249
0,0,경기76아4650,3,45,233000125,233002221,3,20221023-224303
0,0,경기76아1132,3,22,233000125,119900083,56,20221023-224303
0,0,경기76아4649,3,40,233000125,277103520,41,20221023-224303
0,0,경기76아1123,3,0,233000125,233000773,86,20221023-224303
0,0,경기76아4650,3,45,233000125,233002221,3,20221023-224318
0,0,경기76아4649,3,40,233000125,277103520,41,20221023-224318
0,0,경기76아1123,3,0,233000125,233000773,86,20221023-224318
0,0,경기76아1132,3,22,233000125,277103902,53,20221023-224318
0,0,경기76아4650,3,45,233000125,233002221,3,20221023-224333
0,0,경기76아4649,3,40,233000125,277103520,41,20221023-224333
0,0,경기76아1123,3,0,233000125,233003082,87,20221023-224333
0,0,경기76아1132,3,22,233000125,277102049,57,20221023-224333
0,0,경기76아4650,3,45,233000125,233002221,3,20221023-224348
0,0,경기76아4649,3,40,233000125,277103520,41,20221023-224348
0,0,경기76아1132,3,-1,233000125,277102049,57,20221023-224348
0,0,경기76아1123,3,0,233000125,233003082,87,20221023-224348
0,0,경기76아4650,3,45,233000125,233002224,4,20221023-224403
0,0,경기76아1132,3,-1,233000125,277102049,57,20221023-224403
0,0,경기76아1123,3,0,233000125,233003082,87,20221023-224403
0,0,경기76아4649,3,40,233000125,277103520,41,20221023-224403
0,0,경기76아4650,3,45,233000125,233002224,4,20221023-224418
0,0,경기76아1132,3,-1,233000125,277102049,57,20221023-224418
0,0,경기76아4649,3,40,233000125,277103520,41,20221023-224418
0,0,경기76아1123,3,0,233000125,233003082,87,20221023-224418
0,0,경기76아4650,3,45,233000125,233002225,5,20221023-224433
0,0,경기76아1132,3,-1,233000125,277102049,57,20221023-224433
0,0,경기76아4649,3,40,233000125,277103520,41,20221023-224433
0,0,경기76아1123,3,0,233000125,233003082,87,20221023-224433
0,0,경기76아4650,3,45,233000125,233002225,5,20221023-224448
0,0,경기76아1132,3,-1,233000125,277102049,57,20221023-224448
0,0,경기76아1123,3,0,233000125,233003082,87,20221023-224448
0,0,경기76아4649,3,40,233000125,277103520,41,20221023-224448
0,0,경기76아4650,3,45,233000125,233002225,5,20221023-224503
0,0,경기76아1123,3,0,233000125,233003082,87,20221023-224503
0,0,경기76아4649,3,40,233000125,277103520,41,20221023-224503
0,0,경기76아1132,3,22,233000125,277102291,58,20221023-224503
0,0,경기76아4650,3,45,233000125,233002225,5,20221023-224518
0,0,경기76아1132,3,22,233000125,277102291,58,20221023-224518
0,0,경기76아4649,3,40,233000125,277103528,42,20221023-224518
0,0,경기76아1123,3,0,233000125,233000772,88,20221023-224518
0,0,경기76아4650,3,45,233000125,233002225,5,20221023-224533
0,0,경기76아1132,3,22,233000125,277102291,58,20221023-224533
0,0,경기76아1123,3,0,233000125,233000772,88,20221023-224533
0,0,경기76아4649,3,40,233000125,277103528,42,20221023-224533
0,0,경기76아4650,3,45,233000125,233002295,6,20221023-224548
0,0,경기76아1123,3,0,233000125,233000772,88,20221023-224548
0,0,경기76아4649,3,40,233000125,277103528,42,20221023-224548
0,0,경기76아1132,3,22,233000125,277102291,58,20221023-224548
0,0,경기76아4650,3,45,233000125,233002295,6,20221023-224603
0,0,경기76아1123,3,0,233000125,233000772,88,20221023-224603
0,0,경기76아4649,3,40,233000125,277103528,42,20221023-224603
0,0,경기76아1132,3,22,233000125,277102291,58,20221023-224603
0,0,경기76아4650,3,45,233000125,233002295,6,20221023-224618
0,0,경기76아1132,3,22,233000125,277102291,58,20221023-224618
0,0,경기76아4649,3,40,233000125,277103317,43,20221023-224618
0,0,경기76아1123,3,0,233000125,233000772,88,20221023-224618
0,0,경기76아4650,3,45,233000125,233002295,6,20221023-224633
0,0,경기76아1132,3,22,233000125,277102291,58,20221023-224633
0,0,경기76아1123,3,0,233000125,233000771,89,20221023-224633
0,0,경기76아4649,3,40,233000125,277103317,43,20221023-224633
0,0,경기76아4650,3,45,233000125,233002295,6,20221023-224648
0,0,경기76아1123,3,0,233000125,233000771,89,20221023-224648
0,0,경기76아4649,3,40,233000125,277103317,43,20221023-224648
0,0,경기76아1132,3,22,233000125,277102291,58,20221023-224648
0,0,경기76아4650,3,45,233000125,233002295,6,20221023-224703
0,0,경기76아1123,3,0,233000125,233000771,89,20221023-224703
0,0,경기76아4649,3,40,233000125,277103317,43,20221023-224703
0,0,경기76아1132,3,22,233000125,277103204,59,20221023-224703
0,0,경기76아4650,3,45,233000125,233001041,7,20221023-224718
0,0,경기76아4649,3,40,233000125,277103317,43,20221023-224718
0,0,경기76아1132,3,22,233000125,277103204,59,20221023-224718
0,0,경기76아1123,3,2,233000125,233000771,89,20221023-224718
0,0,경기76아4650,3,45,233000125,233001041,7,20221023-224733
0,0,경기76아4649,3,40,233000125,277103317,43,20221023-224733
0,0,경기76아1123,3,2,233000125,233000771,89,20221023-224733
0,0,경기76아1132,3,22,233000125,277103204,59,20221023-224733
0,0,경기76아4650,3,45,233000125,233001041,7,20221023-224748
0,0,경기76아4649,3,40,233000125,277103317,43,20221023-224748
0,0,경기76아1132,3,22,233000125,277103204,59,20221023-224748
0,0,경기76아1123,3,2,233000125,233000770,90,20221023-224748
0,0,경기76아4650,3,45,233000125,233002131,8,20221023-224803
0,0,경기76아4649,3,40,233000125,277103317,43,20221023-224803
0,0,경기76아1132,3,22,233000125,277103204,59,20221023-224803
0,0,경기76아1123,3,2,233000125,233000770,90,20221023-224803
0,0,경기76아4650,3,45,233000125,233002131,8,20221023-224818
0,0,경기76아4649,3,40,233000125,277103317,43,20221023-224818
0,0,경기76아1132,3,22,233000125,277103204,59,20221023-224818
0,0,경기76아1123,3,3,233000125,233000770,90,20221023-224818
0,0,경기76아4650,3,45,233000125,233000148,9,20221023-224833
0,0,경기76아1123,3,3,233000125,233000770,90,20221023-224833
0,0,경기76아4649,3,40,233000125,277103317,43,20221023-224833
0,0,경기76아1132,3,22,233000125,277103204,59,20221023-224833
0,0,경기76아4650,3,45,233000125,233000148,9,20221023-224848
0,0,경기76아1123,3,3,233000125,233000770,90,20221023-224848
0,0,경기76아1132,3,22,233000125,277103202,60,20221023-224848
0,0,경기76아4649,3,40,233000125,277103315,44,20221023-224848
0,0,경기76아4650,3,45,233000125,233000148,9,20221023-224903
0,0,경기76아4649,3,40,233000125,277103315,44,20221023-224903
0,0,경기76아1132,3,22,233000125,277103202,60,20221023-224903
0,0,경기76아1123,3,3,233000125,233000769,91,20221023-224903
0,0,경기76아4650,3,45,233000125,233000191,10,20221023-224918
0,0,경기76아4649,3,40,233000125,277103315,44,20221023-224918
0,0,경기76아1123,3,3,233000125,233000769,91,20221023-224918
0,0,경기76아1132,3,22,233000125,277103202,60,20221023-224918
0,0,경기76아4650,3,45,233000125,233000191,10,20221023-224933
0,0,경기76아1123,3,3,233000125,233000769,91,20221023-224933
0,0,경기76아4649,3,40,233000125,277103315,44,20221023-224933
0,0,경기76아1132,3,22,233000125,277103202,60,20221023-224933
0,0,경기76아4650,3,45,233000125,233000190,11,20221023-224948
0,0,경기76아4649,3,40,233000125,277103315,44,20221023-224948
0,0,경기76아1132,3,22,233000125,277103202,60,20221023-224948
0,0,경기76아1123,3,3,233000125,233000768,92,20221023-224948
0,0,경기76아4650,3,45,233000125,233000190,11,20221023-225005
0,0,경기76아1132,3,22,233000125,277103202,60,20221023-225005
0,0,경기76아1123,3,3,233000125,233000768,92,20221023-225005
0,0,경기76아4649,3,40,233000125,277103315,44,20221023-225005
0,0,경기76아4650,3,45,233000125,233000190,11,20221023-225018
0,0,경기76아1123,3,3,233000125,233000768,92,20221023-225018
0,0,경기76아4649,3,40,233000125,277103315,44,20221023-225018
0,0,경기76아1132,3,22,233000125,277103201,61,20221023-225018
0,0,경기76아4650,3,45,233000125,233000189,12,20221023-225033
0,0,경기76아1132,3,22,233000125,277103201,61,20221023-225033
0,0,경기76아4649,3,40,233000125,277103315,44,20221023-225033
0,0,경기76아1123,3,11,233000125,233000768,92,20221023-225033
0,0,경기76아4650,3,45,233000125,233000189,12,20221023-225048
0,0,경기76아1132,3,22,233000125,277103201,61,20221023-225048
0,0,경기76아4649,3,40,233000125,226000039,45,20221023-225048
0,0,경기76아1123,3,11,233000125,233000768,92,20221023-225048
0,0,경기76아4650,3,45,233000125,233001943,13,20221023-225104
0,0,경기76아1132,3,22,233000125,277103201,61,20221023-225104
0,0,경기76아1123,3,11,233000125,233001749,93,20221023-225104
0,0,경기76아4649,3,41,233000125,226000039,45,20221023-225104
0,0,경기76아4650,3,45,233000125,233001943,13,20221023-225119
0,0,경기76아4649,3,41,233000125,226000039,45,20221023-225119
0,0,경기76아1123,3,11,233000125,233001749,93,20221023-225119
0,0,경기76아1132,3,22,233000125,277103201,61,20221023-225119
0,0,경기76아4650,3,42,233000125,233001943,13,20221023-225134
0,0,경기76아4649,3,41,233000125,226000039,45,20221023-225134
0,0,경기76아1132,3,22,233000125,277103201,61,20221023-225134
0,0,경기76아1123,3,11,233000125,233002159,94,20221023-225134
0,0,경기76아4650,3,42,233000125,233000188,14,20221023-225149
0,0,경기76아1123,3,11,233000125,233002159,94,20221023-225149
0,0,경기76아4649,3,41,233000125,226000039,45,20221023-225149
0,0,경기76아1132,3,22,233000125,277103201,61,20221023-225149
0,0,경기76아4650,3,42,233000125,233000188,14,20221023-225204
0,0,경기76아1123,3,11,233000125,233002159,94,20221023-225204
0,0,경기76아4649,3,41,233000125,226000039,45,20221023-225204
0,0,경기76아1132,3,22,233000125,277103201,61,20221023-225204
0,0,경기76아4650,3,42,233000125,233000188,14,20221023-225219
0,0,경기76아1123,3,11,233000125,233002159,94,20221023-225219
0,0,경기76아4649,3,41,233000125,226000039,45,20221023-225219
0,0,경기76아1132,3,22,233000125,277103201,61,20221023-225219
0,0,경기76아4650,3,42,233000125,233000188,14,20221023-225234
0,0,경기76아1123,3,11,233000125,233002159,94,20221023-225234
0,0,경기76아1132,3,22,233000125,277103201,61,20221023-225234
0,0,경기76아4649,3,41,233000125,226000039,45,20221023-225234
0,0,경기76아4650,3,42,233000125,233000188,14,20221023-225249
0,0,경기76아1123,3,28,233000125,233002159,94,20221023-225249
0,0,경기76아1132,3,22,233000125,277103158,62,20221023-225249
0,0,경기76아4649,3,41,233000125,277103221,46,20221023-225249
0,0,경기76아4650,3,42,233000125,233000188,14,20221023-225304
0,0,경기76아1123,3,28,233000125,233002159,94,20221023-225304
0,0,경기76아4649,3,41,233000125,277103221,46,20221023-225304
0,0,경기76아1132,3,22,233000125,277103158,62,20221023-225304
0,0,경기76아4650,3,42,233000125,233000188,14,20221023-225319
0,0,경기76아1123,3,28,233000125,233002159,94,20221023-225319
0,0,경기76아4649,3,41,233000125,277103221,46,20221023-225319
0,0,경기76아1132,3,22,233000125,277103158,62,20221023-225319
0,0,경기76아4650,3,42,233000125,233000188,14,20221023-225334
0,0,경기76아1123,3,28,233000125,233002159,94,20221023-225334
0,0,경기76아4649,3,41,233000125,277103221,46,20221023-225334
0,0,경기76아1132,3,22,233000125,277103158,62,20221023-225334
0,0,경기76아4650,3,42,233000125,233001318,15,20221023-225349
0,0,경기76아4649,3,41,233000125,277103221,46,20221023-225349
0,0,경기76아1123,3,28,233000125,233001828,95,20221023-225349
0,0,경기76아1132,3,22,233000125,277103158,62,20221023-225349
0,0,경기76아4650,3,42,233000125,233001318,15,20221023-225403
0,0,경기76아4649,3,41,233000125,277103221,46,20221023-225403
0,0,경기76아1123,3,28,233000125,233001828,95,20221023-225403
0,0,경기76아1132,3,22,233000125,277103220,63,20221023-225403
0,0,경기76아4650,3,42,233000125,233001318,15,20221023-225418
0,0,경기76아1123,3,28,233000125,233001828,95,20221023-225418
0,0,경기76아1132,3,22,233000125,277103220,63,20221023-225418
0,0,경기76아4649,3,41,233000125,277103221,46,20221023-225418
0,0,경기76아4650,3,42,233000125,233000730,16,20221023-225433
0,0,경기76아1132,3,22,233000125,277103220,63,20221023-225433
0,0,경기76아4649,3,41,233000125,277103221,46,20221023-225433
0,0,경기76아1123,3,35,233000125,233001828,95,20221023-225433
0,0,경기76아4650,3,43,233000125,233000730,16,20221023-225448
0,0,경기76아4649,3,41,233000125,277103221,46,20221023-225448
0,0,경기76아1123,3,35,233000125,233001828,95,20221023-225448
0,0,경기76아1132,3,22,233000125,277103220,63,20221023-225448
0,0,경기76아4650,3,43,233000125,233000730,16,20221023-225503
0,0,경기76아4649,3,41,233000125,277103221,46,20221023-225503
0,0,경기76아1123,3,35,233000125,233001828,95,20221023-225503
0,0,경기76아1132,3,22,233000125,277103220,63,20221023-225503
0,0,경기76아4650,3,43,233000125,233000729,17,20221023-225518
0,0,경기76아4649,3,41,233000125,277103221,46,20221023-225518
0,0,경기76아1123,3,35,233000125,233001828,95,20221023-225518
0,0,경기76아1132,3,22,233000125,277103220,63,20221023-225518
0,0,경기76아4650,3,43,233000125,233000729,17,20221023-225533
0,0,경기76아1123,3,35,233000125,233001828,95,20221023-225533
0,0,경기76아4649,3,41,233000125,277103159,47,20221023-225533
0,0,경기76아1132,3,22,233000125,277103220,63,20221023-225533
0,0,경기76아4650,3,43,233000125,233000729,17,20221023-225548
0,0,경기76아1123,3,35,233000125,233001828,95,20221023-225548
0,0,경기76아4649,3,41,233000125,277103159,47,20221023-225548
0,0,경기76아1132,3,22,233000125,226000038,64,20221023-225548
0,0,경기76아4650,3,43,233000125,233000728,18,20221023-225603
0,0,경기76아1123,3,35,233000125,233001828,95,20221023-225603
0,0,경기76아1132,3,22,233000125,226000038,64,20221023-225603
0,0,경기76아4649,3,41,233000125,277103159,47,20221023-225603
0,0,경기76아4650,3,43,233000125,233000728,18,20221023-225618
0,0,경기76아4649,3,41,233000125,277103159,47,20221023-225618
0,0,경기76아1123,3,35,233000125,233001828,95,20221023-225618
0,0,경기76아1132,3,22,233000125,226000038,64,20221023-225618
0,0,경기76아4650,3,42,233000125,233000728,18,20221023-225633
0,0,경기76아1123,3,35,233000125,233001435,96,20221023-225633
0,0,경기76아4649,3,41,233000125,277103200,48,20221023-225633
0,0,경기76아1132,3,22,233000125,226000038,64,20221023-225633
0,0,경기76아4650,3,42,233000125,233000728,18,20221023-225648
0,0,경기76아4649,3,41,233000125,277103200,48,20221023-225648
0,0,경기76아1132,3,22,233000125,226000038,64,20221023-225648
0,0,경기76아1123,3,34,233000125,233001435,96,20221023-225648
0,0,경기76아4650,3,42,233000125,233000728,18,20221023-225703
0,0,경기76아1123,3,34,233000125,233001435,96,20221023-225703
0,0,경기76아4649,3,41,233000125,277103200,48,20221023-225703
0,0,경기76아1132,3,22,233000125,226000038,64,20221023-225703
0,0,경기76아4650,3,42,233000125,233000728,18,20221023-225718
0,0,경기76아4649,3,41,233000125,277103200,48,20221023-225718
0,0,경기76아1132,3,22,233000125,226000038,64,20221023-225718
0,0,경기76아1123,3,34,233000125,233000208,97,20221023-225718
0,0,경기76아4650,3,42,233000125,233000728,18,20221023-225733
0,0,경기76아4649,3,41,233000125,277103200,48,20221023-225733
0,0,경기76아1132,3,22,233000125,226000038,64,20221023-225733
0,0,경기76아1123,3,34,233000125,233001043,98,20221023-225733
0,0,경기76아4650,3,42,233000125,233000728,18,20221023-225748
0,0,경기76아1132,3,22,233000125,226000038,64,20221023-225748
0,0,경기76아1123,3,34,233000125,233001043,98,20221023-225748
0,0,경기76아4649,3,41,233000125,277103200,48,20221023-225748
0,0,경기76아4650,3,42,233000125,233000728,18,20221023-225803
0,0,경기76아4649,3,41,233000125,277103200,48,20221023-225803
0,0,경기76아1123,3,38,233000125,233001043,98,20221023-225803
0,0,경기76아1132,3,22,233000125,226000038,64,20221023-225803
0,0,경기76아4650,3,42,233000125,233000728,18,20221023-225818
0,0,경기76아1123,3,38,233000125,233001043,98,20221023-225818
0,0,경기76아4649,3,41,233000125,277103200,48,20221023-225818
0,0,경기76아1132,3,22,233000125,277103314,65,20221023-225818
0,0,경기76아4650,3,42,233000125,233001404,19,20221023-225833
0,0,경기76아1123,3,38,233000125,233001043,98,20221023-225833
0,0,경기76아1132,3,22,233000125,277103314,65,20221023-225833
0,0,경기76아4649,3,41,233000125,277103203,49,20221023-225833
0,0,경기76아4650,3,42,233000125,233000727,20,20221023-225848
0,0,경기76아1123,3,38,233000125,233001043,98,20221023-225848
0,0,경기76아4649,3,41,233000125,277103203,49,20221023-225848
0,0,경기76아1132,3,22,233000125,277103314,65,20221023-225848
0,0,경기76아4650,3,42,233000125,233000727,20,20221023-225903
0,0,경기76아1123,3,38,233000125,233001043,98,20221023-225903
0,0,경기76아4649,3,41,233000125,277103203,49,20221023-225903
0,0,경기76아1132,3,22,233000125,277103314,65,20221023-225903
0,0,경기76아4650,3,42,233000125,233000727,20,20221023-225918
0,0,경기76아4649,3,41,233000125,277103203,49,20221023-225918
0,0,경기76아1132,3,22,233000125,277103314,65,20221023-225918
0,0,경기76아1123,3,38,233000125,233002130,99,20221023-225918
0,0,경기76아4650,3,42,233000125,233000727,20,20221023-225933
0,0,경기76아4649,3,41,233000125,277103203,49,20221023-225933
0,0,경기76아1132,3,22,233000125,277103314,65,20221023-225933
0,0,경기76아1123,3,38,233000125,233002130,99,20221023-225933
0,0,경기76아4650,3,42,233000125,233000726,21,20221023-225948
0,0,경기76아1132,3,22,233000125,277103314,65,20221023-225948
0,0,경기76아1123,3,38,233000125,233002130,99,20221023-225948
0,0,경기76아4649,3,41,233000125,277103203,49,20221023-225948
0,0,경기76아4650,3,42,233000125,233000726,21,20221023-230003
0,0,경기76아1132,3,22,233000125,277103314,65,20221023-230003
0,0,경기76아1123,3,38,233000125,233001042,100,20221023-230003
0,0,경기76아4649,3,41,233000125,277103203,49,20221023-230003
0,0,경기76아4650,3,42,233000125,233000726,21,20221023-230018
0,0,경기76아1132,3,22,233000125,277103314,65,20221023-230018
0,0,경기76아4649,3,41,233000125,277103205,50,20221023-230018
0,0,경기76아1123,3,39,233000125,233001042,100,20221023-230018
0,0,경기76아4650,3,42,233000125,233000726,21,20221023-230033
0,0,경기76아4649,3,41,233000125,277103205,50,20221023-230033
0,0,경기76아1123,3,39,233000125,233001042,100,20221023-230033
0,0,경기76아1132,3,22,233000125,277103314,65,20221023-230033
0,0,경기76아4650,3,42,233000125,233000726,21,20221023-230048
0,0,경기76아4649,3,41,233000125,277103205,50,20221023-230048
0,0,경기76아1123,3,39,233000125,233001042,100,20221023-230048
0,0,경기76아1132,3,22,233000125,277103314,65,20221023-230048
0,0,경기76아4650,3,42,233000125,233000726,21,20221023-230103
0,0,경기76아4649,3,41,233000125,277103205,50,20221023-230103
0,0,경기76아1123,3,39,233000125,233002296,101,20221023-230103
0,0,경기76아1132,3,22,233000125,277103316,66,20221023-230103
0,0,경기76아4650,3,42,233000125,233000725,22,20221023-230118
0,0,경기76아4649,3,41,233000125,277103205,50,20221023-230118
0,0,경기76아1132,3,22,233000125,277103316,66,20221023-230118
0,0,경기76아1123,3,40,233000125,233002296,101,20221023-230118
0,0,경기76아4650,3,42,233000125,233002118,23,20221023-230133
0,0,경기76아1132,3,22,233000125,277103316,66,20221023-230133
0,0,경기76아4649,3,41,233000125,277103205,50,20221023-230133
0,0,경기76아1123,3,40,233000125,233000207,102,20221023-230133
0,0,경기76아4650,3,42,233000125,233002118,23,20221023-230148
0,0,경기76아1132,3,22,233000125,277103316,66,20221023-230148
0,0,경기76아4649,3,41,233000125,277103205,50,20221023-230148
0,0,경기76아1123,3,40,233000125,233000207,102,20221023-230148
0,0,경기76아4650,3,42,233000125,233002118,23,20221023-230203
0,0,경기76아4649,3,41,233000125,277103205,50,20221023-230203
0,0,경기76아1132,3,22,233000125,277103527,67,20221023-230203
0,0,경기76아1123,3,41,233000125,233000207,102,20221023-230203
0,0,경기76아4650,3,42,233000125,233002118,23,20221023-230218
0,0,경기76아4649,3,41,233000125,277103205,50,20221023-230218
0,0,경기76아1132,3,22,233000125,277103527,67,20221023-230218
0,0,경기76아1123,3,41,233000125,233000207,102,20221023-230218
0,0,경기76아4650,3,42,233000125,233002118,23,20221023-230233
0,0,경기76아4649,3,41,233000125,277103205,50,20221023-230233
0,0,경기76아1123,3,41,233000125,233002216,103,20221023-230233
0,0,경기76아1132,3,22,233000125,277103527,67,20221023-230233
0,0,경기76아4650,3,42,233000125,233002118,23,20221023-230248
0,0,경기76아4649,3,41,233000125,277103205,50,20221023-230248
0,0,경기76아1123,3,41,233000125,233002216,103,20221023-230248
0,0,경기76아1132,3,22,233000125,277103527,67,20221023-230248
0,0,경기76아4650,3,42,233000125,233002118,23,20221023-230303
0,0,경기76아1132,3,22,233000125,277103527,67,20221023-230303
0,0,경기76아1123,3,43,233000125,233002216,103,20221023-230303
0,0,경기76아4649,3,41,233000125,277103903,51,20221023-230303
0,0,경기76아4650,3,42,233000125,233002118,23,20221023-230318
0,0,경기76아1132,3,22,233000125,277103527,67,20221023-230318
0,0,경기76아1123,3,43,233000125,233002216,103,20221023-230318
0,0,경기76아4649,3,41,233000125,277103903,51,20221023-230318
0,0,경기76아4650,3,42,233000125,233000724,24,20221023-230333
0,0,경기76아1132,3,22,233000125,277103527,67,20221023-230333
0,0,경기76아4649,3,41,233000125,120000671,52,20221023-230333
0,0,경기76아1123,3,43,233000125,233002223,104,20221023-230333
0,0,경기76아4650,3,42,233000125,233000723,25,20221023-230348
0,0,경기76아1132,3,22,233000125,277103527,67,20221023-230348
0,0,경기76아4649,3,41,233000125,120000671,52,20221023-230348
0,0,경기76아1123,3,43,233000125,233002223,104,20221023-230348
0,0,경기76아4650,3,42,233000125,233000723,25,20221023-230403
0,0,경기76아1132,3,22,233000125,277103527,67,20221023-230403
0,0,경기76아4649,3,41,233000125,120000671,52,20221023-230403
0,0,경기76아1123,3,43,233000125,233002223,104,20221023-230403
0,0,경기76아4650,3,41,233000125,233000723,25,20221023-230418
0,0,경기76아1132,3,22,233000125,277103527,67,20221023-230418
0,0,경기76아4649,3,41,233000125,120000671,52,20221023-230418
0,0,경기76아1123,3,43,233000125,233002223,104,20221023-230418
0,0,경기76아4650,3,41,233000125,233000722,26,20221023-230433
0,0,경기76아4649,3,41,233000125,120000671,52,20221023-230433
0,0,경기76아1132,3,22,233000125,277103527,67,20221023-230433
0,0,경기76아1123,3,43,233000125,233002223,104,20221023-230433
0,0,경기76아4650,3,41,233000125,233000722,26,20221023-230448
0,0,경기76아4649,3,41,233000125,120000671,52,20221023-230448
0,0,경기76아1132,3,22,233000125,277103519,68,20221023-230448
0,0,경기76아1123,3,43,233000125,233002214,105,20221023-230448
0,0,경기76아4650,3,41,233000125,233000722,26,20221023-230503
0,0,경기76아4649,3,41,233000125,120000671,52,20221023-230503
0,0,경기76아1132,3,22,233000125,277103519,68,20221023-230503
0,0,경기76아1123,3,43,233000125,233002214,105,20221023-230503
0,0,경기76아4650,3,41,233000125,233000722,26,20221023-230518
0,0,경기76아1123,3,43,233000125,233002214,105,20221023-230518
0,0,경기76아1132,3,22,233000125,277103519,68,20221023-230518
0,0,경기76아4649,3,41,233000125,277103902,53,20221023-230518
0,0,경기76아4650,3,41,233000125,233000721,27,20221023-230533
0,0,경기76아1123,3,43,233000125,233002214,105,20221023-230533
0,0,경기76아1132,3,22,233000125,277103519,68,20221023-230533
0,0,경기76아4649,3,41,233000125,277103902,53,20221023-230533
0,0,경기76아4650,3,41,233000125,233000721,27,20221023-230548
0,0,경기76아1123,3,43,233000125,233002214,105,20221023-230548
0,0,경기76아4649,3,41,233000125,277103902,53,20221023-230548
0,0,경기76아1132,3,22,233000125,277103519,68,20221023-230548
0,0,경기76아4650,3,41,233000125,233000721,27,20221023-230603
0,0,경기76아4649,3,41,233000125,277103902,53,20221023-230603
0,0,경기76아1132,3,22,233000125,277103519,68,20221023-230603
0,0,경기76아1123,3,43,233000125,233002214,105,20221023-230603
0,0,경기76아4650,3,41,233000125,233000721,27,20221023-230618
0,0,경기76아4649,3,41,233000125,277103902,53,20221023-230618
0,0,경기76아1132,3,22,233000125,277103519,68,20221023-230618
0,0,경기76아4650,3,41,233000125,233000721,27,20221023-230633
0,0,경기76아4649,3,41,233000125,277103902,53,20221023-230633
0,0,경기76아1132,3,22,233000125,277103519,68,20221023-230633
0,0,경기76아4650,3,41,233000125,233000721,27,20221023-230648
0,0,경기76아4649,3,41,233000125,277103902,53,20221023-230648
0,0,경기76아1132,3,22,233000125,233000781,69,20221023-230648
0,0,경기76아4650,3,41,233000125,233000721,27,20221023-230703
0,0,경기76아4649,3,41,233000125,277103902,53,20221023-230703
0,0,경기76아1132,3,22,233000125,233000781,69,20221023-230703
0,0,경기76아4650,3,41,233000125,233000721,27,20221023-230718
0,0,경기76아4649,3,45,233000125,121001315,54,20221023-230718
0,0,경기76아1132,3,22,233000125,233000781,69,20221023-230718
0,0,경기76아4650,3,41,233000125,233000721,27,20221023-230733
0,0,경기76아1132,3,22,233000125,233000781,69,20221023-230733
0,0,경기76아4649,3,45,233000125,121001315,54,20221023-230733
0,0,경기76아4650,3,41,233000125,233000720,28,20221023-230748
0,0,경기76아4649,3,45,233000125,121001315,54,20221023-230748
0,0,경기76아1132,3,22,233000125,233000849,70,20221023-230748
0,0,경기76아4650,3,41,233000125,233000720,28,20221023-230803
0,0,경기76아4649,3,45,233000125,121001315,54,20221023-230803
0,0,경기76아1132,3,22,233000125,233000849,70,20221023-230803
0,0,경기76아4650,3,41,233000125,233000720,28,20221023-230818
0,0,경기76아4649,3,45,233000125,121001315,54,20221023-230818
0,0,경기76아1132,3,22,233000125,233000848,71,20221023-230818
0,0,경기76아4650,3,41,233000125,233000720,28,20221023-230833
0,0,경기76아4649,3,45,233000125,121001315,54,20221023-230833
0,0,경기76아1132,3,22,233000125,233000848,71,20221023-230833
0,0,경기76아4650,3,41,233000125,233000720,28,20221023-230848
0,0,경기76아4649,3,45,233000125,121001315,54,20221023-230848
0,0,경기76아1132,3,22,233000125,233000848,71,20221023-230848
0,0,경기76아4650,3,41,233000125,233000719,29,20221023-230903
0,0,경기76아4649,3,45,233000125,121001315,54,20221023-230903
0,0,경기76아1132,3,22,233000125,233000847,72,20221023-230903
0,0,경기76아4650,3,41,233000125,233000719,29,20221023-230918
0,0,경기76아4649,3,45,233000125,121001315,54,20221023-230918
0,0,경기76아1132,3,22,233000125,233000847,72,20221023-230918
0,0,경기76아4650,3,41,233000125,233000718,30,20221023-230933
0,0,경기76아4649,3,45,233000125,121001315,54,20221023-230933
0,0,경기76아1132,3,22,233000125,233002174,73,20221023-230933
0,0,경기76아4650,3,41,233000125,233000718,30,20221023-230948
0,0,경기76아4649,3,45,233000125,121001315,54,20221023-230948
0,0,경기76아1132,3,22,233000125,233002174,73,20221023-230948
0,0,경기76아4650,3,41,233000125,233000718,30,20221023-231004
0,0,경기76아1132,3,22,233000125,233002174,73,20221023-231004
0,0,경기76아4649,3,45,233000125,277101688,55,20221023-231004
0,0,경기76아4650,3,41,233000125,233000718,30,20221023-231018
0,0,경기76아4649,3,45,233000125,277101688,55,20221023-231018
0,0,경기76아1132,3,22,233000125,233000055,74,20221023-231018
0,0,경기76아4650,3,41,233000125,233000842,31,20221023-231033
0,0,경기76아4649,3,45,233000125,277101688,55,20221023-231033
0,0,경기76아1132,3,22,233000125,233000055,74,20221023-231033
0,0,경기76아4650,3,41,233000125,233000842,31,20221023-231048
0,0,경기76아4649,3,45,233000125,277101688,55,20221023-231048
0,0,경기76아1132,3,23,233000125,233000055,74,20221023-231048
0,0,경기76아4650,3,41,233000125,233000842,31,20221023-231103
0,0,경기76아4649,3,45,233000125,277101688,55,20221023-231103
0,0,경기76아1132,3,23,233000125,233000845,76,20221023-231103
0,0,경기76아4650,3,41,233000125,233002149,32,20221023-231118
0,0,경기76아4649,3,45,233000125,277101688,55,20221023-231118
0,0,경기76아1132,3,23,233000125,233000845,76,20221023-231118
0,0,경기76아4650,3,41,233000125,233002149,32,20221023-231133
0,0,경기76아4649,3,45,233000125,277101688,55,20221023-231133
0,0,경기76아1132,3,23,233000125,233000845,76,20221023-231133
0,0,경기76아4650,3,41,233000125,233002149,32,20221023-231148
0,0,경기76아4649,3,45,233000125,277101688,55,20221023-231148
0,0,경기76아1132,3,23,233000125,233002150,77,20221023-231148
0,0,경기76아4650,3,41,233000125,233000717,33,20221023-231203
0,0,경기76아4649,3,45,233000125,119900083,56,20221023-231203
0,0,경기76아1132,3,23,233000125,233002150,77,20221023-231203
0,0,경기76아4650,3,41,233000125,233000716,34,20221023-231218
0,0,경기76아4649,3,45,233000125,119900083,56,20221023-231218
0,0,경기76아1132,3,23,233000125,233002150,77,20221023-231218
0,0,경기76아4650,3,41,233000125,233000059,35,20221023-231233
0,0,경기76아4649,3,45,233000125,119900083,56,20221023-231233
0,0,경기76아1132,3,23,233000125,233002150,77,20221023-231233
0,0,경기76아4650,3,41,233000125,233000891,36,20221023-231248
0,0,경기76아4649,3,45,233000125,119900083,56,20221023-231248
0,0,경기76아1132,3,23,233000125,233000844,78,20221023-231248
0,0,경기76아4650,3,41,233000125,233000891,36,20221023-231303
0,0,경기76아4649,3,45,233000125,119900083,56,20221023-231303
0,0,경기76아1132,3,23,233000125,233000844,78,20221023-231303
0,0,경기76아4650,3,41,233000125,233000891,36,20221023-231318
0,0,경기76아4649,3,45,233000125,119900083,56,20221023-231318
0,0,경기76아1132,3,23,233000125,233000844,78,20221023-231318
0,0,경기76아4650,3,41,233000125,233000715,37,20221023-231333
0,0,경기76아4649,3,45,233000125,119900083,56,20221023-231333
0,0,경기76아1132,3,23,233000125,233000844,78,20221023-231333
0,0,경기76아4650,3,41,233000125,233000715,37,20221023-231348
0,0,경기76아4649,3,45,233000125,119900083,56,20221023-231348
0,0,경기76아1132,3,23,233000125,233000844,78,20221023-231348
0,0,경기76아4650,3,41,233000125,233000715,37,20221023-231403
0,0,경기76아4649,3,45,233000125,119900083,56,20221023-231403
0,0,경기76아1132,3,23,233000125,233000844,78,20221023-231403
0,0,경기76아4650,3,41,233000125,233000714,38,20221023-231418
0,0,경기76아4649,3,45,233000125,119900083,56,20221023-231418
0,0,경기76아1132,3,23,233000125,233000843,79,20221023-231418
0,0,경기76아4650,3,41,233000125,233000713,39,20221023-231433
0,0,경기76아4649,3,45,233000125,119900083,56,20221023-231433
0,0,경기76아1132,3,23,233000125,233000843,79,20221023-231433
0,0,경기76아4650,3,41,233000125,233000713,39,20221023-231448
0,0,경기76아4649,3,45,233000125,119900083,56,20221023-231448
0,0,경기76아1132,3,23,233000125,233000843,79,20221023-231448
0,0,경기76아4650,3,41,233000125,233000713,39,20221023-231503
0,0,경기76아4649,3,45,233000125,119900083,56,20221023-231503
0,0,경기76아1132,3,23,233000125,233000780,80,20221023-231503
0,0,경기76아4650,3,41,233000125,233000713,39,20221023-231518
0,0,경기76아4649,3,45,233000125,119900083,56,20221023-231518
0,0,경기76아1132,3,23,233000125,233000780,80,20221023-231518
0,0,경기76아4650,3,41,233000125,233000712,40,20221023-231533
0,0,경기76아4649,3,45,233000125,119900083,56,20221023-231533
0,0,경기76아1132,3,23,233000125,233000780,80,20221023-231533
0,0,경기76아4650,3,41,233000125,233000712,40,20221023-231548
0,0,경기76아4649,3,45,233000125,119900083,56,20221023-231548
0,0,경기76아1132,3,23,233000125,233000780,80,20221023-231548
0,0,경기76아4650,3,41,233000125,233000712,40,20221023-231604
0,0,경기76아4649,3,45,233000125,119900083,56,20221023-231604
0,0,경기76아1132,3,23,233000125,233000780,80,20221023-231604
0,0,경기76아4650,3,41,233000125,233000712,40,20221023-231619
0,0,경기76아4649,3,45,233000125,119900083,56,20221023-231619
0,0,경기76아1132,3,23,233000125,233000780,80,20221023-231619
0,0,경기76아4650,3,41,233000125,233000712,40,20221023-231634
0,0,경기76아4649,3,45,233000125,119900083,56,20221023-231634
0,0,경기76아1132,3,23,233000125,233000780,80,20221023-231634
0,0,경기76아4650,3,41,233000125,233000712,40,20221023-231649
0,0,경기76아4649,3,45,233000125,119900083,56,20221023-231649
0,0,경기76아1132,3,23,233000125,233000780,80,20221023-231649
0,0,경기76아4650,3,41,233000125,233000712,40,20221023-231704
0,0,경기76아4649,3,45,233000125,119900083,56,20221023-231704
0,0,경기76아1132,3,23,233000125,233000779,81,20221023-231704
0,0,경기76아4650,3,41,233000125,233000712,40,20221023-231718
0,0,경기76아4649,3,45,233000125,119900083,56,20221023-231718
0,0,경기76아1132,3,23,233000125,233000779,81,20221023-231718
0,0,경기76아4650,3,41,233000125,233000712,40,20221023-231734
0,0,경기76아4649,3,45,233000125,119900083,56,20221023-231734
0,0,경기76아1132,3,23,233000125,233000779,81,20221023-231734
0,0,경기76아4650,3,41,233000125,233000712,40,20221023-231748
0,0,경기76아4649,3,45,233000125,119900083,56,20221023-231748
0,0,경기76아1132,3,23,233000125,233000779,81,20221023-231748
0,0,경기76아4650,3,41,233000125,233000712,40,20221023-231803
0,0,경기76아4649,3,45,233000125,119900083,56,20221023-231803
0,0,경기76아1132,3,23,233000125,233000779,81,20221023-231803
0,0,경기76아4650,3,41,233000125,233000712,40,20221023-231818
0,0,경기76아4649,3,45,233000125,119900083,56,20221023-231818
0,0,경기76아1132,3,23,233000125,233000779,81,20221023-231818
0,0,경기76아4650,3,41,233000125,233000712,40,20221023-231833
0,0,경기76아4649,3,45,233000125,119900083,56,20221023-231833
0,0,경기76아1132,3,23,233000125,233000778,82,20221023-231833
0,0,경기76아4650,3,41,233000125,233000712,40,20221023-231848
0,0,경기76아4649,3,45,233000125,119900083,56,20221023-231848
0,0,경기76아1132,3,25,233000125,233000778,82,20221023-231848
0,0,경기76아4650,3,41,233000125,233000712,40,20221023-231903
0,0,경기76아4649,3,45,233000125,119900083,56,20221023-231903
0,0,경기76아1132,3,25,233000125,233000778,82,20221023-231903
0,0,경기76아4650,3,41,233000125,233000712,40,20221023-231918
0,0,경기76아4649,3,45,233000125,119900083,56,20221023-231918
0,0,경기76아1132,3,25,233000125,233000778,82,20221023-231918
0,0,경기76아4650,3,41,233000125,277103520,41,20221023-231933
0,0,경기76아4649,3,45,233000125,119900083,56,20221023-231933
0,0,경기76아1132,3,25,233000125,233000777,83,20221023-231933
0,0,경기76아4650,3,41,233000125,277103520,41,20221023-231948
0,0,경기76아4649,3,45,233000125,119900083,56,20221023-231948
0,0,경기76아1132,3,25,233000125,233000777,83,20221023-231948
0,0,경기76아4650,3,41,233000125,277103520,41,20221023-232004
0,0,경기76아4649,3,45,233000125,119900083,56,20221023-232004
0,0,경기76아1132,3,25,233000125,233000776,84,20221023-232004
0,0,경기76아4650,3,41,233000125,277103520,41,20221023-232018
0,0,경기76아1132,3,25,233000125,233000776,84,20221023-232018
0,0,경기76아4649,3,26,233000125,119900083,56,20221023-232018
0,0,경기76아4650,3,41,233000125,277103520,41,20221023-232033
0,0,경기76아4649,3,26,233000125,119900083,56,20221023-232033
0,0,경기76아1132,3,26,233000125,233000776,84,20221023-232033
0,0,경기76아4650,3,41,233000125,277103520,41,20221023-232048
0,0,경기76아4649,3,26,233000125,119900083,56,20221023-232048
0,0,경기76아1132,3,26,233000125,233000774,85,20221023-232048
0,0,경기76아4650,3,41,233000125,277103520,41,20221023-232103
0,0,경기76아4649,3,26,233000125,119900083,56,20221023-232103
0,0,경기76아1132,3,26,233000125,233000774,85,20221023-232103
0,0,경기76아4650,3,41,233000125,277103520,41,20221023-232118
0,0,경기76아4649,3,26,233000125,119900083,56,20221023-232118
0,0,경기76아1132,3,26,233000125,233000774,85,20221023-232118
0,0,경기76아4650,3,41,233000125,277103520,41,20221023-232133
0,0,경기76아4649,3,26,233000125,119900083,56,20221023-232133
0,0,경기76아1132,3,26,233000125,233000774,85,20221023-232133
0,0,경기76아4650,3,41,233000125,277103520,41,20221023-232148
0,0,경기76아4649,3,26,233000125,119900083,56,20221023-232148
0,0,경기76아1132,3,26,233000125,233000774,85,20221023-232148
0,0,경기76아4650,3,41,233000125,277103520,41,20221023-232203
0,0,경기76아4649,3,26,233000125,119900083,56,20221023-232203
0,0,경기76아1132,3,26,233000125,233000774,85,20221023-232203
0,0,경기76아4650,3,41,233000125,277103520,41,20221023-232218
0,0,경기76아4649,3,26,233000125,119900083,56,20221023-232218
0,0,경기76아1132,3,26,233000125,233000774,85,20221023-232218
0,0,경기76아4650,3,41,233000125,277103528,42,20221023-232233
0,0,경기76아4649,3,26,233000125,119900083,56,20221023-232233
0,0,경기76아1132,3,26,233000125,233000773,86,20221023-232233
0,0,경기76아4650,3,41,233000125,277103528,42,20221023-232248
0,0,경기76아4649,3,26,233000125,119900083,56,20221023-232248
0,0,경기76아1132,3,26,233000125,233003082,87,20221023-232248
0,0,경기76아4650,3,41,233000125,277103528,42,20221023-232303
0,0,경기76아4649,3,26,233000125,119900083,56,20221023-232303
0,0,경기76아1132,3,26,233000125,233003082,87,20221023-232303
0,0,경기76아4650,3,41,233000125,277103528,42,20221023-232318
0,0,경기76아4649,3,26,233000125,119900083,56,20221023-232318
0,0,경기76아1132,3,26,233000125,233003082,87,20221023-232318
0,0,경기76아4650,3,41,233000125,277103317,43,20221023-232333
0,0,경기76아1132,3,26,233000125,233003082,87,20221023-232333
0,0,경기76아4649,3,26,233000125,277103902,53,20221023-232333
0,0,경기76아4650,3,41,233000125,277103317,43,20221023-232348
0,0,경기76아1132,3,26,233000125,233003082,87,20221023-232348
0,0,경기76아4649,3,26,233000125,277102049,57,20221023-232348
0,0,경기76아4650,3,41,233000125,277103317,43,20221023-232403
0,0,경기76아1132,3,26,233000125,233003082,87,20221023-232403
0,0,경기76아4649,3,26,233000125,277102049,57,20221023-232403
0,0,경기76아4650,3,41,233000125,277103317,43,20221023-232418
0,0,경기76아1132,3,26,233000125,233003082,87,20221023-232418
0,0,경기76아4649,3,26,233000125,277102049,57,20221023-232418
0,0,경기76아4650,3,41,233000125,277103317,43,20221023-232433
0,0,경기76아4649,3,26,233000125,277102049,57,20221023-232433
0,0,경기76아1132,3,26,233000125,233000772,88,20221023-232433
0,0,경기76아4650,3,41,233000125,277103317,43,20221023-232448
0,0,경기76아4649,3,26,233000125,277102049,57,20221023-232448
0,0,경기76아1132,3,26,233000125,233000772,88,20221023-232448
0,0,경기76아4650,3,41,233000125,277103317,43,20221023-232503
0,0,경기76아4649,3,26,233000125,277102049,57,20221023-232503
0,0,경기76아1132,3,26,233000125,233000772,88,20221023-232503
0,0,경기76아4650,3,41,233000125,277103317,43,20221023-232518
0,0,경기76아1132,3,26,233000125,233000772,88,20221023-232518
0,0,경기76아4649,3,26,233000125,277102291,58,20221023-232518
0,0,경기76아4650,3,41,233000125,277103317,43,20221023-232533
0,0,경기76아4649,3,26,233000125,277102291,58,20221023-232533
0,0,경기76아1132,3,26,233000125,233000771,89,20221023-232533
0,0,경기76아4650,3,41,233000125,277103317,43,20221023-232548
0,0,경기76아4649,3,26,233000125,277102291,58,20221023-232548
0,0,경기76아1132,3,26,233000125,233000771,89,20221023-232548
0,0,경기76아4650,3,41,233000125,277103317,43,20221023-232603
0,0,경기76아1132,3,26,233000125,233000771,89,20221023-232603
0,0,경기76아4649,3,26,233000125,277102291,58,20221023-232603
0,0,경기76아4650,3,41,233000125,277103317,43,20221023-232618
0,0,경기76아4649,3,26,233000125,277102291,58,20221023-232618
0,0,경기76아1132,3,26,233000125,233000770,90,20221023-232618
0,0,경기76아4650,3,41,233000125,277103315,44,20221023-232633
0,0,경기76아4649,3,26,233000125,277102291,58,20221023-232633
0,0,경기76아1132,3,27,233000125,233000770,90,20221023-232633
0,0,경기76아4650,3,41,233000125,277103315,44,20221023-232648
0,0,경기76아4649,3,26,233000125,277102291,58,20221023-232648
0,0,경기76아1132,3,27,233000125,233000770,90,20221023-232648
0,0,경기76아4650,3,41,233000125,277103315,44,20221023-232703
0,0,경기76아4649,3,26,233000125,277102291,58,20221023-232703
0,0,경기76아1132,3,27,233000125,233000770,90,20221023-232703
0,0,경기76아4650,3,41,233000125,277103315,44,20221023-232718
0,0,경기76아1132,3,27,233000125,233000770,90,20221023-232718
0,0,경기76아4649,3,26,233000125,277103204,59,20221023-232718
0,0,경기76아4650,3,41,233000125,277103315,44,20221023-232733
0,0,경기76아1132,3,27,233000125,233000770,90,20221023-232733
0,0,경기76아4649,3,26,233000125,277103204,59,20221023-232733
0,0,경기76아4650,3,41,233000125,277103315,44,20221023-232748
0,0,경기76아1132,3,27,233000125,233000770,90,20221023-232748
0,0,경기76아4649,3,26,233000125,277103204,59,20221023-232748
0,0,경기76아4650,3,41,233000125,277103315,44,20221023-232803
0,0,경기76아1132,3,27,233000125,233000770,90,20221023-232803
0,0,경기76아4649,3,26,233000125,277103204,59,20221023-232803
0,0,경기76아4650,3,41,233000125,277103315,44,20221023-232818
0,0,경기76아1132,3,27,233000125,233000770,90,20221023-232818
0,0,경기76아4649,3,26,233000125,277103204,59,20221023-232818
0,0,경기76아4650,3,41,233000125,226000039,45,20221023-232833
0,0,경기76아4649,3,26,233000125,277103204,59,20221023-232833
0,0,경기76아1132,3,27,233000125,233000769,91,20221023-232833
0,0,경기76아4650,3,41,233000125,226000039,45,20221023-232848
0,0,경기76아1132,3,27,233000125,233000769,91,20221023-232848
0,0,경기76아4649,3,26,233000125,277103202,60,20221023-232848
0,0,경기76아4650,3,41,233000125,226000039,45,20221023-232903
0,0,경기76아1132,3,28,233000125,233000769,91,20221023-232903
0,0,경기76아4649,3,26,233000125,277103202,60,20221023-232903
0,0,경기76아4650,3,41,233000125,226000039,45,20221023-232918
0,0,경기76아4649,3,26,233000125,277103202,60,20221023-232918
0,0,경기76아1132,3,28,233000125,233000769,91,20221023-232918
0,0,경기76아4650,3,41,233000125,226000039,45,20221023-232933
0,0,경기76아4649,3,26,233000125,277103202,60,20221023-232933
0,0,경기76아1132,3,28,233000125,233000768,92,20221023-232933
0,0,경기76아4650,3,41,233000125,226000039,45,20221023-232948
0,0,경기76아4649,3,26,233000125,277103202,60,20221023-232948
0,0,경기76아1132,3,28,233000125,233000768,92,20221023-232948
0,0,경기76아4650,3,41,233000125,226000039,45,20221023-233003
0,0,경기76아4649,3,26,233000125,277103201,61,20221023-233003
0,0,경기76아1132,3,27,233000125,233000768,92,20221023-233003
0,0,경기76아4650,3,41,233000125,226000039,45,20221023-233018
0,0,경기76아4649,3,26,233000125,277103201,61,20221023-233018
0,0,경기76아1132,3,27,233000125,233000768,92,20221023-233018
0,0,경기76아4650,3,41,233000125,277103221,46,20221023-233033
0,0,경기76아4649,3,26,233000125,277103201,61,20221023-233033
0,0,경기76아1132,3,27,233000125,233001749,93,20221023-233033
0,0,경기76아4650,3,41,233000125,277103221,46,20221023-233048
0,0,경기76아4649,3,26,233000125,277103201,61,20221023-233048
0,0,경기76아1132,3,27,233000125,233001749,93,20221023-233048
0,0,경기76아4650,3,41,233000125,277103221,46,20221023-233103
0,0,경기76아4649,3,26,233000125,277103201,61,20221023-233103
0,0,경기76아1132,3,27,233000125,233002159,94,20221023-233103
0,0,경기76아4650,3,41,233000125,277103221,46,20221023-233118
0,0,경기76아4649,3,26,233000125,277103201,61,20221023-233118
0,0,경기76아1132,3,27,233000125,233002159,94,20221023-233118
0,0,경기76아4650,3,41,233000125,277103221,46,20221023-233133
0,0,경기76아1132,3,27,233000125,233002159,94,20221023-233133
0,0,경기76아4649,3,26,233000125,277103201,61,20221023-233133
0,0,경기76아4650,3,41,233000125,277103221,46,20221023-233148
0,0,경기76아4649,3,26,233000125,277103201,61,20221023-233148
0,0,경기76아1132,3,35,233000125,233002159,94,20221023-233148
0,0,경기76아4650,3,41,233000125,277103221,46,20221023-233203
0,0,경기76아4649,3,26,233000125,277103201,61,20221023-233203
0,0,경기76아1132,3,35,233000125,233002159,94,20221023-233203
0,0,경기76아4650,3,41,233000125,277103221,46,20221023-233218
0,0,경기76아1132,3,35,233000125,233002159,94,20221023-233218
0,0,경기76아4649,3,26,233000125,277103158,62,20221023-233218
0,0,경기76아4650,3,41,233000125,277103221,46,20221023-233233
0,0,경기76아1132,3,35,233000125,233002159,94,20221023-233233
0,0,경기76아4649,3,26,233000125,277103158,62,20221023-233233
0,0,경기76아4650,3,41,233000125,277103221,46,20221023-233248
0,0,경기76아1132,3,35,233000125,233002159,94,20221023-233248
0,0,경기76아4649,3,26,233000125,277103158,62,20221023-233248
0,0,경기76아4650,3,41,233000125,277103221,46,20221023-233303
0,0,경기76아1132,3,35,233000125,233002159,94,20221023-233303
0,0,경기76아4649,3,26,233000125,277103158,62,20221023-233303
0,0,경기76아4650,3,41,233000125,277103221,46,20221023-233318
0,0,경기76아4649,3,26,233000125,277103158,62,20221023-233318
0,0,경기76아1132,3,35,233000125,233002159,94,20221023-233318
0,0,경기76아4650,3,41,233000125,277103159,47,20221023-233333
0,0,경기76아1132,3,35,233000125,233001828,95,20221023-233333
0,0,경기76아4649,3,26,233000125,277103220,63,20221023-233333
0,0,경기76아4650,3,41,233000125,277103159,47,20221023-233348
0,0,경기76아1132,3,35,233000125,233001828,95,20221023-233348
0,0,경기76아4649,3,26,233000125,277103220,63,20221023-233348
0,0,경기76아4650,3,41,233000125,277103159,47,20221023-233403
0,0,경기76아1132,3,35,233000125,233001828,95,20221023-233403
0,0,경기76아4649,3,26,233000125,277103220,63,20221023-233403
0,0,경기76아4650,3,41,233000125,277103159,47,20221023-233418
0,0,경기76아4649,3,26,233000125,277103220,63,20221023-233418
0,0,경기76아1132,3,45,233000125,233001828,95,20221023-233418
0,0,경기76아4650,3,41,233000125,277103159,47,20221023-233433
0,0,경기76아1132,3,45,233000125,233001828,95,20221023-233433
0,0,경기76아4649,3,26,233000125,277103220,63,20221023-233433
0,0,경기76아4650,3,41,233000125,277103159,47,20221023-233448
0,0,경기76아1132,3,45,233000125,233001828,95,20221023-233448
0,0,경기76아4649,3,26,233000125,277103220,63,20221023-233448
0,0,경기76아4650,3,41,233000125,277103200,48,20221023-233503
0,0,경기76아1132,3,45,233000125,233001828,95,20221023-233503
0,0,경기76아4649,3,26,233000125,277103220,63,20221023-233503
0,0,경기76아4650,3,41,233000125,277103200,48,20221023-233518
0,0,경기76아1132,3,45,233000125,233001828,95,20221023-233518
0,0,경기76아4649,3,26,233000125,226000038,64,20221023-233518
0,0,경기76아4650,3,41,233000125,277103200,48,20221023-233533
0,0,경기76아1132,3,45,233000125,233001828,95,20221023-233533
0,0,경기76아4649,3,26,233000125,226000038,64,20221023-233533
0,0,경기76아4650,3,41,233000125,277103200,48,20221023-233548
0,0,경기76아4649,3,26,233000125,226000038,64,20221023-233548
0,0,경기76아1132,3,45,233000125,233001828,95,20221023-233548
0,0,경기76아4650,3,41,233000125,277103200,48,20221023-233603
0,0,경기76아4649,3,26,233000125,226000038,64,20221023-233603
0,0,경기76아1132,3,45,233000125,233001435,96,20221023-233603
0,0,경기76아4650,3,41,233000125,277103200,48,20221023-233618
0,0,경기76아1132,3,45,233000125,233001435,96,20221023-233618
0,0,경기76아4649,3,26,233000125,226000038,64,20221023-233618
0,0,경기76아4650,3,41,233000125,277103200,48,20221023-233633
0,0,경기76아4649,3,26,233000125,226000038,64,20221023-233633
0,0,경기76아1132,3,46,233000125,233001435,96,20221023-233633
0,0,경기76아4650,3,41,233000125,277103200,48,20221023-233648
0,0,경기76아4649,3,26,233000125,226000038,64,20221023-233648
0,0,경기76아1132,3,46,233000125,233000208,97,20221023-233648
0,0,경기76아4650,3,41,233000125,277103200,48,20221023-233703
0,0,경기76아1132,3,46,233000125,233000208,97,20221023-233703
0,0,경기76아4649,3,26,233000125,226000038,64,20221023-233703
0,0,경기76아4650,3,41,233000125,277103203,49,20221023-233718
0,0,경기76아1132,3,46,233000125,233001043,98,20221023-233718
0,0,경기76아4649,3,26,233000125,277103314,65,20221023-233718
0,0,경기76아4650,3,41,233000125,277103203,49,20221023-233733
0,0,경기76아1132,3,46,233000125,233001043,98,20221023-233733
0,0,경기76아4649,3,26,233000125,277103314,65,20221023-233733
0,0,경기76아4650,3,41,233000125,277103203,49,20221023-233748
0,0,경기76아1132,3,48,233000125,233001043,98,20221023-233748
0,0,경기76아4649,3,26,233000125,277103314,65,20221023-233748
0,0,경기76아4650,3,41,233000125,277103203,49,20221023-233803
0,0,경기76아1132,3,48,233000125,233001043,98,20221023-233803
0,0,경기76아4649,3,26,233000125,277103314,65,20221023-233803
0,0,경기76아4650,3,41,233000125,277103203,49,20221023-233818
0,0,경기76아1132,3,48,233000125,233001043,98,20221023-233818
0,0,경기76아4649,3,26,233000125,277103314,65,20221023-233818
0,0,경기76아4650,3,41,233000125,277103203,49,20221023-233833
0,0,경기76아1132,3,48,233000125,233001043,98,20221023-233833
0,0,경기76아4649,3,26,233000125,277103314,65,20221023-233833
0,0,경기76아4650,3,41,233000125,277103203,49,20221023-233848
0,0,경기76아1132,3,48,233000125,233001043,98,20221023-233848
0,0,경기76아4649,3,26,233000125,277103314,65,20221023-233848
0,0,경기76아4650,3,41,233000125,277103203,49,20221023-233905
0,0,경기76아4649,3,26,233000125,277103314,65,20221023-233905
0,0,경기76아1132,3,48,233000125,233002130,99,20221023-233905
0,0,경기76아4650,3,41,233000125,277103205,50,20221023-233918
0,0,경기76아4649,3,26,233000125,277103314,65,20221023-233918
0,0,경기76아1132,3,48,233000125,233002130,99,20221023-233918
0,0,경기76아4650,3,41,233000125,277103205,50,20221023-233933
0,0,경기76아4649,3,26,233000125,277103314,65,20221023-233933
0,0,경기76아1132,3,48,233000125,233001042,100,20221023-233933
0,0,경기76아4650,3,41,233000125,277103205,50,20221023-233948
0,0,경기76아1132,3,48,233000125,233001042,100,20221023-233948
0,0,경기76아4649,3,26,233000125,277103316,66,20221023-233948
0,0,경기76아4650,3,41,233000125,277103205,50,20221023-234003
0,0,경기76아1132,3,48,233000125,233001042,100,20221023-234003
0,0,경기76아4649,3,26,233000125,277103316,66,20221023-234003
0,0,경기76아4650,3,41,233000125,277103205,50,20221023-234018
0,0,경기76아4649,3,26,233000125,277103316,66,20221023-234018
0,0,경기76아1132,3,48,233000125,233002296,101,20221023-234018
0,0,경기76아4650,3,41,233000125,277103205,50,20221023-234033
0,0,경기76아1132,3,48,233000125,233000207,102,20221023-234033
0,0,경기76아4649,3,26,233000125,277103527,67,20221023-234033
0,0,경기76아4650,3,41,233000125,277103205,50,20221023-234048
0,0,경기76아1132,3,48,233000125,233000207,102,20221023-234048
0,0,경기76아4649,3,26,233000125,277103527,67,20221023-234048
0,0,경기76아4650,3,41,233000125,277103205,50,20221023-234103
0,0,경기76아1132,3,48,233000125,233000207,102,20221023-234103
0,0,경기76아4649,3,26,233000125,277103527,67,20221023-234103
0,0,경기76아4650,3,41,233000125,277103205,50,20221023-234118
0,0,경기76아4649,3,26,233000125,277103527,67,20221023-234118
0,0,경기76아1132,3,48,233000125,233002216,103,20221023-234118
0,0,경기76아4650,3,41,233000125,277103205,50,20221023-234133
0,0,경기76아4649,3,26,233000125,277103527,67,20221023-234133
0,0,경기76아1132,3,49,233000125,233002216,103,20221023-234133
0,0,경기76아4650,3,41,233000125,277103205,50,20221023-234148
0,0,경기76아4649,3,26,233000125,277103527,67,20221023-234148
0,0,경기76아1132,3,49,233000125,233002216,103,20221023-234148
0,0,경기76아4650,3,41,233000125,277103205,50,20221023-234203
0,0,경기76아1132,3,49,233000125,233002216,103,20221023-234203
0,0,경기76아4649,3,26,233000125,277103527,67,20221023-234203
0,0,경기76아4650,3,41,233000125,277103205,50,20221023-234218
0,0,경기76아1132,3,49,233000125,233002216,103,20221023-234218
0,0,경기76아4649,3,26,233000125,277103527,67,20221023-234218
0,0,경기76아4650,3,41,233000125,277103903,51,20221023-234233
0,0,경기76아1132,3,49,233000125,233002216,103,20221023-234233
0,0,경기76아4649,3,26,233000125,277103527,67,20221023-234233
0,0,경기76아4650,3,41,233000125,277103903,51,20221023-234248
0,0,경기76아4649,3,26,233000125,277103527,67,20221023-234248
0,0,경기76아1132,3,49,233000125,233002223,104,20221023-234248
0,0,경기76아4650,3,41,233000125,120000671,52,20221023-234303
0,0,경기76아1132,3,49,233000125,233002223,104,20221023-234303
0,0,경기76아4649,3,26,233000125,277103519,68,20221023-234303
0,0,경기76아4650,3,41,233000125,120000671,52,20221023-234318
0,0,경기76아1132,3,49,233000125,233002223,104,20221023-234318
0,0,경기76아4649,3,26,233000125,277103519,68,20221023-234318
0,0,경기76아4650,3,41,233000125,120000671,52,20221023-234333
0,0,경기76아4649,3,26,233000125,277103519,68,20221023-234333
0,0,경기76아1132,3,49,233000125,233002223,104,20221023-234333
0,0,경기76아4650,3,42,233000125,120000671,52,20221023-234348
0,0,경기76아4649,3,26,233000125,277103519,68,20221023-234348
0,0,경기76아1132,3,49,233000125,233002223,104,20221023-234348
0,0,경기76아4650,3,42,233000125,120000671,52,20221023-234403
0,0,경기76아1132,3,49,233000125,233002223,104,20221023-234403
0,0,경기76아4649,3,26,233000125,277103519,68,20221023-234403
0,0,경기76아4650,3,42,233000125,120000671,52,20221023-234418
0,0,경기76아1132,3,49,233000125,233002223,104,20221023-234418
0,0,경기76아4649,3,26,233000125,277103519,68,20221023-234418
0,0,경기76아4650,3,42,233000125,277103902,53,20221023-234433
0,0,경기76아1132,3,49,233000125,233002223,104,20221023-234433
0,0,경기76아4649,3,26,233000125,277103519,68,20221023-234433
0,0,경기76아4650,3,42,233000125,277103902,53,20221023-234448
0,0,경기76아1132,3,49,233000125,233002223,104,20221023-234448
0,0,경기76아4649,3,26,233000125,233000781,69,20221023-234448
0,0,경기76아4650,3,42,233000125,277103902,53,20221023-234503
0,0,경기76아1132,3,49,233000125,233002223,104,20221023-234503
0,0,경기76아4649,3,26,233000125,233000781,69,20221023-234503
0,0,경기76아4650,3,42,233000125,277103902,53,20221023-234518
0,0,경기76아1132,3,49,233000125,233002223,104,20221023-234518
0,0,경기76아4649,3,26,233000125,233000781,69,20221023-234518
0,0,경기76아4650,3,42,233000125,277103902,53,20221023-234533
0,0,경기76아1132,3,49,233000125,233002223,104,20221023-234533
0,0,경기76아4649,3,26,233000125,233000781,69,20221023-234533
0,0,경기76아4650,3,42,233000125,277103902,53,20221023-234548
0,0,경기76아1132,3,49,233000125,233002223,104,20221023-234548
0,0,경기76아4649,3,26,233000125,233000781,69,20221023-234548
0,0,경기76아4650,3,42,233000125,277103902,53,20221023-234603
0,0,경기76아1132,3,49,233000125,233002223,104,20221023-234603
0,0,경기76아4649,3,26,233000125,233000781,69,20221023-234603
0,0,경기76아4650,3,42,233000125,277103902,53,20221023-234618
0,0,경기76아1132,3,49,233000125,233002223,104,20221023-234618
0,0,경기76아4649,3,26,233000125,233000849,70,20221023-234618
0,0,경기76아4650,3,45,233000125,121001315,54,20221023-234633
0,0,경기76아1132,3,49,233000125,233002223,104,20221023-234633
0,0,경기76아4649,3,26,233000125,233000848,71,20221023-234633
0,0,경기76아4650,3,45,233000125,121001315,54,20221023-234648
0,0,경기76아1132,3,49,233000125,233002223,104,20221023-234648
0,0,경기76아4649,3,26,233000125,233000848,71,20221023-234648
0,0,경기76아4650,3,45,233000125,121001315,54,20221023-234703
0,0,경기76아1132,3,49,233000125,233002223,104,20221023-234703
0,0,경기76아4649,3,26,233000125,233000848,71,20221023-234703
0,0,경기76아4650,3,45,233000125,277101688,55,20221023-234718
0,0,경기76아1132,3,49,233000125,233002223,104,20221023-234718
0,0,경기76아4649,3,26,233000125,233000847,72,20221023-234718
0,0,경기76아4650,3,45,233000125,277101688,55,20221023-234733
0,0,경기76아1132,3,49,233000125,233002223,104,20221023-234733
0,0,경기76아4649,3,26,233000125,233000847,72,20221023-234733
0,0,경기76아4650,3,45,233000125,277101688,55,20221023-234748
0,0,경기76아4649,3,26,233000125,233002174,73,20221023-234748
0,0,경기76아1132,3,49,233000125,233002214,105,20221023-234748
0,0,경기76아4650,3,45,233000125,277101688,55,20221023-234803
0,0,경기76아4649,3,26,233000125,233002174,73,20221023-234803
0,0,경기76아1132,3,49,233000125,233002214,105,20221023-234803
0,0,경기76아4650,3,45,233000125,277101688,55,20221023-234818
0,0,경기76아4649,3,26,233000125,233002174,73,20221023-234818
0,0,경기76아1132,3,49,233000125,233002214,105,20221023-234818
0,0,경기76아4650,3,45,233000125,277101688,55,20221023-234833
0,0,경기76아1132,3,49,233000125,233002214,105,20221023-234833
0,0,경기76아4649,3,26,233000125,233000846,75,20221023-234833
0,0,경기76아4650,3,45,233000125,119900083,56,20221023-234848
0,0,경기76아1132,3,49,233000125,233002214,105,20221023-234848
0,0,경기76아4649,3,26,233000125,233000845,76,20221023-234848
0,0,경기76아4650,3,45,233000125,119900083,56,20221023-234903
0,0,경기76아1132,3,49,233000125,233002214,105,20221023-234903
0,0,경기76아4649,3,26,233000125,233000845,76,20221023-234903
0,0,경기76아4650,3,45,233000125,119900083,56,20221023-234918
0,0,경기76아1132,3,49,233000125,233002214,105,20221023-234918
0,0,경기76아4649,3,26,233000125,233002150,77,20221023-234918
0,0,경기76아4650,3,45,233000125,119900083,56,20221023-234933
0,0,경기76아4649,3,26,233000125,233002150,77,20221023-234933
0,0,경기76아4650,3,45,233000125,119900083,56,20221023-234948
0,0,경기76아4649,3,26,233000125,233002150,77,20221023-234948
0,0,경기76아4650,3,45,233000125,119900083,56,20221023-235003
0,0,경기76아4649,3,26,233000125,233000844,78,20221023-235003
0,0,경기76아4650,3,45,233000125,119900083,56,20221023-235018
0,0,경기76아4649,3,26,233000125,233000844,78,20221023-235018
0,0,경기76아4650,3,45,233000125,119900083,56,20221023-235033
0,0,경기76아4649,3,24,233000125,233000844,78,20221023-235033
0,0,경기76아4650,3,45,233000125,119900083,56,20221023-235048
0,0,경기76아4649,3,24,233000125,233000844,78,20221023-235048
0,0,경기76아4650,3,45,233000125,119900083,56,20221023-235103
0,0,경기76아4649,3,24,233000125,233000844,78,20221023-235103
0,0,경기76아4650,3,45,233000125,119900083,56,20221023-235118
0,0,경기76아4649,3,24,233000125,233000844,78,20221023-235118
0,0,경기76아4650,3,45,233000125,119900083,56,20221023-235133
0,0,경기76아4649,3,24,233000125,233000843,79,20221023-235133
0,0,경기76아4650,3,45,233000125,119900083,56,20221023-235148
0,0,경기76아4649,3,24,233000125,233000843,79,20221023-235148
0,0,경기76아4650,3,45,233000125,119900083,56,20221023-235203
0,0,경기76아4649,3,24,233000125,233000780,80,20221023-235203
0,0,경기76아4650,3,45,233000125,119900083,56,20221023-235218
0,0,경기76아4649,3,24,233000125,233000780,80,20221023-235218
0,0,경기76아4650,3,45,233000125,119900083,56,20221023-235233
0,0,경기76아4649,3,24,233000125,233000780,80,20221023-235233
0,0,경기76아4650,3,45,233000125,119900083,56,20221023-235248
0,0,경기76아4649,3,24,233000125,233000779,81,20221023-235248
0,0,경기76아4650,3,45,233000125,119900083,56,20221023-235303
0,0,경기76아4649,3,24,233000125,233000779,81,20221023-235303
0,0,경기76아4650,3,45,233000125,119900083,56,20221023-235318
0,0,경기76아4649,3,24,233000125,233000779,81,20221023-235318
0,0,경기76아4650,3,45,233000125,119900083,56,20221023-235333
0,0,경기76아4649,3,24,233000125,233000779,81,20221023-235333
0,0,경기76아4650,3,45,233000125,119900083,56,20221023-235348
0,0,경기76아4649,3,24,233000125,233000779,81,20221023-235348
0,0,경기76아4650,3,45,233000125,119900083,56,20221023-235403
0,0,경기76아4649,3,24,233000125,233000779,81,20221023-235403
0,0,경기76아4650,3,45,233000125,119900083,56,20221023-235418
0,0,경기76아4649,3,24,233000125,233000779,81,20221023-235418
0,0,경기76아4650,3,45,233000125,119900083,56,20221023-235433
0,0,경기76아4649,3,24,233000125,233000778,82,20221023-235433
0,0,경기76아4650,3,45,233000125,119900083,56,20221023-235448
0,0,경기76아4649,3,24,233000125,233000778,82,20221023-235448
0,0,경기76아4650,3,45,233000125,119900083,56,20221023-235503
0,0,경기76아4649,3,24,233000125,233000778,82,20221023-235503
0,0,경기76아4650,3,45,233000125,119900083,56,20221023-235518
0,0,경기76아4649,3,24,233000125,233000778,82,20221023-235518
0,0,경기76아4650,3,45,233000125,119900083,56,20221023-235533
0,0,경기76아4649,3,24,233000125,233000777,83,20221023-235533
0,0,경기76아4650,3,45,233000125,119900083,56,20221023-235548
0,0,경기76아4649,3,24,233000125,233000777,83,20221023-235548
0,0,경기76아4650,3,45,233000125,119900083,56,20221023-235603
0,0,경기76아4649,3,27,233000125,233000777,83,20221023-235603
0,0,경기76아4650,3,45,233000125,119900083,56,20221023-235618
0,0,경기76아4649,3,27,233000125,233000776,84,20221023-235618
0,0,경기76아4650,3,45,233000125,119900083,56,20221023-235633
0,0,경기76아4649,3,27,233000125,233000776,84,20221023-235633
0,0,경기76아4650,3,45,233000125,119900083,56,20221023-235648
0,0,경기76아4649,3,27,233000125,233000776,84,20221023-235648
0,0,경기76아4650,3,45,233000125,119900083,56,20221023-235703
0,0,경기76아4649,3,28,233000125,233000774,85,20221023-235703
0,0,경기76아4650,3,45,233000125,119900083,56,20221023-235718
0,0,경기76아4649,3,28,233000125,233000774,85,20221023-235718
0,0,경기76아4650,3,45,233000125,119900083,56,20221023-235733
0,0,경기76아4649,3,28,233000125,233000774,85,20221023-235733
0,0,경기76아4650,3,45,233000125,119900083,56,20221023-235748
0,0,경기76아4649,3,28,233000125,233000774,85,20221023-235748
0,0,경기76아4650,3,45,233000125,119900083,56,20221023-235803
0,0,경기76아4649,3,28,233000125,233000774,85,20221023-235803
0,0,경기76아4650,3,45,233000125,119900083,56,20221023-235818
0,0,경기76아4649,3,28,233000125,233000773,86,20221023-235818
0,0,경기76아4650,3,45,233000125,119900083,56,20221023-235833
0,0,경기76아4649,3,28,233000125,233003082,87,20221023-235833
0,0,경기76아4650,3,45,233000125,119900083,56,20221023-235848
0,0,경기76아4649,3,28,233000125,233003082,87,20221023-235848
0,0,경기76아4650,3,45,233000125,119900083,56,20221023-235903
0,0,경기76아4649,3,28,233000125,233003082,87,20221023-235903
0,0,경기76아4650,3,45,233000125,119900083,56,20221023-235918
0,0,경기76아4649,3,28,233000125,233003082,87,20221023-235918
0,0,경기76아4650,3,45,233000125,119900083,56,20221023-235933
0,0,경기76아4649,3,28,233000125,233003082,87,20221023-235933
0,0,경기76아4650,3,45,233000125,119900083,56,20221023-235948
0,0,경기76아4649,3,28,233000125,233003082,87,20221023-235948
0,0,경기76아4650,3,45,233000125,119900083,56,20221024-000004
0,0,경기76아4649,3,28,233000125,233000772,88,20221024-000004
0,0,경기76아4650,3,45,233000125,119900083,56,20221024-000019
0,0,경기76아4649,3,28,233000125,233000772,88,20221024-000019
0,0,경기76아4650,3,30,233000125,119900083,56,20221024-000034
0,0,경기76아4649,3,28,233000125,233000772,88,20221024-000034
0,0,경기76아4650,3,30,233000125,119900083,56,20221024-000049
0,0,경기76아4649,3,28,233000125,233000772,88,20221024-000049
0,0,경기76아4650,3,30,233000125,119900083,56,20221024-000103
0,0,경기76아4649,3,28,233000125,233000772,88,20221024-000103
0,0,경기76아4650,3,30,233000125,119900083,56,20221024-000118
0,0,경기76아4649,3,28,233000125,233000772,88,20221024-000118
0,0,경기76아4650,3,30,233000125,119900083,56,20221024-000133
0,0,경기76아4649,3,28,233000125,233000771,89,20221024-000133
0,0,경기76아4650,3,30,233000125,119900083,56,20221024-000148
0,0,경기76아4649,3,29,233000125,233000771,89,20221024-000148
0,0,경기76아4650,3,30,233000125,119900083,56,20221024-000203
0,0,경기76아4649,3,29,233000125,233000771,89,20221024-000203
0,0,경기76아4650,3,30,233000125,119900083,56,20221024-000218
0,0,경기76아4649,3,29,233000125,233000771,89,20221024-000218
0,0,경기76아4650,3,30,233000125,119900083,56,20221024-000233
0,0,경기76아4649,3,29,233000125,233000770,90,20221024-000233
0,0,경기76아4650,3,30,233000125,119900083,56,20221024-000248
0,0,경기76아4649,3,30,233000125,233000770,90,20221024-000248
0,0,경기76아4650,3,30,233000125,119900083,56,20221024-000303
0,0,경기76아4649,3,30,233000125,233000770,90,20221024-000303
0,0,경기76아4650,3,30,233000125,119900083,56,20221024-000318
0,0,경기76아4649,3,30,233000125,233000770,90,20221024-000318
0,0,경기76아4650,3,30,233000125,119900083,56,20221024-000333
0,0,경기76아4649,3,30,233000125,233000769,91,20221024-000333
0,0,경기76아4650,3,30,233000125,119900083,56,20221024-000348
0,0,경기76아4649,3,30,233000125,233000769,91,20221024-000348
0,0,경기76아4650,3,30,233000125,277103902,53,20221024-000403
0,0,경기76아4649,3,30,233000125,233000768,92,20221024-000403
0,0,경기76아4650,3,30,233000125,277103902,53,20221024-000418
0,0,경기76아4649,3,30,233000125,233000768,92,20221024-000418
0,0,경기76아4650,3,30,233000125,277102049,57,20221024-000433
0,0,경기76아4649,3,33,233000125,233000768,92,20221024-000433
0,0,경기76아4650,3,30,233000125,277102049,57,20221024-000448
0,0,경기76아4649,3,33,233000125,233000768,92,20221024-000448
0,0,경기76아4650,3,30,233000125,277102049,57,20221024-000503
0,0,경기76아4649,3,33,233000125,233001749,93,20221024-000503
0,0,경기76아4650,3,30,233000125,277102049,57,20221024-000518
0,0,경기76아4649,3,33,233000125,233001749,93,20221024-000518
0,0,경기76아4650,3,30,233000125,277102049,57,20221024-000533
0,0,경기76아4649,3,33,233000125,233002159,94,20221024-000533
0,0,경기76아4650,3,30,233000125,277102049,57,20221024-000548
0,0,경기76아4649,3,33,233000125,233002159,94,20221024-000548
0,0,경기76아4650,3,30,233000125,277102049,57,20221024-000603
0,0,경기76아4649,3,33,233000125,233002159,94,20221024-000603
0,0,경기76아4650,3,30,233000125,277102049,57,20221024-000618
0,0,경기76아4649,3,38,233000125,233002159,94,20221024-000618
0,0,경기76아4650,3,30,233000125,277102049,57,20221024-000633
0,0,경기76아4649,3,38,233000125,233002159,94,20221024-000633
0,0,경기76아4650,3,30,233000125,277102049,57,20221024-000648
0,0,경기76아4649,3,38,233000125,233002159,94,20221024-000648
0,0,경기76아4650,3,30,233000125,277102291,58,20221024-000703
0,0,경기76아4649,3,38,233000125,233002159,94,20221024-000703
0,0,경기76아4650,3,30,233000125,277102291,58,20221024-000718
0,0,경기76아4649,3,38,233000125,233002159,94,20221024-000718
0,0,경기76아4650,3,30,233000125,277102291,58,20221024-000733
0,0,경기76아4649,3,38,233000125,233002159,94,20221024-000733
0,0,경기76아4650,3,30,233000125,277102291,58,20221024-000748
0,0,경기76아4649,3,38,233000125,233002159,94,20221024-000748
0,0,경기76아4650,3,30,233000125,277102291,58,20221024-000803
0,0,경기76아4649,3,38,233000125,233001828,95,20221024-000803
0,0,경기76아4650,3,30,233000125,277102291,58,20221024-000818
0,0,경기76아4649,3,38,233000125,233001828,95,20221024-000818
0,0,경기76아4650,3,30,233000125,277102291,58,20221024-000833
0,0,경기76아4649,3,38,233000125,233001828,95,20221024-000833
0,0,경기76아4650,3,30,233000125,277102291,58,20221024-000848
0,0,경기76아4649,3,40,233000125,233001828,95,20221024-000848
0,0,경기76아4650,3,30,233000125,277102291,58,20221024-000903
0,0,경기76아4649,3,40,233000125,233001828,95,20221024-000903
0,0,경기76아4650,3,30,233000125,277103204,59,20221024-000918
0,0,경기76아4649,3,40,233000125,233001828,95,20221024-000918
0,0,경기76아4650,3,30,233000125,277103204,59,20221024-000933
0,0,경기76아4649,3,40,233000125,233001828,95,20221024-000933
0,0,경기76아4650,3,30,233000125,277103204,59,20221024-000948
0,0,경기76아4649,3,40,233000125,233001828,95,20221024-000948
0,0,경기76아4650,3,-1,233000125,277103204,59,20221024-001003
0,0,경기76아4649,3,40,233000125,233001828,95,20221024-001003
0,0,경기76아4650,3,-1,233000125,277103204,59,20221024-001018
0,0,경기76아4649,3,40,233000125,233001828,95,20221024-001018
0,0,경기76아4650,3,-1,233000125,277103204,59,20221024-001033
0,0,경기76아4649,3,40,233000125,233001828,95,20221024-001033
0,0,경기76아4650,3,-1,233000125,277103204,59,20221024-001048
0,0,경기76아4649,3,40,233000125,233001435,96,20221024-001048
0,0,경기76아4650,3,30,233000125,277103204,59,20221024-001103
0,0,경기76아4649,3,40,233000125,233001435,96,20221024-001103
0,0,경기76아4650,3,30,233000125,277103202,60,20221024-001118
0,0,경기76아4649,3,41,233000125,233001435,96,20221024-001118
0,0,경기76아4650,3,30,233000125,277103202,60,20221024-001133
0,0,경기76아4649,3,41,233000125,233000208,97,20221024-001133
0,0,경기76아4650,3,30,233000125,277103202,60,20221024-001148
0,0,경기76아4649,3,41,233000125,233001043,98,20221024-001148
0,0,경기76아4650,3,30,233000125,277103202,60,20221024-001204
0,0,경기76아4649,3,41,233000125,233001043,98,20221024-001204
0,0,경기76아4650,3,30,233000125,277103202,60,20221024-001219
0,0,경기76아4649,3,41,233000125,233001043,98,20221024-001219
0,0,경기76아4650,3,30,233000125,277103201,61,20221024-001234
0,0,경기76아4649,3,41,233000125,233001043,98,20221024-001234
0,0,경기76아4650,3,30,233000125,277103201,61,20221024-001249
0,0,경기76아4649,3,41,233000125,233001043,98,20221024-001249
0,0,경기76아4650,3,30,233000125,277103201,61,20221024-001303
0,0,경기76아4649,3,41,233000125,233001043,98,20221024-001303
0,0,경기76아4650,3,30,233000125,277103201,61,20221024-001319
0,0,경기76아4649,3,41,233000125,233001043,98,20221024-001319
0,0,경기76아4650,3,30,233000125,277103201,61,20221024-001333
0,0,경기76아4649,3,42,233000125,233002130,99,20221024-001333
0,0,경기76아4650,3,30,233000125,277103201,61,20221024-001348
0,0,경기76아4649,3,42,233000125,233001042,100,20221024-001348
0,0,경기76아4650,3,30,233000125,277103201,61,20221024-001403
0,0,경기76아4649,3,42,233000125,233001042,100,20221024-001403
0,0,경기76아4650,3,30,233000125,277103201,61,20221024-001418
0,0,경기76아4649,3,42,233000125,233001042,100,20221024-001418
0,0,경기76아4650,3,30,233000125,277103201,61,20221024-001433
0,0,경기76아4649,3,42,233000125,233002296,101,20221024-001433
0,0,경기76아4650,3,30,233000125,277103201,61,20221024-001448
0,0,경기76아4649,3,42,233000125,233000207,102,20221024-001448
0,0,경기76아4650,3,30,233000125,277103158,62,20221024-001503
0,0,경기76아4649,3,42,233000125,233000207,102,20221024-001503
0,0,경기76아4650,3,30,233000125,277103158,62,20221024-001518
0,0,경기76아4649,3,44,233000125,233000207,102,20221024-001518
0,0,경기76아4650,3,30,233000125,277103158,62,20221024-001533
0,0,경기76아4649,3,44,233000125,233002216,103,20221024-001533
0,0,경기76아4650,3,30,233000125,277103158,62,20221024-001548
0,0,경기76아4649,3,44,233000125,233002216,103,20221024-001548
0,0,경기76아4650,3,30,233000125,277103158,62,20221024-001603
0,0,경기76아4649,3,44,233000125,233002216,103,20221024-001603
0,0,경기76아4650,3,30,233000125,277103220,63,20221024-001618
0,0,경기76아4649,3,44,233000125,233002223,104,20221024-001618
0,0,경기76아4650,3,30,233000125,277103220,63,20221024-001633
0,0,경기76아4649,3,44,233000125,233002223,104,20221024-001633
0,0,경기76아4650,3,30,233000125,277103220,63,20221024-001648
0,0,경기76아4649,3,44,233000125,233002223,104,20221024-001648
0,0,경기76아4650,3,30,233000125,277103220,63,20221024-001703
0,0,경기76아4649,3,44,233000125,233002223,104,20221024-001703
0,0,경기76아4650,3,30,233000125,277103220,63,20221024-001718
0,0,경기76아4649,3,44,233000125,233002214,105,20221024-001718
0,0,경기76아4650,3,30,233000125,277103220,63,20221024-001733
0,0,경기76아4649,3,44,233000125,233002214,105,20221024-001733
0,0,경기76아4650,3,30,233000125,277103220,63,20221024-001748
0,0,경기76아4649,3,44,233000125,233002214,105,20221024-001748
0,0,경기76아4650,3,30,233000125,277103220,63,20221024-001803
0,0,경기76아4649,3,44,233000125,233002214,105,20221024-001803
0,0,경기76아4650,3,30,233000125,226000038,64,20221024-001818
0,0,경기76아4649,3,44,233000125,233002214,105,20221024-001818
0,0,경기76아4650,3,30,233000125,226000038,64,20221024-001833
0,0,경기76아4649,3,44,233000125,233002214,105,20221024-001833
0,0,경기76아4650,3,30,233000125,226000038,64,20221024-001848
0,0,경기76아4649,3,44,233000125,233002214,105,20221024-001848
0,0,경기76아4650,3,30,233000125,226000038,64,20221024-001904
0,0,경기76아4649,3,44,233000125,233002214,105,20221024-001904
0,0,경기76아4650,3,30,233000125,226000038,64,20221024-001919
0,0,경기76아4649,3,44,233000125,233002214,105,20221024-001919
0,0,경기76아4650,3,30,233000125,226000038,64,20221024-001934
0,0,경기76아4649,3,44,233000125,233002214,105,20221024-001934
0,0,경기76아4650,3,30,233000125,226000038,64,20221024-001949
0,0,경기76아4649,3,44,233000125,233002214,105,20221024-001949
0,0,경기76아4650,3,30,233000125,226000038,64,20221024-002004
0,0,경기76아4649,3,44,233000125,233002214,105,20221024-002004
0,0,경기76아4650,3,-1,233000125,226000038,64,20221024-002019
0,0,경기76아4649,3,44,233000125,233002214,105,20221024-002019
0,0,경기76아4650,3,-1,233000125,226000038,64,20221024-002034
0,0,경기76아4649,3,44,233000125,233002214,105,20221024-002034
0,0,경기76아4650,3,30,233000125,226000038,64,20221024-002049
0,0,경기76아4649,3,44,233000125,233002214,105,20221024-002049
0,0,경기76아4650,3,30,233000125,226000038,64,20221024-002103
0,0,경기76아4649,3,44,233000125,233002214,105,20221024-002103
0,0,경기76아4650,3,30,233000125,226000038,64,20221024-002118
0,0,경기76아4649,3,44,233000125,233002214,105,20221024-002118
0,0,경기76아4650,3,30,233000125,226000038,64,20221024-002134
0,0,경기76아4649,3,44,233000125,233002214,105,20221024-002134
0,0,경기76아4650,3,30,233000125,277103314,65,20221024-002149
0,0,경기76아4649,3,44,233000125,233002214,105,20221024-002149
0,0,경기76아4650,3,30,233000125,277103314,65,20221024-002203
0,0,경기76아4649,3,44,233000125,233002214,105,20221024-002203
0,0,경기76아4650,3,30,233000125,277103314,65,20221024-002218
0,0,경기76아4649,3,44,233000125,233002214,105,20221024-002218
0,0,경기76아4650,3,30,233000125,277103314,65,20221024-002233
0,0,경기76아4649,3,44,233000125,233002214,105,20221024-002233
0,0,경기76아4650,3,30,233000125,277103314,65,20221024-002248
0,0,경기76아4649,3,44,233000125,233002214,105,20221024-002248
0,0,경기76아4650,3,30,233000125,277103314,65,20221024-002303
0,0,경기76아4649,3,45,233000125,233002214,105,20221024-002303
0,0,경기76아4650,3,30,233000125,277103314,65,20221024-002318
0,0,경기76아4649,3,45,233000125,233002214,105,20221024-002318
0,0,경기76아4650,3,30,233000125,277103314,65,20221024-002333
0,0,경기76아4650,3,30,233000125,277103314,65,20221024-002348
0,0,경기76아4650,3,30,233000125,277103314,65,20221024-002403
0,0,경기76아4650,3,30,233000125,277103316,66,20221024-002418
0,0,경기76아4650,3,30,233000125,277103316,66,20221024-002433
0,0,경기76아4650,3,30,233000125,277103316,66,20221024-002448
0,0,경기76아4650,3,30,233000125,277103316,66,20221024-002507
0,0,경기76아4650,3,30,233000125,277103527,67,20221024-002519
0,0,경기76아4650,3,30,233000125,277103527,67,20221024-002534
0,0,경기76아4650,3,30,233000125,277103527,67,20221024-002549
0,0,경기76아4650,3,30,233000125,277103527,67,20221024-002604
0,0,경기76아4650,3,30,233000125,277103527,67,20221024-002619
0,0,경기76아4650,3,30,233000125,277103527,67,20221024-002634
0,0,경기76아4650,3,30,233000125,277103527,67,20221024-002649
0,0,경기76아4650,3,30,233000125,277103527,67,20221024-002703
0,0,경기76아4650,3,30,233000125,277103527,67,20221024-002718
0,0,경기76아4650,3,30,233000125,277103527,67,20221024-002733
0,0,경기76아4650,3,30,233000125,277103519,68,20221024-002748
0,0,경기76아4650,3,30,233000125,277103519,68,20221024-002803
0,0,경기76아4650,3,30,233000125,277103519,68,20221024-002818
0,0,경기76아4650,3,30,233000125,277103519,68,20221024-002833
0,0,경기76아4650,3,30,233000125,277103519,68,20221024-002848
0,0,경기76아4650,3,30,233000125,277103519,68,20221024-002903
0,0,경기76아4650,3,30,233000125,277103519,68,20221024-002918
0,0,경기76아4650,3,30,233000125,277103519,68,20221024-002933
0,0,경기76아4650,3,30,233000125,233000781,69,20221024-002948
0,0,경기76아4650,3,30,233000125,233000781,69,20221024-003003
0,0,경기76아4650,3,30,233000125,233000781,69,20221024-003018
0,0,경기76아4650,3,30,233000125,233000849,70,20221024-003033
0,0,경기76아4650,3,30,233000125,233000849,70,20221024-003048
0,0,경기76아4650,3,30,233000125,233000848,71,20221024-003104
0,0,경기76아4650,3,30,233000125,233000848,71,20221024-003118
0,0,경기76아4650,3,30,233000125,233000847,72,20221024-003133
0,0,경기76아4650,3,30,233000125,233000847,72,20221024-003148
0,0,경기76아4650,3,30,233000125,233002174,73,20221024-003203
0,0,경기76아4650,3,30,233000125,233002174,73,20221024-003218
0,0,경기76아4650,3,31,233000125,233002174,73,20221024-003233
0,0,경기76아4650,3,31,233000125,233002174,73,20221024-003248
0,0,경기76아4650,3,31,233000125,233000055,74,20221024-003303
0,0,경기76아4650,3,31,233000125,233000846,75,20221024-003318
0,0,경기76아4650,3,31,233000125,233000845,76,20221024-003333
0,0,경기76아4650,3,31,233000125,233000845,76,20221024-003348
0,0,경기76아4650,3,31,233000125,233002150,77,20221024-003403
0,0,경기76아4650,3,31,233000125,233002150,77,20221024-003418
0,0,경기76아4650,3,31,233000125,233002150,77,20221024-003433
0,0,경기76아4650,3,31,233000125,233000844,78,20221024-003448
0,0,경기76아4650,3,31,233000125,233000844,78,20221024-003503
0,0,경기76아4650,3,31,233000125,233000844,78,20221024-003518
0,0,경기76아4650,3,31,233000125,233000844,78,20221024-003533
0,0,경기76아4650,3,31,233000125,233000844,78,20221024-003548
0,0,경기76아4650,3,31,233000125,233000843,79,20221024-003603
0,0,경기76아4650,3,32,233000125,233000843,79,20221024-003618
0,0,경기76아4650,3,32,233000125,233000843,79,20221024-003633
0,0,경기76아4650,3,32,233000125,233000780,80,20221024-003648
0,0,경기76아4650,3,32,233000125,233000780,80,20221024-003703
0,0,경기76아4650,3,32,233000125,233000780,80,20221024-003718
0,0,경기76아4650,3,32,233000125,233000780,80,20221024-003733
0,0,경기76아4650,3,32,233000125,233000779,81,20221024-003748
0,0,경기76아4650,3,32,233000125,233000779,81,20221024-003803
0,0,경기76아4650,3,32,233000125,233000779,81,20221024-003818
0,0,경기76아4650,3,32,233000125,233000779,81,20221024-003833
0,0,경기76아4650,3,32,233000125,233000779,81,20221024-003850
0,0,경기76아4650,3,32,233000125,233000779,81,20221024-003903
0,0,경기76아4650,3,32,233000125,233000779,81,20221024-003918
0,0,경기76아4650,3,32,233000125,233000779,81,20221024-003933
0,0,경기76아4650,3,32,233000125,233000778,82,20221024-003948
0,0,경기76아4650,3,32,233000125,233000778,82,20221024-004004
0,0,경기76아4650,3,32,233000125,233000778,82,20221024-004018
0,0,경기76아4650,3,32,233000125,233000778,82,20221024-004033
0,0,경기76아4650,3,32,233000125,233000777,83,20221024-004048
0,0,경기76아4650,3,32,233000125,233000776,84,20221024-004103
0,0,경기76아4650,3,32,233000125,233000776,84,20221024-004118
0,0,경기76아4650,3,33,233000125,233000776,84,20221024-004133
0,0,경기76아4650,3,33,233000125,233000774,85,20221024-004148
0,0,경기76아4650,3,33,233000125,233000774,85,20221024-004203
0,0,경기76아4650,3,33,233000125,233000774,85,20221024-004218
0,0,경기76아4650,3,33,233000125,233000774,85,20221024-004233
0,0,경기76아4650,3,33,233000125,233000774,85,20221024-004248
0,0,경기76아4650,3,33,233000125,233000773,86,20221024-004303
0,0,경기76아4650,3,33,233000125,233003082,87,20221024-004318
0,0,경기76아4650,3,33,233000125,233003082,87,20221024-004333
0,0,경기76아4650,3,33,233000125,233003082,87,20221024-004348
0,0,경기76아4650,3,33,233000125,233003082,87,20221024-004403
0,0,경기76아4650,3,33,233000125,233003082,87,20221024-004418
0,0,경기76아4650,3,33,233000125,233003082,87,20221024-004433
0,0,경기76아4650,3,33,233000125,233000772,88,20221024-004448
0,0,경기76아4650,3,33,233000125,233000772,88,20221024-004503
0,0,경기76아4650,3,33,233000125,233000772,88,20221024-004518
0,0,경기76아4650,3,33,233000125,233000772,88,20221024-004533
0,0,경기76아4650,3,33,233000125,233000772,88,20221024-004548
0,0,경기76아4650,3,33,233000125,233000771,89,20221024-004603
0,0,경기76아4650,3,33,233000125,233000771,89,20221024-004618
0,0,경기76아4650,3,33,233000125,233000770,90,20221024-004633
0,0,경기76아4650,3,33,233000125,233000770,90,20221024-004648
0,0,경기76아4650,3,34,233000125,233000770,90,20221024-004703
0,0,경기76아4650,3,34,233000125,233000770,90,20221024-004718
0,0,경기76아4650,3,34,233000125,233000770,90,20221024-004733
0,0,경기76아4650,3,34,233000125,233000770,90,20221024-004748
0,0,경기76아4650,3,34,233000125,233000770,90,20221024-004803
0,0,경기76아4650,3,34,233000125,233000770,90,20221024-004818
0,0,경기76아4650,3,35,233000125,233000769,91,20221024-004833
0,0,경기76아4650,3,35,233000125,233000769,91,20221024-004848
0,0,경기76아4650,3,35,233000125,233000769,91,20221024-004903
0,0,경기76아4650,3,35,233000125,233000769,91,20221024-004918
0,0,경기76아4650,3,35,233000125,233000768,92,20221024-004933
0,0,경기76아4650,3,35,233000125,233000768,92,20221024-004948
0,0,경기76아4650,3,37,233000125,233000768,92,20221024-005003
0,0,경기76아4650,3,37,233000125,233000768,92,20221024-005018
0,0,경기76아4650,3,37,233000125,233001749,93,20221024-005033
0,0,경기76아4650,3,37,233000125,233001749,93,20221024-005048
0,0,경기76아4650,3,37,233000125,233002159,94,20221024-005104
0,0,경기76아4650,3,37,233000125,233002159,94,20221024-005118
0,0,경기76아4650,3,41,233000125,233002159,94,20221024-005133
0,0,경기76아4650,3,41,233000125,233002159,94,20221024-005148
0,0,경기76아4650,3,41,233000125,233002159,94,20221024-005203
0,0,경기76아4650,3,41,233000125,233002159,94,20221024-005218
0,0,경기76아4650,3,41,233000125,233002159,94,20221024-005233
0,0,경기76아4650,3,41,233000125,233002159,94,20221024-005248
0,0,경기76아4650,3,41,233000125,233002159,94,20221024-005303
0,0,경기76아4650,3,42,233000125,233002159,94,20221024-005318
0,0,경기76아4650,3,42,233000125,233001828,95,20221024-005333
0,0,경기76아4650,3,43,233000125,233001828,95,20221024-005348
0,0,경기76아4650,3,43,233000125,233001828,95,20221024-005403
0,0,경기76아4650,3,43,233000125,233001828,95,20221024-005418
0,0,경기76아4650,3,43,233000125,233001828,95,20221024-005433
0,0,경기76아4650,3,43,233000125,233001828,95,20221024-005448
0,0,경기76아4650,3,43,233000125,233001828,95,20221024-005503
0,0,경기76아4650,3,43,233000125,233001828,95,20221024-005518
0,0,경기76아4650,3,43,233000125,233001828,95,20221024-005533
0,0,경기76아4650,3,43,233000125,233001828,95,20221024-005548
0,0,경기76아4650,3,43,233000125,233001435,96,20221024-005603
0,0,경기76아4650,3,43,233000125,233001435,96,20221024-005618
0,0,경기76아4650,3,43,233000125,233000208,97,20221024-005633
0,0,경기76아4650,3,43,233000125,233001043,98,20221024-005648
0,0,경기76아4650,3,43,233000125,233001043,98,20221024-005704
0,0,경기76아4650,3,44,233000125,233001043,98,20221024-005719
0,0,경기76아4650,3,44,233000125,233001043,98,20221024-005734
0,0,경기76아4650,3,44,233000125,233001043,98,20221024-005749
0,0,경기76아4650,3,44,233000125,233001043,98,20221024-005804
0,0,경기76아4650,3,44,233000125,233002130,99,20221024-005819
0,0,경기76아4650,3,44,233000125,233002130,99,20221024-005834
0,0,경기76아4650,3,44,233000125,233002130,99,20221024-005849
0,0,경기76아4650,3,44,233000125,233002130,99,20221024-005904
0,0,경기76아4650,3,44,233000125,233002130,99,20221024-005919
0,0,경기76아4650,3,44,233000125,233001042,100,20221024-005934
0,0,경기76아4650,3,44,233000125,233001042,100,20221024-005949
0,0,경기76아4650,3,44,233000125,233002296,101,20221024-010003
0,0,경기76아4650,3,-1,233000125,233002296,101,20221024-010018
0,0,경기76아4650,3,44,233000125,233000207,102,20221024-010033
0,0,경기76아4650,3,44,233000125,233000207,102,20221024-010048
0,0,경기76아4650,3,44,233000125,233002216,103,20221024-010107
0,0,경기76아4650,3,44,233000125,233002216,103,20221024-010119
0,0,경기76아4650,3,44,233000125,233002216,103,20221024-010134
0,0,경기76아4650,3,44,233000125,233002223,104,20221024-010149
0,0,경기76아4650,3,44,233000125,233002223,104,20221024-010204
0,0,경기76아4650,3,44,233000125,233002223,104,20221024-010219
0,0,경기76아4650,3,44,233000125,233002223,104,20221024-010234
0,0,경기76아4650,3,44,233000125,233002214,105,20221024-010249
0,0,경기76아4650,3,44,233000125,233002214,105,20221024-010304
0,0,경기76아4650,3,44,233000125,233002214,105,20221024-010319
0,0,경기76아4650,3,44,233000125,233002214,105,20221024-010334
0,0,경기76아4650,3,44,233000125,233002214,105,20221024-010348
0,0,경기76아4650,3,44,233000125,233002214,105,20221024-010403
0,0,경기76아4650,3,44,233000125,233002214,105,20221024-010418
